,,Position (Deg.),,,Concentration (µg/m3),,,Wind,,Air Temperature (Deg. C.),,,Humidity (Percent),,,Barometer,Battery Voltage (volts),,,Air Flow (totalizer),,,Concentration by Hour,,,,,,,,,,,,,,,,,,,,,,,
Date,Station,Latitude,Longitude,Station Chart Link,Mean,Max,Min,Ave Vel. (m/s),V. Dir. (Deg),Mean,Max,Min,Mean,Max,Min,Baro. Pressure (mbars),Mean,Max,Min,Mean,Time of latest ob,Airfire QC Report Link,0:00,1:00,2:00,3:00,4:00,5:00,6:00,7:00,8:00,9:00,10:00,11:00,12:00,13:00,14:00,15:00,16:00,17:00,18:00,19:00,20:00,21:00,22:00,23:00
06/27/23,Smoke RMK 105 (Smoke #17),39.7144,-105.1239,https://wrcc.dri.edu/cgi-bin/rawMAIN4.pl?idsm17+27+06+23+M,4,6,2,1.5,338,27.8,36.2,18.8,35,62,11,819.6,14.5,14.5,14.4,2.00,24:00,https://tools.airfire.org/monitor-qc-report/v2/wrcc?unitID=sm17,4.00,4.00,3.00,3.00,3.00,3.00,4.00,3.00,3.00,3.00,3.00,3.00,4.00,6.00,4.00,4.00,4.00,4.00,3.00,2.00,3.00,4.00,5.00,4.00
06/27/23,Smoke RMK 109 (Smoke #84),39.7144,-105.124,https://wrcc.dri.edu/cgi-bin/rawMAIN4.pl?ids284+27+06+23+M,4,4,3,1.1,-9999,31.7,33.2,30.9,23,25,20,817.7,14.6,14.6,14.6,1.93,24:00,https://tools.airfire.org/monitor-qc-report/v2/wrcc?unitID=s284,-9999,-9999,-9999,-9999,-9999,-9999,-9999,-9999,-9999,-9999,-9999,-9999,-9999,-9999,-9999,-9999,-9999,-9999,-9999,-9999,-9999,3.00,4.00,4.00
06/27/23,Smoke RMK 111 (Smoke #455),39.7144,-105.1239,https://wrcc.dri.edu/cgi-bin/rawMAIN4.pl?ids455+27+06+23+M,3,5,3,1.3,-9999,23.0,28.4,17.3,43,57,28,820.8,14.5,14.5,14.5,2.00,16:00,https://tools.airfire.org/monitor-qc-report/v2/wrcc?unitID=s455,4.00,4.00,4.00,3.00,3.00,3.00,3.00,3.00,3.00,3.00,3.00,3.00,3.00,5.00,5.00,4.00,4.00,-9999,-9999,-9999,-9999,-9999,-9999,-9999
06/27/23,Smoke RMK 112 (Smoke #11),39.7143,-105.1239,https://wrcc.dri.edu/cgi-bin/rawMAIN4.pl?idsm11+27+06+23+M,0,3,0,0.9,-9999,23.6,31.7,17.5,43,58,26,823.5,14.1,14.2,14.0,2.00,15:00,https://tools.airfire.org/monitor-qc-report/v2/wrcc?unitID=sm11,12.00,3.00,2.00,0.00,0.00,0.00,0.00,0.00,0.00,0.00,0.00,0.00,0.00,0.00,0.00,0.00,-9999,-9999,-9999,-9999,-9999,-9999,-9999,-9999
06/27/23,Smoke RMK 118 (Smoke #23),37.4716,-108.5153,https://wrcc.dri.edu/cgi-bin/rawMAIN4.pl?idsm23+27+06+23+M,4,8,2,1.4,63,27.1,36.7,16.1,52,71,33,789.6,14.1,14.3,13.9,2.00,24:00,https://tools.airfire.org/monitor-qc-report/v2/wrcc?unitID=sm23,8.00,2.00,5.00,5.00,5.00,4.00,4.00,4.00,4.00,2.00,5.00,2.00,2.00,4.00,4.00,4.00,4.00,3.00,5.00,5.00,3.00,5.00,7.00,4.00
06/27/23,Smoke RMK 119 (Smoke #24),37.6517,-108.2946,https://wrcc.dri.edu/cgi-bin/rawMAIN4.pl?idsm24+27+06+23+M,3,15,0,0.9,33,27.1,40.2,16.0,44,74,10,769.0,14.2,14.4,14.0,2.00,24:00,https://tools.airfire.org/monitor-qc-report/v2/wrcc?unitID=sm24,21.00,8.00,1.00,0.00,1.00,0.00,0.00,0.00,0.00,0.00,0.00,0.00,0.00,0.00,0.00,0.00,0.00,0.00,0.00,2.00,6.00,9.00,12.00,15.00
06/27/23,Smoke RMK 122 (Smoke #69),40.7513,-105.4346,https://wrcc.dri.edu/cgi-bin/rawMAIN4.pl?idsm69+27+06+23+M,1,3,1,2.1,232,26.6,37.0,14.9,43,99,5,773.7,14.1,14.3,14.0,2.00,24:00,https://tools.airfire.org/monitor-qc-report/v2/wrcc?unitID=sm69,1.00,1.00,1.00,1.00,1.00,1.00,2.00,2.00,2.00,3.00,2.00,2.00,2.00,2.00,1.00,1.00,1.00,1.00,1.00,1.00,1.00,1.00,1.00,1.00
06/27/23,Smoke RMK 125 (Smoke #216),39.7144,-105.1239,https://wrcc.dri.edu/cgi-bin/rawMAIN4.pl?ids216+27+06+23+M,2,4,0,0.9,-9999,23.9,32.5,18.0,43,60,26,820.8,14.2,14.3,14.1,2.00,15:00,https://tools.airfire.org/monitor-qc-report/v2/wrcc?unitID=s216,2.00,2.00,1.00,2.00,2.00,2.00,2.00,1.00,2.00,0.00,1.00,2.00,2.00,4.00,3.00,3.00,-9999,-9999,-9999,-9999,-9999,-9999,-9999,-9999
06/27/23,Smoke RMK 400 (EBAM #487),39.7143,-105.1239,https://wrcc.dri.edu/cgi-bin/rawMAIN4.pl?ide487+27+06+23+M,37003,99999,3,1.4,-9999,30.6,32.0,29.5,33,35,30,-9999,11.7,11.8,11.7,11.92,24:00,https://tools.airfire.org/monitor-qc-report/v2/wrcc?unitID=e487,-9999,-9999,-9999,-9999,-9999,-9999,-9999,-9999,-9999,-9999,-9999,-9999,-9999,-9999,-9999,-9999,-9999,-9999,-9999,-9999,99999.00,85000.00,9.00,3.00
06/27/23,Smoke USFS R1-307,46.5839,-112.0422,https://wrcc.dri.edu/cgi-bin/rawMAIN4.pl?id1307+27+06+23+M,1,1,0,1.3,-9999,17.6,21.4,13.9,57,68,45,-9999,12.7,12.8,12.4,2.00,7:00,https://tools.airfire.org/monitor-qc-report/v4/wrcc?unitID=1307,2.00,1.00,0.00,1.00,1.00,1.00,1.00,1.00,-9999,-9999,-9999,-9999,-9999,-9999,-9999,-9999,-9999,-9999,-9999,-9999,-9999,-9999,-9999,-9999
