,,Position (Deg.),,,Concentration (µg/m3),,,Wind,,Air Temperature (Deg. C.),,,Humidity (Percent),,,Barometer,Battery Voltage (volts),,,Air Flow (totalizer),,,Concentration by Hour,,,,,,,,,,,,,,,,,,,,,,,
Date,Station,Latitude,Longitude,Station Chart Link,Mean,Max,Min,Ave Vel. (m/s),V. Dir. (Deg),Mean,Max,Min,Mean,Max,Min,Baro. Pressure (mbars),Mean,Max,Min,Mean,Time of latest ob,Airfire QC Report Link,0:00,1:00,2:00,3:00,4:00,5:00,6:00,7:00,8:00,9:00,10:00,11:00,12:00,13:00,14:00,15:00,16:00,17:00,18:00,19:00,20:00,21:00,22:00,23:00
06/01/23,Smoke RMK 104 (Smoke #15),37.2272,-107.601,https://wrcc.dri.edu/cgi-bin/rawMAIN4.pl?idsm15+01+06+23+M,2,3,1,0.8,307,14.1,22.4,6.9,62,89,28,785.9,14.5,14.6,14.5,2.00,24:00,https://tools.airfire.org/monitor-qc-report/v2/wrcc?unitID=sm15,3.00,2.00,2.00,2.00,2.00,3.00,3.00,2.00,2.00,2.00,1.00,1.00,1.00,1.00,1.00,1.00,2.00,2.00,2.00,2.00,3.00,2.00,2.00,2.00
06/01/23,Smoke RMK 106 (Smoke #66),37.0241,-107.4144,https://wrcc.dri.edu/cgi-bin/rawMAIN4.pl?idsm66+01+06+23+M,1,3,1,2.4,152,15.2,23.5,8.4,61,85,22,806.9,14.5,14.5,14.4,2.00,24:00,https://tools.airfire.org/monitor-qc-report/v2/wrcc?unitID=sm66,1.00,2.00,1.00,1.00,1.00,2.00,2.00,2.00,1.00,1.00,1.00,1.00,1.00,1.00,1.00,1.00,1.00,2.00,2.00,2.00,3.00,2.00,2.00,1.00
06/01/23,Smoke RMK 109 (Smoke #84),37.228,-107.3412,https://wrcc.dri.edu/cgi-bin/rawMAIN4.pl?ids284+01+06+23+M,2,2,1,0.9,244,12.7,21.5,5.7,67,93,30,796.4,14.5,14.6,14.5,2.00,24:00,https://tools.airfire.org/monitor-qc-report/v2/wrcc?unitID=s284,2.00,2.00,2.00,2.00,2.00,2.00,2.00,2.00,1.00,1.00,1.00,1.00,1.00,1.00,1.00,1.00,1.00,1.00,2.00,2.00,2.00,2.00,2.00,2.00
06/01/23,Smoke RMK 117 (Smoke #22),39.7144,-105.1239,https://wrcc.dri.edu/cgi-bin/rawMAIN4.pl?idsm22+01+06+23+M,9,22,0,1.3,-9999,18.7,27.4,13.3,58,81,32,822.3,14.4,14.4,14.2,2.00,24:00,https://tools.airfire.org/monitor-qc-report/v2/wrcc?unitID=sm22,0.00,0.00,0.00,1.00,8.00,14.00,12.00,14.00,14.00,14.00,15.00,19.00,22.00,20.00,21.00,17.00,11.00,-9999,3.00,1.00,0.00,0.00,4.00,1.00
06/01/23,Smoke RMK 118 (Smoke #23),37.4716,-108.5153,https://wrcc.dri.edu/cgi-bin/rawMAIN4.pl?idsm23+01+06+23+M,4,7,2,1.1,55,17.6,29.3,11.5,83,100,43,785.6,14.3,14.4,14.0,2.00,24:00,https://tools.airfire.org/monitor-qc-report/v2/wrcc?unitID=sm23,6.00,4.00,3.00,3.00,5.00,4.00,4.00,2.00,4.00,4.00,5.00,4.00,4.00,3.00,7.00,3.00,4.00,5.00,5.00,4.00,3.00,4.00,4.00,6.00
06/01/23,Smoke RMK 119 (Smoke #24),37.6517,-108.2946,https://wrcc.dri.edu/cgi-bin/rawMAIN4.pl?idsm24+01+06+23+M,0,0,0,0.9,63,16.1,26.8,11.4,76,91,30,765.1,14.4,14.4,14.2,2.00,24:00,https://tools.airfire.org/monitor-qc-report/v2/wrcc?unitID=sm24,0.00,0.00,0.00,0.00,0.00,0.00,0.00,0.00,0.00,0.00,0.00,0.00,0.00,0.00,0.00,0.00,0.00,0.00,0.00,0.00,0.00,0.00,0.00,0.00
06/01/23,Smoke RMK 122 (Smoke #69),40.7514,-105.4346,https://wrcc.dri.edu/cgi-bin/rawMAIN4.pl?idsm69+01+06+23+M,1,2,1,1.1,169,19.4,25.7,14.2,77,99,47,772.0,14.2,14.3,14.1,2.00,24:00,https://tools.airfire.org/monitor-qc-report/v2/wrcc?unitID=sm69,2.00,1.00,1.00,1.00,1.00,1.00,2.00,2.00,2.00,1.00,2.00,1.00,2.00,2.00,1.00,1.00,1.00,1.00,1.00,1.00,1.00,1.00,1.00,1.00
06/01/23,Smoke RMK 126 (Smoke #217),40.7888,-105.2513,https://wrcc.dri.edu/cgi-bin/rawMAIN4.pl?ids217+01+06+23+M,1,4,0,1.1,28,19.2,26.8,11.7,66,93,34,819.2,14.2,14.3,14.1,1.78,24:00,https://tools.airfire.org/monitor-qc-report/v2/wrcc?unitID=s217,2.00,1.00,0.00,1.00,2.00,2.00,2.00,2.00,2.00,2.00,2.00,2.00,3.00,2.00,2.00,1.00,1.00,1.00,1.00,0.00,0.00,4.00,1.00,0.00
06/01/23,Smoke RMK 127 (Smoke #454),39.7144,-105.1239,https://wrcc.dri.edu/cgi-bin/rawMAIN4.pl?ids454+01+06+23+M,2,6,0,1.2,359,18.2,26.6,12.9,63,88,33,822.5,14.2,14.3,14.1,2.00,24:00,https://tools.airfire.org/monitor-qc-report/v2/wrcc?unitID=s454,1.00,1.00,1.00,0.00,1.00,1.00,1.00,1.00,1.00,1.00,1.00,2.00,3.00,3.00,3.00,3.00,4.00,4.00,5.00,6.00,6.00,3.00,4.00,1.00
06/01/23,Smoke USFS R1-307,46.5841,-112.042,https://wrcc.dri.edu/cgi-bin/rawMAIN4.pl?id1307+01+06+23+M,2,5,1,0.8,346,17.6,22.5,13.1,63,81,42,-9999,14.1,14.2,14.0,2.00,24:00,https://tools.airfire.org/monitor-qc-report/v4/wrcc?unitID=1307,2.00,1.00,1.00,1.00,2.00,2.00,2.00,2.00,1.00,1.00,1.00,1.00,1.00,1.00,2.00,3.00,2.00,2.00,3.00,2.00,3.00,3.00,4.00,5.00
