,,Position (Deg.),,,Concentration (µg/m3),,,Wind,,Air Temperature (Deg. C.),,,Humidity (Percent),,,Barometer,Battery Voltage (volts),,,Air Flow (totalizer),,,Concentration by Hour,,,,,,,,,,,,,,,,,,,,,,,
Date,Station,Latitude,Longitude,Station Chart Link,Mean,Max,Min,Ave Vel. (m/s),V. Dir. (Deg),Mean,Max,Min,Mean,Max,Min,Baro. Pressure (mbars),Mean,Max,Min,Mean,Time of latest ob,Airfire QC Report Link,0:00,1:00,2:00,3:00,4:00,5:00,6:00,7:00,8:00,9:00,10:00,11:00,12:00,13:00,14:00,15:00,16:00,17:00,18:00,19:00,20:00,21:00,22:00,23:00
02/20/20,Smoke RMK 105 (Smoke #17),39.4065,-105.4825,https://wrcc.dri.edu/cgi-bin/rawMAIN4.pl?idsm17+20+02+20+M,2,4,0,0.9,223,-7.9,9.9,-23.9,53,71,12,769.2,14.4,14.4,14.4,2.00,24:00,https://tools.airfire.org/monitor-qc-report/v2/wrcc?unitID=sm17,2.00,1.00,1.00,1.00,1.00,2.00,2.00,2.00,3.00,3.00,3.00,3.00,3.00,3.00,3.00,2.00,4.00,0.00,0.00,0.00,0.00,0.00,0.00,0.00
02/20/20,Smoke RMK 107 (Smoke #67),39.389,-105.2734,https://wrcc.dri.edu/cgi-bin/rawMAIN4.pl?idsm67+20+02+20+M,7,15,1,0.5,203,-5.9,13.9,-22.7,63,85,19,800.7,14.4,14.4,14.2,2.00,24:00,https://tools.airfire.org/monitor-qc-report/v2/wrcc?unitID=sm67,4.00,5.00,6.00,6.00,10.00,9.00,5.00,6.00,15.00,13.00,10.00,8.00,7.00,7.00,6.00,7.00,15.00,7.00,8.00,6.00,4.00,3.00,2.00,1.00
02/20/20,Smoke RMK 111 (Smoke #455),37.7393,-109.4016,https://wrcc.dri.edu/cgi-bin/rawMAIN4.pl?ids455+20+02+20+M,1,2,0,2.2,10,-2.2,5.4,-7.9,36,50,22,784.5,14.3,14.4,13.9,2.00,24:00,https://tools.airfire.org/monitor-qc-report/v2/wrcc?unitID=s455,0.00,0.00,1.00,1.00,1.00,1.00,1.00,1.00,1.00,1.00,2.00,2.00,1.00,1.00,1.00,1.00,1.00,1.00,1.00,1.00,0.00,1.00,1.00,1.00
02/20/20,Smoke RMK 113 (Smoke #16),39.7143,-105.1239,https://wrcc.dri.edu/cgi-bin/rawMAIN4.pl?idsm16+20+02+20+M,1,11,0,1.0,61,-5.4,8.2,-14.4,69,92,26,837.1,14.4,14.4,14.4,2.00,24:00,https://tools.airfire.org/monitor-qc-report/v2/wrcc?unitID=sm16,0.00,0.00,0.00,0.00,0.00,0.00,0.00,0.00,0.00,0.00,0.00,0.00,0.00,0.00,0.00,0.00,0.00,0.00,0.00,0.00,0.00,0.00,6.00,11.00
02/20/20,Smoke RMK 114 (Smoke #19),37.4696,-88.1584,https://wrcc.dri.edu/cgi-bin/rawMAIN4.pl?idsm19+20+02+20+M,5,10,1,1.2,15,4.2,7.1,1.5,57,68,47,-9999,14.4,14.4,14.4,2.00,24:00,https://tools.airfire.org/monitor-qc-report/v2/wrcc?unitID=sm19,3.00,2.00,1.00,4.00,6.00,6.00,5.00,6.00,7.00,7.00,6.00,6.00,8.00,10.00,6.00,4.00,5.00,6.00,6.00,6.00,6.00,5.00,4.00,3.00
02/20/20,Smoke RMK 115 (Smoke #20),39.5949,-106.0068,https://wrcc.dri.edu/cgi-bin/rawMAIN4.pl?idsm20+20+02+20+M,5,17,0,0.9,205,-11.3,8.3,-27.0,63,80,21,729.5,14.4,14.4,14.4,2.00,24:00,https://tools.airfire.org/monitor-qc-report/v2/wrcc?unitID=sm20,0.00,0.00,0.00,0.00,0.00,1.00,4.00,7.00,14.00,16.00,9.00,10.00,9.00,9.00,14.00,17.00,13.00,4.00,3.00,1.00,0.00,0.00,0.00,0.00
02/20/20,Smoke RMK 124 (Smoke #210),39.7143,-105.124,https://wrcc.dri.edu/cgi-bin/rawMAIN4.pl?ids210+20+02+20+M,5,7,1,0.3,-9999,3.2,4.7,1.6,1,-9999,-9999,835.9,14.4,14.4,14.4,1.80,24:00,https://tools.airfire.org/monitor-qc-report/v2/wrcc?unitID=s210,-9999,-9999,-9999,-9999,-9999,-9999,-9999,-9999,-9999,-9999,-9999,-9999,-9999,-9999,-9999,-9999,-9999,-9999,2.00,7.00,7.00,7.00,6.00,1.00
02/20/20,Smoke RMK 128 (Smoke #457),37.7092,-109.3921,https://wrcc.dri.edu/cgi-bin/rawMAIN4.pl?ids457+20+02+20+M,1,1,0,3.6,37,-0.3,5.4,-5.2,36,49,23,794.6,14.4,14.4,14.3,2.00,24:00,https://tools.airfire.org/monitor-qc-report/v2/wrcc?unitID=s457,0.00,0.00,1.00,1.00,1.00,0.00,0.00,0.00,0.00,1.00,1.00,1.00,1.00,1.00,1.00,0.00,1.00,0.00,0.00,1.00,1.00,1.00,0.00,0.00
02/20/20,Smoke USFS R2-69,38.9792,-105.353,https://wrcc.dri.edu/cgi-bin/rawMAIN4.pl?ids269+20+02+20+M,12,26,0,0.3,1,-7.8,8.7,-21.9,0,1,0,760.4,14.4,14.4,14.4,2.00,24:00,https://tools.airfire.org/monitor-qc-report/v4/wrcc?unitID=s269,13.00,19.00,17.00,20.00,13.00,14.00,15.00,26.00,15.00,9.00,19.00,23.00,18.00,16.00,10.00,9.00,11.00,11.00,6.00,6.00,5.00,3.00,1.00,0.00
02/20/20,Smoke RMK 409 (EBAM #592),40.7768,-111.9459,https://wrcc.dri.edu/cgi-bin/rawMAIN4.pl?ide592+20+02+20+M,6,12,-1,1.2,273,-2.9,3.5,-8.4,39,56,22,-9999,14.2,14.2,14.2,16.68,24:00,https://tools.airfire.org/monitor-qc-report/v2/wrcc?unitID=e592,5.00,7.00,7.00,1.00,7.00,1.00,-1.00,7.00,2.00,7.00,4.00,8.00,7.00,0.00,7.00,11.00,2.00,11.00,8.00,12.00,3.00,9.00,7.00,8.00
02/20/20,Smoke QD Test,39.389,-105.2734,https://wrcc.dri.edu/cgi-bin/rawMAIN4.pl?idsqdt+20+02+20+M,0,1,0,0.6,176,-9999,-9999,-9999,-9999,-9999,-9999,817.1,13.0,14.0,12.4,-9999,-9999,-9999,0.00,0.00,0.00,0.00,0.00,0.00,0.00,0.00,0.00,0.00,0.00,0.00,0.00,1.00,0.00,0.00,0.00,0.00,0.00,0.00,0.00,0.00,0.00,0.00
02/20/20,Smoke BLM NV-WID #1 PM2.5,40.6594,-119.3693,https://wrcc.dri.edu/cgi-bin/rawMAIN4.pl?idsnv1+20+02+20+M,2,22,-5,4.6,29,0.0,6.6,-4.6,0,-9999,-9999,-9999,14.4,14.4,14.4,16.70,24:00,https://tools.airfire.org/monitor-qc-report/v4/wrcc?unitID=snv1,19.00,-5.00,12.00,9.00,-5.00,-5.00,0.00,6.00,-3.00,-5.00,-5.00,22.00,3.00,-2.00,-5.00,-5.00,8.00,20.00,-5.00,-4.00,-5.00,12.00,10.00,-1.00
02/20/20,Smoke BLM NV-WID #2 PM10,40.6594,-119.3693,https://wrcc.dri.edu/cgi-bin/rawMAIN4.pl?idsnv2+20+02+20+M,7,27,-5,4.6,19,-0.1,6.4,-4.7,0,-9999,-9999,-9999,14.4,14.4,14.4,16.70,24:00,https://tools.airfire.org/monitor-qc-report/v4/wrcc?unitID=snv2,-5.00,19.00,21.00,4.00,16.00,19.00,0.00,3.00,23.00,-5.00,7.00,2.00,-5.00,-2.00,26.00,3.00,-5.00,-5.00,-2.00,-5.00,26.00,27.00,-5.00,-5.00
