,,Position (Deg.),,,Concentration (µg/m3),,,Wind,,Air Temperature (Deg. C.),,,Humidity (Percent),,,Barometer,Battery Voltage (volts),,,Air Flow (totalizer),,,Concentration by Hour,,,,,,,,,,,,,,,,,,,,,,,
Date,Station,Latitude,Longitude,Station Chart Link,Mean,Max,Min,Ave Vel. (m/s),V. Dir. (Deg),Mean,Max,Min,Mean,Max,Min,Baro. Pressure (mbars),Mean,Max,Min,Mean,Time of latest ob,Airfire QC Report Link,0:00,1:00,2:00,3:00,4:00,5:00,6:00,7:00,8:00,9:00,10:00,11:00,12:00,13:00,14:00,15:00,16:00,17:00,18:00,19:00,20:00,21:00,22:00,23:00
08/29/20,Smoke RMK 106 (Smoke #66),39.7143,-105.124,https://wrcc.dri.edu/cgi-bin/rawMAIN4.pl?idsm66+29+08+20+M,7,17,0,1.2,187,20.8,27.8,15.4,55,85,2,894.3,14.4,14.4,14.4,2.00,24:00,https://tools.airfire.org/monitor-qc-report/v2/wrcc?unitID=sm66,32.00,8.00,8.00,10.00,10.00,8.00,9.00,10.00,12.00,14.00,15.00,16.00,17.00,17.00,10.00,1.00,4.00,3.00,1.00,0.00,0.00,0.00,2.00,0.00
08/29/20,Smoke RMK 108 (Smoke #456),39.6519,-106.8286,https://wrcc.dri.edu/cgi-bin/rawMAIN4.pl?ids456+29+08+20+M,5,10,1,0.9,158,10.4,22.2,4.8,72,91,43,800.0,14.2,14.3,14.0,2.00,24:00,https://tools.airfire.org/monitor-qc-report/v2/wrcc?unitID=s456,3.00,2.00,1.00,1.00,1.00,3.00,5.00,7.00,9.00,8.00,7.00,6.00,6.00,5.00,6.00,5.00,8.00,9.00,10.00,8.00,7.00,7.00,1.00,1.00
08/29/20,Smoke RMK 109 (Smoke #84),39.7144,-105.1239,https://wrcc.dri.edu/cgi-bin/rawMAIN4.pl?ids284+29+08+20+M,6,12,1,1.2,180,21.6,29.0,16.4,65,84,34,826.6,14.2,14.3,14.1,2.00,24:00,https://tools.airfire.org/monitor-qc-report/v2/wrcc?unitID=s284,0.00,6.00,7.00,7.00,9.00,4.00,4.00,3.00,4.00,4.00,3.00,1.00,1.00,1.00,2.00,3.00,6.00,11.00,12.00,10.00,9.00,7.00,5.00,6.00
08/29/20,Smoke RMK 110 (Smoke #215),39.7144,-105.124,https://wrcc.dri.edu/cgi-bin/rawMAIN4.pl?ids215+29+08+20+M,2,6,0,1.0,-9999,17.8,21.4,14.9,76,86,55,829.9,14.2,14.3,14.2,2.00,16:00,https://tools.airfire.org/monitor-qc-report/v2/wrcc?unitID=s215,0.00,0.00,3.00,4.00,6.00,1.00,1.00,1.00,3.00,3.00,2.00,0.00,0.00,0.00,0.00,1.00,3.00,-9999,-9999,-9999,-9999,-9999,-9999,-9999
08/29/20,Smoke RMK 111 (Smoke #455),39.7143,-105.124,https://wrcc.dri.edu/cgi-bin/rawMAIN4.pl?ids455+29+08+20+M,10,10,10,1.4,-9999,18.2,-9999,-9999,76,-9999,-9999,827.9,12.4,12.4,12.4,2.00,1:00,https://tools.airfire.org/monitor-qc-report/v2/wrcc?unitID=s455,11.00,10.00,-9999,-9999,-9999,-9999,-9999,-9999,-9999,-9999,-9999,-9999,-9999,-9999,-9999,-9999,-9999,-9999,-9999,-9999,-9999,-9999,-9999,-9999
08/29/20,Smoke RMK 112 (Smoke #11),39.1628,-108.7301,https://wrcc.dri.edu/cgi-bin/rawMAIN4.pl?idsm11+29+08+20+M,26,29,18,2.0,-9999,27.5,34.8,24.4,39,48,26,856.1,14.1,14.1,14.0,2.00,14:00,https://tools.airfire.org/monitor-qc-report/v2/wrcc?unitID=sm11,13.00,18.00,22.00,25.00,26.00,26.00,26.00,27.00,25.00,27.00,27.00,24.00,28.00,29.00,28.00,-9999,-9999,-9999,-9999,-9999,-9999,-9999,-9999,-9999
08/29/20,Smoke RMK 114 (Smoke #19),40.5114,-106.0106,https://wrcc.dri.edu/cgi-bin/rawMAIN4.pl?idsm19+29+08+20+M,0,4,0,1.8,127,9.9,20.1,4.3,72,89,40,-9999,14.3,14.4,14.1,2.00,24:00,https://tools.airfire.org/monitor-qc-report/v2/wrcc?unitID=sm19,14.00,4.00,0.00,0.00,0.00,0.00,0.00,0.00,0.00,0.00,0.00,0.00,0.00,0.00,0.00,0.00,0.00,0.00,0.00,0.00,1.00,1.00,1.00,1.00
08/29/20,Smoke RMK 119 (Smoke #24),39.325,-108.2034,https://wrcc.dri.edu/cgi-bin/rawMAIN4.pl?idsm24+29+08+20+M,2,8,0,1.6,-9999,21.0,28.5,17.6,44,60,25,847.5,14.1,14.2,14.0,2.00,19:00,https://tools.airfire.org/monitor-qc-report/v2/wrcc?unitID=sm24,0.00,0.00,8.00,6.00,5.00,3.00,2.00,2.00,1.00,1.00,1.00,1.00,1.00,1.00,1.00,1.00,1.00,1.00,1.00,2.00,-9999,-9999,-9999,-9999
08/29/20,Smoke RMK 123 (Smoke #209),40.0543,-106.3696,https://wrcc.dri.edu/cgi-bin/rawMAIN4.pl?ids209+29+08+20+M,8,16,4,1.4,150,10.2,20.4,4.2,78,96,40,778.2,12.8,14.3,10.6,1.98,24:00,https://tools.airfire.org/monitor-qc-report/v2/wrcc?unitID=s209,4.00,4.00,4.00,4.00,5.00,4.00,4.00,8.00,7.00,7.00,8.00,9.00,9.00,9.00,10.00,8.00,10.00,10.00,13.00,16.00,16.00,13.00,5.00,4.00
08/29/20,Smoke RMK 124 (Smoke #210),40.7324,-106.2804,https://wrcc.dri.edu/cgi-bin/rawMAIN4.pl?ids210+29+08+20+M,5,9,3,0.9,145,13.3,23.2,6.7,68,93,33,758.0,14.3,14.4,14.2,2.00,24:00,https://tools.airfire.org/monitor-qc-report/v2/wrcc?unitID=s210,6.00,5.00,8.00,9.00,4.00,4.00,3.00,4.00,4.00,5.00,5.00,5.00,6.00,6.00,7.00,6.00,6.00,6.00,6.00,6.00,5.00,4.00,4.00,4.00
08/29/20,Smoke RMK 125 (Smoke #216),39.7143,-105.1239,https://wrcc.dri.edu/cgi-bin/rawMAIN4.pl?ids216+29+08+20+M,2,3,1,1.9,-9999,26.1,28.0,23.2,38,47,32,822.7,13.4,13.4,13.3,2.00,24:00,https://tools.airfire.org/monitor-qc-report/v2/wrcc?unitID=s216,-9999,-9999,-9999,-9999,-9999,-9999,-9999,-9999,-9999,-9999,-9999,-9999,-9999,-9999,-9999,-9999,-9999,-9999,-9999,-9999,-9999,-9999,3.00,1.00
08/29/20,Smoke RMK 127 (Smoke #454),35.5365,-108.7272,https://wrcc.dri.edu/cgi-bin/rawMAIN4.pl?ids454+29+08+20+M,6,8,3,1.1,73,20.2,32.3,12.2,64,94,20,800.1,14.1,14.2,14.0,2.00,24:00,https://tools.airfire.org/monitor-qc-report/v2/wrcc?unitID=s454,4.00,3.00,4.00,7.00,7.00,6.00,6.00,5.00,6.00,7.00,7.00,7.00,7.00,7.00,7.00,8.00,8.00,7.00,6.00,5.00,5.00,5.00,5.00,5.00
08/29/20,Smoke RMK 128 (Smoke #457),-21.0161,-160.1583,https://wrcc.dri.edu/cgi-bin/rawMAIN4.pl?ids457+29+08+20+M,5,7,3,2.0,-9999,16.9,24.1,13.7,69,96,42,824.8,14.2,14.2,14.1,2.00,19:00,https://tools.airfire.org/monitor-qc-report/v2/wrcc?unitID=s457,3.00,3.00,3.00,3.00,4.00,4.00,4.00,5.00,4.00,5.00,5.00,5.00,5.00,6.00,6.00,6.00,6.00,7.00,7.00,7.00,-9999,-9999,-9999,-9999
08/29/20,Smoke RMK 129 (USFS R2-922),39.935,-105.7932,https://wrcc.dri.edu/cgi-bin/rawMAIN4.pl?id2922+29+08+20+M,6,12,4,0.8,124,8.0,20.0,2.9,83,95,45,742.4,14.3,14.4,14.1,2.00,24:00,https://tools.airfire.org/monitor-qc-report/v2/wrcc?unitID=2922,5.00,4.00,5.00,5.00,5.00,5.00,5.00,5.00,5.00,5.00,6.00,6.00,6.00,6.00,6.00,7.00,6.00,6.00,6.00,7.00,6.00,5.00,8.00,11.00
08/29/20,Smoke RMK 130 (USFS R2-923),39.7143,-105.124,https://wrcc.dri.edu/cgi-bin/rawMAIN4.pl?id2923+29+08+20+M,3,4,1,2.6,-9999,26.2,28.7,24.2,37,48,29,827.0,14.1,14.2,13.8,1.94,24:00,https://tools.airfire.org/monitor-qc-report/v2/wrcc?unitID=2923,-9999,-9999,-9999,-9999,-9999,-9999,-9999,-9999,-9999,-9999,-9999,-9999,-9999,-9999,-9999,-9999,-9999,-9999,-9999,-9999,3.00,4.00,3.00,2.00
08/29/20,Smoke USFS R3-28,35.6715,-105.9557,https://wrcc.dri.edu/cgi-bin/rawMAIN4.pl?ids328+29+08+20+M,7,23,-5,1.5,50,23.1,30.9,15.9,0,-9999,-9999,-9999,14.2,14.2,14.1,16.69,24:00,https://tools.airfire.org/monitor-qc-report/v4/wrcc?unitID=s328,13.00,1.00,1.00,3.00,4.00,16.00,14.00,17.00,4.00,5.00,0.00,16.00,-5.00,-1.00,6.00,23.00,18.00,4.00,2.00,2.00,3.00,2.00,7.00,-2.00
08/29/20,Smoke NPS Yosemite 01,37.8771,-119.3428,https://wrcc.dri.edu/cgi-bin/rawMAIN4.pl?idsmy1+29+08+20+M,14,23,5,0.7,124,13.4,25.5,2.9,51,78,7,-9999,14.4,14.4,14.4,16.63,24:00,https://tools.airfire.org/monitor-qc-report/v4/wrcc?unitID=smy1,20.00,22.00,19.00,16.00,21.00,15.00,16.00,14.00,19.00,12.00,11.00,15.00,14.00,5.00,15.00,10.00,6.00,8.00,10.00,23.00,11.00,18.00,5.00,10.00
08/29/20,Smoke RMK 408 (EBAM #418),39.4108,-107.2275,https://wrcc.dri.edu/cgi-bin/rawMAIN4.pl?ide418+29+08+20+M,8,26,-5,1.0,-9999,10.2,18.5,7.3,72,81,43,-9999,13.9,14.0,13.6,16.68,19:00,https://tools.airfire.org/monitor-qc-report/v2/wrcc?unitID=e418,6.00,9.00,6.00,8.00,8.00,13.00,-5.00,19.00,9.00,1.00,17.00,3.00,-5.00,8.00,16.00,1.00,-5.00,5.00,26.00,11.00,-9999,-9999,-9999,-9999
08/29/20,Smoke RMK 411 (EBAM #794),39.646,-106.3903,https://wrcc.dri.edu/cgi-bin/rawMAIN4.pl?ide794+29+08+20+M,5,18,-5,0.4,-9999,8.3,15.5,5.2,84,92,48,-9999,14.4,14.4,14.3,16.70,23:00,https://tools.airfire.org/monitor-qc-report/v2/wrcc?unitID=e794,8.00,18.00,1.00,9.00,4.00,2.00,4.00,-2.00,14.00,2.00,1.00,6.00,0.00,15.00,5.00,3.00,-5.00,13.00,-1.00,10.00,13.00,9.00,-5.00,-1.00
08/29/20,Smoke USFS R2-264,40.3613,-105.5636,https://wrcc.dri.edu/cgi-bin/rawMAIN4.pl?id2264+29+08+20+M,4,8,3,1.0,276,15.0,24.6,8.4,71,94,31,767.0,14.2,14.3,14.1,2.00,24:00,https://tools.airfire.org/monitor-qc-report/v4/wrcc?unitID=2264,8.00,8.00,7.00,7.00,7.00,6.00,5.00,4.00,4.00,3.00,3.00,3.00,3.00,4.00,4.00,4.00,4.00,4.00,4.00,4.00,3.00,4.00,3.00,3.00
08/29/20,Smoke USFS R2-265,40.8024,-105.5894,https://wrcc.dri.edu/cgi-bin/rawMAIN4.pl?id2265+29+08+20+M,4,9,0,1.0,243,14.5,22.2,8.8,63,84,35,752.0,14.2,14.3,14.1,2.00,24:00,https://tools.airfire.org/monitor-qc-report/v4/wrcc?unitID=2265,13.00,2.00,4.00,3.00,3.00,4.00,3.00,3.00,3.00,3.00,2.00,3.00,3.00,4.00,8.00,8.00,9.00,9.00,9.00,1.00,0.00,5.00,5.00,3.00
08/29/20,Smoke QD Test,39.389,-105.2734,https://wrcc.dri.edu/cgi-bin/rawMAIN4.pl?idsqdt+29+08+20+M,0,1,0,0.7,184,-9999,-9999,-9999,-9999,-9999,-9999,810.8,13.0,13.9,12.6,-9999,-9999,-9999,0.00,0.00,0.00,0.00,0.00,0.00,0.00,0.00,0.00,0.00,0.00,0.00,0.00,0.00,0.00,0.00,0.00,0.00,0.00,1.00,0.00,0.00,0.00,0.00
08/29/20,AQB Smoke EBAM T-1,36.039,-106.06,https://wrcc.dri.edu/cgi-bin/rawMAIN4.pl?ideat1+29+08+20+M,6,33,-5,1.9,312,22.2,34.1,16.5,0,-9999,-9999,-9999,14.3,14.3,14.1,16.70,24:00,https://tools.airfire.org/monitor-qc-report/v4/wrcc?unitID=eat1,7.00,5.00,2.00,8.00,6.00,33.00,-4.00,0.00,5.00,3.00,5.00,10.00,5.00,12.00,2.00,-3.00,4.00,12.00,11.00,4.00,20.00,6.00,7.00,7.00
08/29/20,AQB Smoke EBAM T-2,35.8253,-105.9078,https://wrcc.dri.edu/cgi-bin/rawMAIN4.pl?ideat2+29+08+20+M,25,101,-5,1.9,70,18.1,29.6,11.7,0,1,0,-9999,13.9,14.0,13.7,16.70,24:00,https://tools.airfire.org/monitor-qc-report/v4/wrcc?unitID=eat2,-1.00,7.00,12.00,12.00,12.00,45.00,45.00,29.00,26.00,17.00,12.00,38.00,27.00,73.00,101.00,73.00,32.00,1.00,-5.00,-5.00,-5.00,24.00,-5.00,13.00
