,,Position (Deg.),,,Concentration (µg/m3),,,Wind,,Air Temperature (Deg. C.),,,Humidity (Percent),,,Barometer,Battery Voltage (volts),,,Air Flow (totalizer),,,Concentration by Hour,,,,,,,,,,,,,,,,,,,,,,,
Date,Station,Latitude,Longitude,Station Chart Link,Mean,Max,Min,Ave Vel. (m/s),V. Dir. (Deg),Mean,Max,Min,Mean,Max,Min,Baro. Pressure (mbars),Mean,Max,Min,Mean,Time of latest ob,Airfire QC Report Link,0:00,1:00,2:00,3:00,4:00,5:00,6:00,7:00,8:00,9:00,10:00,11:00,12:00,13:00,14:00,15:00,16:00,17:00,18:00,19:00,20:00,21:00,22:00,23:00
02/28/17,Smoke #13,39.6465,-106.3888,https://wrcc.dri.edu/cgi-bin/rawMAIN4.pl?idsm13+28+02+17+M,0,1,0,1.6,281,70.0,71.9,66.3,76,88,43,736.8,13.4,14.4,12.5,2.00,24:00,https://tools.airfire.org/monitor-qc-report/v4/wrcc?unitID=sm13,0.00,0.00,0.00,0.00,0.00,0.00,0.00,0.00,0.00,0.00,0.00,0.00,0.00,0.00,0.00,0.00,0.00,0.00,0.00,0.00,0.00,1.00,1.00,0.00
02/28/17,Smoke RMK 105 (Smoke #17),39.378,-105.0937,https://wrcc.dri.edu/cgi-bin/rawMAIN4.pl?idsm17+28+02+17+M,0,1,0,0.9,293,-0.5,4.7,-4.4,60,82,27,756.2,14.4,14.4,14.4,2.00,24:00,https://tools.airfire.org/monitor-qc-report/v2/wrcc?unitID=sm17,0.00,0.00,0.00,0.00,0.00,0.00,0.00,0.00,0.00,0.00,0.00,0.00,0.00,0.00,0.00,0.00,0.00,0.00,0.00,0.00,0.00,0.00,0.00,0.00
02/28/17,Smoke RMK 117 (Smoke #22),39.389,-105.2734,https://wrcc.dri.edu/cgi-bin/rawMAIN4.pl?idsm22+28+02+17+M,1,5,0,1.0,178,1.6,9.2,-2.3,60,82,22,782.9,14.4,14.4,14.3,2.00,24:00,https://tools.airfire.org/monitor-qc-report/v2/wrcc?unitID=sm22,0.00,0.00,0.00,0.00,0.00,0.00,1.00,2.00,5.00,4.00,2.00,2.00,1.00,0.00,0.00,3.00,1.00,0.00,0.00,0.00,0.00,0.00,1.00,0.00
02/28/17,Smoke RMK 121 (Smoke #68),37.0557,-88.1198,https://wrcc.dri.edu/cgi-bin/rawMAIN4.pl?idsm68+28+02+17+M,2,8,0,1.8,160,12.6,17.1,9.7,84,93,61,995.5,14.4,14.4,14.3,2.00,24:00,https://tools.airfire.org/monitor-qc-report/v2/wrcc?unitID=sm68,1.00,1.00,2.00,2.00,2.00,3.00,3.00,3.00,2.00,2.00,2.00,1.00,1.00,1.00,1.00,0.00,0.00,0.00,0.00,0.00,1.00,4.00,5.00,6.00
02/28/17,Smoke USFS R2-69,38.9792,-105.353,https://wrcc.dri.edu/cgi-bin/rawMAIN4.pl?ids269+28+02+17+M,1,2,0,0.3,1,0.9,6.3,-1.5,0,1,0,742.4,14.4,14.4,14.4,2.00,24:00,https://tools.airfire.org/monitor-qc-report/v4/wrcc?unitID=s269,0.00,1.00,1.00,1.00,1.00,1.00,2.00,1.00,1.00,1.00,1.00,1.00,0.00,0.00,0.00,0.00,0.00,1.00,1.00,1.00,0.00,0.00,0.00,0.00
02/28/17,Smoke USFS R1-307,46.9268,-114.0962,https://wrcc.dri.edu/cgi-bin/rawMAIN4.pl?id1307+28+02+17+M,4,16,0,0.7,-9999,3.8,9.4,-4.3,68,77,59,-9999,14.3,14.4,13.9,1.90,19:00,https://tools.airfire.org/monitor-qc-report/v4/wrcc?unitID=1307,-9999,-9999,-9999,-9999,-9999,-9999,-9999,-9999,-9999,-9999,-9999,-9999,-9999,-9999,-9999,-9999,16.00,0.00,0.00,0.00,-9999,-9999,-9999,-9999
02/28/17,Smoke USFS R2-265,40.7421,-105.5082,https://wrcc.dri.edu/cgi-bin/rawMAIN4.pl?id2265+28+02+17+M,0,0,0,1.4,-9999,-2.6,2.3,-4.5,62,88,33,690.6,14.4,14.4,14.4,2.00,24:00,https://tools.airfire.org/monitor-qc-report/v4/wrcc?unitID=2265,0.00,-9999,0.00,0.00,-9999,-9999,-9999,0.00,0.00,0.00,0.00,0.00,-9999,-9999,0.00,0.00,0.00,0.00,0.00,-9999,-9999,0.00,-9999,-9999
02/28/17,Smoke USFS 3016,46.9268,-114.0962,https://wrcc.dri.edu/cgi-bin/rawMAIN4.pl?ids316+28+02+17+M,0,0,0,2.5,-9999,3.2,4.4,2.1,42,51,34,898.7,14.4,14.4,14.4,1.30,24:00,https://tools.airfire.org/monitor-qc-report/v4/wrcc?unitID=s316,-9999,-9999,-9999,-9999,-9999,-9999,-9999,-9999,-9999,-9999,-9999,-9999,-9999,-9999,-9999,-9999,-9999,-9999,-9999,-9999,0.00,0.00,0.00,0.00
