,,Position (Deg.),,,Concentration (µg/m3),,,Wind,,Air Temperature (Deg. C.),,,Humidity (Percent),,,Barometer,Battery Voltage (volts),,,Air Flow (totalizer),,,Concentration by Hour,,,,,,,,,,,,,,,,,,,,,,,
Date,Station,Latitude,Longitude,Station Chart Link,Mean,Max,Min,Ave Vel. (m/s),V. Dir. (Deg),Mean,Max,Min,Mean,Max,Min,Baro. Pressure (mbars),Mean,Max,Min,Mean,Time of latest ob,Airfire QC Report Link,0:00,1:00,2:00,3:00,4:00,5:00,6:00,7:00,8:00,9:00,10:00,11:00,12:00,13:00,14:00,15:00,16:00,17:00,18:00,19:00,20:00,21:00,22:00,23:00
08/22/13,Smoke #13,43.8051,-115.1306,https://wrcc.dri.edu/cgi-bin/rawMAIN4.pl?idsm13+22+08+13+M,9,22,0,0.3,2,22.7,35.5,11.9,43,75,19,837.1,14.0,14.2,13.9,2.00,24:00,https://tools.airfire.org/monitor-qc-report/v4/wrcc?unitID=sm13,6.00,5.00,5.00,9.00,17.00,7.00,6.00,4.00,5.00,10.00,10.00,13.00,18.00,14.00,14.00,15.00,22.00,21.00,15.00,2.00,2.00,2.00,1.00,0.00
08/22/13,Smoke RMK 112 (Smoke #11),43.5579,-114.3291,https://wrcc.dri.edu/cgi-bin/rawMAIN4.pl?idsm11+22+08+13+M,11,23,5,0.6,-9999,17.6,23.3,14.0,61,68,44,835.3,12.3,12.6,11.9,1.98,12:00,https://tools.airfire.org/monitor-qc-report/v2/wrcc?unitID=sm11,-9999,-9999,5.00,7.00,8.00,11.00,10.00,11.00,11.00,11.00,11.00,15.00,23.00,-9999,-9999,-9999,-9999,-9999,-9999,-9999,-9999,-9999,-9999,-9999
08/22/13,Smoke RMK 116 (Smoke #21),44.5044,-114.2225,https://wrcc.dri.edu/cgi-bin/rawMAIN4.pl?idsm21+22+08+13+M,10,18,6,1.0,316,26.4,36.4,18.0,31,50,8,-9999,14.1,14.3,14.0,2.00,24:00,https://tools.airfire.org/monitor-qc-report/v2/wrcc?unitID=sm21,9.00,18.00,13.00,13.00,7.00,7.00,6.00,7.00,7.00,8.00,8.00,8.00,11.00,14.00,12.00,13.00,13.00,13.00,10.00,10.00,10.00,10.00,7.00,7.00
08/22/13,Smoke RMK 118 (Smoke #23),42.7355,-123.4243,https://wrcc.dri.edu/cgi-bin/rawMAIN4.pl?idsm23+22+08+13+M,10,14,7,1.0,-9999,23.1,36.6,16.0,63,87,24,959.5,14.0,14.1,13.9,2.00,14:00,https://tools.airfire.org/monitor-qc-report/v2/wrcc?unitID=sm23,9.00,12.00,11.00,14.00,9.00,9.00,9.00,8.00,7.00,7.00,8.00,9.00,10.00,11.00,12.00,-9999,-9999,-9999,-9999,-9999,-9999,-9999,-9999,-9999
08/22/13,Smoke #86,46.9273,-114.0971,https://wrcc.dri.edu/cgi-bin/rawMAIN4.pl?idsm86+22+08+13+M,11,33,0,1.2,310,22.4,35.3,13.1,32,54,14,904.2,13.8,13.9,13.0,2.00,24:00,https://tools.airfire.org/monitor-qc-report/v4/wrcc?unitID=sm86,1.00,1.00,0.00,0.00,1.00,2.00,3.00,3.00,3.00,6.00,7.00,14.00,33.00,16.00,5.00,6.00,4.00,18.00,20.00,20.00,19.00,23.00,20.00,20.00
08/22/13,Smoke USFS R1-52,46.7534,-114.0903,https://wrcc.dri.edu/cgi-bin/rawMAIN4.pl?ids152+22+08+13+M,363,914,4,1.1,268,20.7,32.5,12.6,41,65,16,904.3,14.1,14.2,13.9,2.00,24:00,https://tools.airfire.org/monitor-qc-report/v4/wrcc?unitID=s152,10.00,4.00,5.00,6.00,15.00,67.00,220.00,509.00,697.00,811.00,835.00,823.00,842.00,839.00,898.00,914.00,880.00,51.00,58.00,57.00,45.00,37.00,37.00,36.00
08/22/13,Smoke USFS R1-53,47.8271,-112.1965,https://wrcc.dri.edu/cgi-bin/rawMAIN4.pl?ids153+22+08+13+M,6,11,2,0.8,23,19.4,35.2,6.9,48,84,16,883.7,12.7,12.8,12.6,2.00,24:00,https://tools.airfire.org/monitor-qc-report/v4/wrcc?unitID=s153,1.00,2.00,3.00,5.00,9.00,11.00,9.00,7.00,5.00,5.00,5.00,5.00,5.00,6.00,7.00,7.00,4.00,5.00,7.00,3.00,2.00,3.00,5.00,6.00
08/22/13,Smoke USFS R1-39,47.4929,-112.3972,https://wrcc.dri.edu/cgi-bin/rawMAIN4.pl?ids139+22+08+13+M,6,11,2,0.8,138,18.8,31.1,7.5,45,71,22,876.4,14.2,14.4,14.0,2.00,24:00,https://tools.airfire.org/monitor-qc-report/v4/wrcc?unitID=s139,2.00,2.00,2.00,3.00,4.00,8.00,11.00,8.00,7.00,7.00,7.00,7.00,7.00,8.00,8.00,9.00,8.00,6.00,4.00,4.00,3.00,3.00,5.00,7.00
