,,Position (Deg.),,,Concentration (µg/m3),,,Wind,,Air Temperature (Deg. C.),,,Humidity (Percent),,,Barometer,Battery Voltage (volts),,,Air Flow (totalizer),,,Concentration by Hour,,,,,,,,,,,,,,,,,,,,,,,
Date,Station,Latitude,Longitude,Station Chart Link,Mean,Max,Min,Ave Vel. (m/s),V. Dir. (Deg),Mean,Max,Min,Mean,Max,Min,Baro. Pressure (mbars),Mean,Max,Min,Mean,Time of latest ob,Airfire QC Report Link,0:00,1:00,2:00,3:00,4:00,5:00,6:00,7:00,8:00,9:00,10:00,11:00,12:00,13:00,14:00,15:00,16:00,17:00,18:00,19:00,20:00,21:00,22:00,23:00
09/18/23,Smoke RMK 104 (Smoke #15),45.3856,-122.0947,https://wrcc.dri.edu/cgi-bin/rawMAIN4.pl?idsm15+18+09+23+M,3,4,0,1.0,-9999,15.2,20.6,9.6,69,95,0,981.8,13.8,14.5,5.6,1.87,24:00,https://tools.airfire.org/monitor-qc-report/v2/wrcc?unitID=sm15,3.00,3.00,3.00,3.00,3.00,-9999,-9999,-9999,-9999,-9999,-9999,-9999,-9999,0.00,3.00,3.00,3.00,3.00,4.00,1.00,2.00,2.00,3.00,4.00
09/18/23,Smoke RMK 105 (Smoke #17),37.0242,-107.4147,https://wrcc.dri.edu/cgi-bin/rawMAIN4.pl?idsm17+18+09+23+M,22,76,1,1.8,309,16.0,25.9,8.6,53,72,22,817.7,14.5,14.5,14.4,2.00,24:00,https://tools.airfire.org/monitor-qc-report/v2/wrcc?unitID=sm17,1.00,1.00,3.00,2.00,2.00,2.00,26.00,40.00,47.00,46.00,76.00,66.00,73.00,50.00,35.00,28.00,4.00,3.00,2.00,3.00,2.00,2.00,2.00,1.00
09/18/23,Smoke RMK 106 (Smoke #66),39.7144,-105.1239,https://wrcc.dri.edu/cgi-bin/rawMAIN4.pl?idsm66+18+09+23+M,4,5,2,1.4,-9999,22.2,28.9,16.9,33,43,20,826.0,14.5,14.5,14.5,2.00,20:00,https://tools.airfire.org/monitor-qc-report/v2/wrcc?unitID=sm66,2.00,3.00,4.00,4.00,4.00,4.00,5.00,4.00,4.00,4.00,4.00,4.00,4.00,5.00,5.00,4.00,3.00,3.00,3.00,2.00,2.00,-9999,-9999,-9999
09/18/23,Smoke RMK 107 (Smoke #67),44.1788,-122.1189,https://wrcc.dri.edu/cgi-bin/rawMAIN4.pl?idsm67+18+09+23+M,37,117,2,0.8,50,19.7,31.3,12.7,58,84,25,963.2,14.5,14.5,14.4,2.00,24:00,https://tools.airfire.org/monitor-qc-report/v2/wrcc?unitID=sm67,17.00,9.00,8.00,6.00,9.00,12.00,15.00,16.00,24.00,36.00,44.00,60.00,62.00,75.00,57.00,63.00,59.00,66.00,117.00,82.00,45.00,17.00,2.00,2.00
09/18/23,Smoke RMK 108 (Smoke #456),39.7144,-105.124,https://wrcc.dri.edu/cgi-bin/rawMAIN4.pl?ids456+18+09+23+M,1,1,1,0.3,-9999,27.3,28.6,26.3,23,24,21,821.0,14.5,14.5,14.5,2.00,24:00,https://tools.airfire.org/monitor-qc-report/v2/wrcc?unitID=s456,-9999,-9999,-9999,-9999,-9999,-9999,-9999,-9999,-9999,-9999,-9999,-9999,-9999,-9999,-9999,-9999,-9999,-9999,-9999,-9999,-9999,-9999,1.00,1.00
09/18/23,Smoke RMK 110 (Smoke #215),37.3054,-107.4887,https://wrcc.dri.edu/cgi-bin/rawMAIN4.pl?ids215+18+09+23+M,0,0,0,1.9,-9999,17.8,20.7,13.6,46,65,35,773.2,14.6,14.6,14.6,0.00,24:00,https://tools.airfire.org/monitor-qc-report/v2/wrcc?unitID=s215,-9999,-9999,-9999,-9999,-9999,-9999,-9999,-9999,-9999,-9999,-9999,-9999,-9999,-9999,-9999,-9999,-9999,-9999,0.00,0.00,0.00,0.00,0.00,0.00
09/18/23,Smoke RMK 111 (Smoke #455),38.7173,-108.054,https://wrcc.dri.edu/cgi-bin/rawMAIN4.pl?ids455+18+09+23+M,2,3,1,0.8,177,17.0,28.4,7.6,52,79,20,845.9,14.5,14.5,14.4,2.00,24:00,https://tools.airfire.org/monitor-qc-report/v2/wrcc?unitID=s455,1.00,1.00,1.00,1.00,2.00,3.00,3.00,3.00,2.00,2.00,2.00,2.00,2.00,2.00,2.00,3.00,2.00,2.00,3.00,2.00,2.00,2.00,3.00,1.00
09/18/23,Smoke RMK 122 (Smoke #69),40.7513,-105.4347,https://wrcc.dri.edu/cgi-bin/rawMAIN4.pl?idsm69+18+09+23+M,0,1,0,1.6,240,22.2,30.9,14.8,42,66,17,778.0,14.2,14.3,14.0,2.00,24:00,https://tools.airfire.org/monitor-qc-report/v2/wrcc?unitID=sm69,0.00,0.00,0.00,0.00,0.00,0.00,0.00,0.00,0.00,0.00,1.00,1.00,1.00,0.00,0.00,0.00,0.00,0.00,0.00,0.00,0.00,0.00,0.00,0.00
09/18/23,Smoke RMK 408 (EBAM #418),37.4716,-108.5162,https://wrcc.dri.edu/cgi-bin/rawMAIN4.pl?ide418+18+09+23+M,2,7,-3,1.5,63,16.3,26.2,11.1,46,68,23,-9999,14.3,14.4,14.3,16.70,24:00,https://tools.airfire.org/monitor-qc-report/v2/wrcc?unitID=e418,1.00,-1.00,2.00,-3.00,2.00,3.00,2.00,5.00,4.00,1.00,3.00,3.00,0.00,2.00,5.00,-1.00,7.00,2.00,5.00,-1.00,3.00,2.00,6.00,1.00
09/18/23,Smoke RMK 400 (EBAM #487),38.5136,-106.0601,https://wrcc.dri.edu/cgi-bin/rawMAIN4.pl?ide487+18+09+23+M,1,11,-16,0.8,196,15.8,24.0,6.4,50,75,30,-9999,11.7,11.7,11.6,12.50,24:00,https://tools.airfire.org/monitor-qc-report/v2/wrcc?unitID=e487,-5.00,5.00,8.00,0.00,4.00,0.00,6.00,1.00,5.00,8.00,2.00,-14.00,-2.00,2.00,2.00,-2.00,-16.00,11.00,1.00,2.00,-1.00,-5.00,2.00,2.00
09/18/23,Smoke RMK 401 (EBAM #488),38.5403,-105.9978,https://wrcc.dri.edu/cgi-bin/rawMAIN4.pl?ide488+18+09+23+M,2,17,-13,0.6,0,12.7,23.1,2.8,57,90,27,-9999,11.8,11.8,11.7,12.50,24:00,https://tools.airfire.org/monitor-qc-report/v2/wrcc?unitID=e488,5.00,2.00,3.00,4.00,10.00,12.00,8.00,17.00,4.00,-9.00,-13.00,-3.00,-3.00,4.00,-3.00,-5.00,-12.00,-8.00,1.00,-2.00,8.00,12.00,3.00,4.00
09/18/23,Smoke RMK 402 (EBAM #493),40.6232,-111.2282,https://wrcc.dri.edu/cgi-bin/rawMAIN4.pl?ide493+18+09+23+M,7778,99999,0,1.9,21,22.1,22.4,17.7,33,45,29,-9999,11.7,11.8,11.7,12.45,24:00,https://tools.airfire.org/monitor-qc-report/v2/wrcc?unitID=e493,0.00,0.00,0.00,0.00,0.00,0.00,0.00,0.00,0.00,0.00,0.00,0.00,0.00,0.00,0.00,0.00,0.00,0.00,0.00,0.00,0.00,99999.00,86666.00,0.00
09/18/23,Smoke RMK 404 (EBAM #513),39.7143,-105.124,https://wrcc.dri.edu/cgi-bin/rawMAIN4.pl?ide513+18+09+23+M,1,7,-5,1.2,254,28.2,34.7,21.8,31,42,17,-9999,11.6,11.6,11.6,16.70,24:00,https://tools.airfire.org/monitor-qc-report/v2/wrcc?unitID=e513,-3.00,-4.00,4.00,4.00,2.00,4.00,4.00,4.00,-1.00,-2.00,7.00,-1.00,4.00,-2.00,0.00,0.00,-4.00,-2.00,2.00,-5.00,4.00,-5.00,5.00,7.00
09/18/23,Smoke RMK 411 (EBAM #794),37.6517,-108.2946,https://wrcc.dri.edu/cgi-bin/rawMAIN4.pl?ide794+18+09+23+M,3,14,-5,0.7,-9999,10.6,20.9,4.0,65,84,29,-9999,14.3,14.4,14.2,16.70,24:00,https://tools.airfire.org/monitor-qc-report/v2/wrcc?unitID=e794,6.00,7.00,8.00,2.00,3.00,5.00,1.00,0.00,10.00,2.00,2.00,-9999,1.00,-1.00,11.00,-1.00,-4.00,6.00,-5.00,14.00,-3.00,3.00,-2.00,0.00
09/18/23,Smoke RMK 414 (EBAM #882),37.3502,-108.2908,https://wrcc.dri.edu/cgi-bin/rawMAIN4.pl?ide882+18+09+23+M,3,18,-5,0.4,110,12.2,20.9,5.6,42,63,13,-9999,13.7,13.7,13.6,16.70,24:00,https://tools.airfire.org/monitor-qc-report/v2/wrcc?unitID=e882,6.00,2.00,6.00,-4.00,3.00,-1.00,5.00,3.00,-5.00,10.00,1.00,1.00,6.00,2.00,1.00,1.00,8.00,-3.00,2.00,2.00,5.00,5.00,5.00,18.00
09/18/23,Smoke RMK 406 (EBAM #949),39.7144,-105.1239,https://wrcc.dri.edu/cgi-bin/rawMAIN4.pl?ide949+18+09+23+M,5211,99999,-3,1.3,267,24.1,30.2,17.9,31,42,21,-9999,11.8,11.8,11.8,12.50,24:00,https://tools.airfire.org/monitor-qc-report/v2/wrcc?unitID=e949,3.00,6.00,9.00,5.00,3.00,3.00,2.00,4.00,2.00,10.00,-3.00,3.00,-3.00,6.00,2.00,7.00,1.00,99999.00,25002.00,0.00,4.00,1.00,5.00,7.00
09/18/23,Smoke USFS R1-307,46.5842,-112.0419,https://wrcc.dri.edu/cgi-bin/rawMAIN4.pl?id1307+18+09+23+M,4,6,0,1.0,337,21.6,34.4,12.3,29,44,13,-9999,14.1,14.2,13.9,2.00,24:00,https://tools.airfire.org/monitor-qc-report/v4/wrcc?unitID=1307,2.00,3.00,6.00,5.00,5.00,5.00,4.00,5.00,5.00,5.00,5.00,4.00,5.00,5.00,5.00,5.00,4.00,3.00,2.00,1.00,1.00,1.00,0.00,0.00
09/18/23,Lolo NF Smoke #1,47.1954,-114.8943,https://wrcc.dri.edu/cgi-bin/rawMAIN4.pl?idsml1+18+09+23+M,4,6,0,1.0,156,19.0,27.9,11.9,38,56,15,920.0,14.2,14.3,14.1,2.00,24:00,https://tools.airfire.org/monitor-qc-report/v4/wrcc?unitID=sml1,3.00,4.00,6.00,6.00,5.00,5.00,5.00,6.00,6.00,5.00,6.00,5.00,5.00,6.00,6.00,6.00,5.00,3.00,3.00,1.00,1.00,1.00,1.00,0.00
