,,Position (Deg.),,,Concentration (µg/m3),,,Wind,,Air Temperature (Deg. C.),,,Humidity (Percent),,,Barometer,Battery Voltage (volts),,,Air Flow (totalizer),,,Concentration by Hour,,,,,,,,,,,,,,,,,,,,,,,
Date,Station,Latitude,Longitude,Station Chart Link,Mean,Max,Min,Ave Vel. (m/s),V. Dir. (Deg),Mean,Max,Min,Mean,Max,Min,Baro. Pressure (mbars),Mean,Max,Min,Mean,Time of latest ob,Airfire QC Report Link,0:00,1:00,2:00,3:00,4:00,5:00,6:00,7:00,8:00,9:00,10:00,11:00,12:00,13:00,14:00,15:00,16:00,17:00,18:00,19:00,20:00,21:00,22:00,23:00
02/23/24,Smoke RMK 101 (Smoke #660),40.4514,-105.4505,https://wrcc.dri.edu/cgi-bin/rawMAIN4.pl?ids660+23+02+24+M,1,11,0,0.7,80,-1.2,7.4,-7.0,52,84,19,781.1,14.5,14.5,14.5,2.00,24:00,https://tools.airfire.org/monitor-qc-report/v2/wrcc?unitID=s660,1.00,1.00,2.00,2.00,1.00,11.00,4.00,2.00,3.00,3.00,1.00,1.00,1.00,1.00,1.00,1.00,0.00,0.00,0.00,0.00,0.00,0.00,0.00,0.00
02/23/24,Smoke RMK 105 (Smoke #17),39.7143,-105.124,https://wrcc.dri.edu/cgi-bin/rawMAIN4.pl?idsm17+23+02+24+M,1,5,0,2.0,272,6.0,12.2,2.0,38,71,17,6.2,14.4,14.5,14.4,2.00,24:00,https://tools.airfire.org/monitor-qc-report/v2/wrcc?unitID=sm17,1.00,2.00,5.00,3.00,4.00,2.00,1.00,2.00,1.00,1.00,1.00,0.00,1.00,1.00,1.00,0.00,0.00,0.00,0.00,1.00,1.00,0.00,0.00,0.00
02/23/24,Smoke RMK 107 (Smoke #67),40.4497,-105.3313,https://wrcc.dri.edu/cgi-bin/rawMAIN4.pl?idsm67+23+02+24+M,0,1,0,1.6,264,3.9,10.9,-0.2,44,73,14,784.3,14.5,14.5,14.4,2.00,24:00,https://tools.airfire.org/monitor-qc-report/v2/wrcc?unitID=sm67,0.00,0.00,1.00,1.00,1.00,1.00,1.00,1.00,1.00,0.00,0.00,0.00,0.00,0.00,0.00,0.00,0.00,0.00,0.00,0.00,0.00,0.00,0.00,0.00
02/23/24,Smoke RMK 109 (Smoke #84),40.3741,-105.2266,https://wrcc.dri.edu/cgi-bin/rawMAIN4.pl?ids284+23+02+24+M,1,2,0,0.8,-9999,6.3,15.9,1.1,60,79,21,836.6,14.4,14.5,14.4,2.00,24:00,https://tools.airfire.org/monitor-qc-report/v2/wrcc?unitID=s284,1.00,1.00,1.00,1.00,2.00,2.00,2.00,1.00,1.00,1.00,1.00,1.00,0.00,1.00,0.00,0.00,0.00,0.00,0.00,0.00,0.00,-9999,-9999,0.00
02/23/24,Smoke RMK 124 (Smoke #210),39.7144,-105.1239,https://wrcc.dri.edu/cgi-bin/rawMAIN4.pl?ids210+23+02+24+M,1,3,0,2.2,284,3.4,9.9,-0.9,40,73,18,829.2,14.4,14.4,14.3,2.00,24:00,https://tools.airfire.org/monitor-qc-report/v2/wrcc?unitID=s210,1.00,1.00,2.00,2.00,3.00,3.00,1.00,1.00,1.00,1.00,1.00,0.00,1.00,1.00,1.00,1.00,1.00,1.00,1.00,1.00,1.00,1.00,0.00,1.00
02/23/24,Smoke RMK 127 (Smoke #454),39.7144,-105.124,https://wrcc.dri.edu/cgi-bin/rawMAIN4.pl?ids454+23+02+24+M,1,3,0,1.8,254,5.7,12.3,1.6,39,73,17,829.2,14.4,14.5,14.3,2.00,24:00,https://tools.airfire.org/monitor-qc-report/v2/wrcc?unitID=s454,1.00,1.00,2.00,1.00,3.00,3.00,1.00,1.00,1.00,1.00,1.00,0.00,1.00,1.00,1.00,1.00,1.00,1.00,1.00,1.00,1.00,0.00,0.00,0.00
02/23/24,Smoke RMK 128 (Smoke #457),39.7143,-105.1239,https://wrcc.dri.edu/cgi-bin/rawMAIN4.pl?ids457+23+02+24+M,1,5,0,2.0,265,3.1,10.1,-1.4,38,72,14,6.2,14.5,14.6,14.4,2.00,24:00,https://tools.airfire.org/monitor-qc-report/v2/wrcc?unitID=s457,1.00,1.00,3.00,3.00,4.00,5.00,2.00,1.00,2.00,1.00,1.00,0.00,1.00,1.00,1.00,1.00,1.00,1.00,1.00,1.00,1.00,1.00,0.00,0.00
02/23/24,Smoke RMK 129 (USFS R2-922),39.7144,-105.1239,https://wrcc.dri.edu/cgi-bin/rawMAIN4.pl?id2922+23+02+24+M,1,3,0,2.1,272,4.4,10.9,0.1,37,73,17,6.2,14.4,14.4,14.2,2.00,24:00,https://tools.airfire.org/monitor-qc-report/v2/wrcc?unitID=2922,1.00,2.00,1.00,3.00,2.00,1.00,1.00,1.00,1.00,1.00,0.00,1.00,1.00,1.00,1.00,1.00,1.00,0.00,1.00,1.00,1.00,0.00,0.00,0.00
02/23/24,Smoke USFS R3-86,35.6871,-105.8956,https://wrcc.dri.edu/cgi-bin/rawMAIN4.pl?ids386+23+02+24+M,-0,6,-5,0.5,3,-7.0,1.1,-13.6,1,-9999,-9999,-9999,13.9,13.9,13.9,16.70,24:00,https://tools.airfire.org/monitor-qc-report/v4/wrcc?unitID=s386,-5.00,1.00,1.00,0.00,-1.00,-3.00,-2.00,-3.00,4.00,-2.00,1.00,-2.00,1.00,0.00,1.00,0.00,-5.00,4.00,6.00,-4.00,0.00,-4.00,-1.00,-1.00
02/23/24,Smoke USFS R1-307,46.5841,-112.042,https://wrcc.dri.edu/cgi-bin/rawMAIN4.pl?id1307+23+02+24+M,0,1,0,1.0,343,6.9,17.2,3.2,47,56,29,-9999,14.3,14.4,14.1,2.00,24:00,https://tools.airfire.org/monitor-qc-report/v4/wrcc?unitID=1307,0.00,0.00,0.00,0.00,0.00,0.00,0.00,0.00,0.00,0.00,0.00,0.00,0.00,0.00,0.00,0.00,0.00,0.00,0.00,1.00,0.00,0.00,0.00,0.00
02/23/24,Smoke USFS R9-3018,37.0015,-91.0157,https://wrcc.dri.edu/cgi-bin/rawMAIN4.pl?ids318+23+02+24+M,6,9,2,0.5,-9999,9.6,16.8,4.0,86,96,58,989.1,14.3,14.4,14.1,2.00,16:00,https://tools.airfire.org/monitor-qc-report/v4/wrcc?unitID=s318,4.00,9.00,7.00,6.00,7.00,6.00,6.00,6.00,7.00,9.00,5.00,4.00,4.00,5.00,6.00,4.00,2.00,-9999,-9999,-9999,-9999,-9999,-9999,-9999
