,,Position (Deg.),,,Concentration (µg/m3),,,Wind,,Air Temperature (Deg. C.),,,Humidity (Percent),,,Barometer,Battery Voltage (volts),,,Air Flow (totalizer),,,Concentration by Hour,,,,,,,,,,,,,,,,,,,,,,,
Date,Station,Latitude,Longitude,Station Chart Link,Mean,Max,Min,Ave Vel. (m/s),V. Dir. (Deg),Mean,Max,Min,Mean,Max,Min,Baro. Pressure (mbars),Mean,Max,Min,Mean,Time of latest ob,Airfire QC Report Link,0:00,1:00,2:00,3:00,4:00,5:00,6:00,7:00,8:00,9:00,10:00,11:00,12:00,13:00,14:00,15:00,16:00,17:00,18:00,19:00,20:00,21:00,22:00,23:00
11/23/18,Smoke RMK 116 (Smoke #21),39.7144,-105.124,https://wrcc.dri.edu/cgi-bin/rawMAIN4.pl?idsm21+23+11+18+M,1,2,0,2.3,83,9.9,15.6,5.4,31,45,21,-9999,14.4,14.4,14.3,2.00,24:00,https://tools.airfire.org/monitor-qc-report/v2/wrcc?unitID=sm21,0.00,0.00,0.00,1.00,1.00,1.00,0.00,1.00,1.00,1.00,2.00,2.00,2.00,2.00,2.00,1.00,0.00,0.00,0.00,0.00,0.00,0.00,0.00,0.00
11/23/18,Smoke RMK 125 (Smoke #216),39.5141,-105.5038,https://wrcc.dri.edu/cgi-bin/rawMAIN4.pl?ids216+23+11+18+M,1,6,0,4.4,286,0.1,2.5,-1.5,50,79,24,723.4,14.2,14.4,12.5,2.00,24:00,https://tools.airfire.org/monitor-qc-report/v2/wrcc?unitID=s216,3.00,6.00,5.00,5.00,2.00,2.00,0.00,1.00,1.00,2.00,1.00,0.00,0.00,0.00,1.00,0.00,0.00,1.00,1.00,0.00,1.00,0.00,0.00,0.00
11/23/18,Smoke RMK 131 (USFS R2-924),39.389,-105.2733,https://wrcc.dri.edu/cgi-bin/rawMAIN4.pl?id2924+23+11+18+M,2,9,0,1.6,194,3.2,11.5,-5.3,50,86,28,788.2,14.2,14.4,12.6,2.00,24:00,https://tools.airfire.org/monitor-qc-report/v2/wrcc?unitID=2924,3.00,2.00,4.00,1.00,9.00,5.00,6.00,4.00,2.00,2.00,0.00,0.00,0.00,2.00,0.00,1.00,0.00,0.00,0.00,0.00,0.00,0.00,0.00,0.00
11/23/18,Smoke USFS R2-69,38.9792,-105.353,https://wrcc.dri.edu/cgi-bin/rawMAIN4.pl?ids269+23+11+18+M,1,3,0,0.3,1,1.3,6.4,-4.6,0,1,0,748.3,14.4,14.4,14.4,2.00,24:00,https://tools.airfire.org/monitor-qc-report/v4/wrcc?unitID=s269,0.00,0.00,1.00,1.00,1.00,0.00,1.00,3.00,1.00,0.00,0.00,1.00,1.00,1.00,1.00,2.00,1.00,0.00,0.00,1.00,1.00,0.00,1.00,0.00
11/23/18,Smoke USFS R3-86,35.687,-105.8956,https://wrcc.dri.edu/cgi-bin/rawMAIN4.pl?ids386+23+11+18+M,4,17,-5,0.3,345,6.8,13.8,-0.8,0,1,0,-9999,14.4,14.4,14.4,16.70,24:00,https://tools.airfire.org/monitor-qc-report/v4/wrcc?unitID=s386,-5.00,9.00,2.00,12.00,12.00,-3.00,15.00,-5.00,-5.00,13.00,0.00,10.00,-5.00,15.00,-5.00,-5.00,-5.00,-5.00,-5.00,14.00,0.00,6.00,8.00,14.00
11/23/18,Smoke RMK 407 (EBAM #231),39.7144,-105.1239,https://wrcc.dri.edu/cgi-bin/rawMAIN4.pl?ide231+23+11+18+M,5,26,-5,2.4,287,5.1,8.6,-1.0,30,45,20,-9999,13.8,13.8,13.7,16.70,24:00,https://tools.airfire.org/monitor-qc-report/v2/wrcc?unitID=e231,-5.00,5.00,7.00,7.00,4.00,6.00,-5.00,4.00,26.00,1.00,-5.00,-4.00,7.00,3.00,-5.00,-5.00,12.00,11.00,18.00,21.00,-2.00,23.00,-5.00,-5.00
11/23/18,Smoke RMK 413 (EBAM #866),39.7144,-105.124,https://wrcc.dri.edu/cgi-bin/rawMAIN4.pl?ide866+23+11+18+M,2,9,-5,2.3,175,3.6,7.8,-2.9,29,44,18,-9999,13.9,14.0,13.9,16.70,24:00,https://tools.airfire.org/monitor-qc-report/v2/wrcc?unitID=e866,4.00,-2.00,9.00,8.00,2.00,4.00,1.00,7.00,-5.00,6.00,4.00,-5.00,9.00,5.00,4.00,-2.00,2.00,2.00,-5.00,8.00,-5.00,-1.00,6.00,1.00
11/23/18,Smoke RMK 415 (EBAM #925),37.4611,-108.5157,https://wrcc.dri.edu/cgi-bin/rawMAIN4.pl?ide925+23+11+18+M,4,34,-5,0.8,262,-4.9,2.9,-11.8,79,96,48,-9999,14.3,14.3,14.2,16.70,24:00,https://tools.airfire.org/monitor-qc-report/v2/wrcc?unitID=e925,5.00,9.00,7.00,6.00,-1.00,11.00,0.00,-2.00,6.00,4.00,4.00,5.00,9.00,0.00,1.00,-5.00,34.00,-5.00,1.00,-1.00,2.00,3.00,-1.00,4.00
