,,Position (Deg.),,,Concentration (µg/m3),,,Wind,,Air Temperature (Deg. C.),,,Humidity (Percent),,,Barometer,Battery Voltage (volts),,,Air Flow (totalizer),,,Concentration by Hour,,,,,,,,,,,,,,,,,,,,,,,
Date,Station,Latitude,Longitude,Station Chart Link,Mean,Max,Min,Ave Vel. (m/s),V. Dir. (Deg),Mean,Max,Min,Mean,Max,Min,Baro. Pressure (mbars),Mean,Max,Min,Mean,Time of latest ob,Airfire QC Report Link,0:00,1:00,2:00,3:00,4:00,5:00,6:00,7:00,8:00,9:00,10:00,11:00,12:00,13:00,14:00,15:00,16:00,17:00,18:00,19:00,20:00,21:00,22:00,23:00
08/10/23,Smoke RMK 100 (Smoke #659),38.541,-106.9313,https://wrcc.dri.edu/cgi-bin/rawMAIN4.pl?ids659+10+08+23+M,14,44,1,1.1,281,17.7,27.1,7.1,37,64,14,770.8,14.5,14.5,14.4,2.00,24:00,https://tools.airfire.org/monitor-qc-report/v2/wrcc?unitID=s659,3.00,3.00,3.00,7.00,15.00,33.00,28.00,41.00,27.00,26.00,18.00,12.00,44.00,29.00,16.00,7.00,5.00,5.00,4.00,3.00,2.00,6.00,3.00,2.00
08/10/23,Smoke RMK 101 (Smoke #660),37.5828,-106.1537,https://wrcc.dri.edu/cgi-bin/rawMAIN4.pl?ids660+10+08+23+M,5,9,1,1.0,61,19.2,27.1,10.5,38,69,20,770.8,14.6,14.6,14.5,2.00,24:00,https://tools.airfire.org/monitor-qc-report/v2/wrcc?unitID=s660,4.00,4.00,5.00,3.00,3.00,5.00,6.00,7.00,6.00,5.00,7.00,6.00,6.00,6.00,6.00,6.00,7.00,9.00,6.00,4.00,4.00,6.00,5.00,4.00
08/10/23,Smoke RMK 104 (Smoke #15),44.8288,-113.6753,https://wrcc.dri.edu/cgi-bin/rawMAIN4.pl?idsm15+10+08+23+M,5,8,2,0.9,-9999,17.1,27.2,10.6,74,96,24,828.0,14.5,14.5,14.5,2.00,19:00,https://tools.airfire.org/monitor-qc-report/v2/wrcc?unitID=sm15,5.00,5.00,4.00,3.00,3.00,3.00,3.00,4.00,5.00,6.00,6.00,7.00,7.00,8.00,8.00,8.00,6.00,5.00,4.00,2.00,-9999,-9999,-9999,-9999
08/10/23,Smoke RMK 105 (Smoke #17),38.7962,-106.9777,https://wrcc.dri.edu/cgi-bin/rawMAIN4.pl?idsm17+10+08+23+M,3,6,1,0.6,-9999,15.0,27.0,5.8,53,83,25,743.3,14.5,14.5,14.3,2.00,24:00,https://tools.airfire.org/monitor-qc-report/v2/wrcc?unitID=sm17,3.00,3.00,3.00,3.00,4.00,3.00,4.00,4.00,4.00,4.00,3.00,3.00,4.00,4.00,6.00,4.00,4.00,4.00,3.00,-9999,2.00,2.00,2.00,1.00
08/10/23,Smoke RMK 106 (Smoke #66),45.7132,-115.3565,https://wrcc.dri.edu/cgi-bin/rawMAIN4.pl?idsm66+10+08+23+M,3,7,1,1.1,80,19.9,30.0,11.1,76,100,29,867.0,14.5,14.5,14.4,1.91,24:00,https://tools.airfire.org/monitor-qc-report/v2/wrcc?unitID=sm66,7.00,2.00,4.00,7.00,6.00,6.00,3.00,3.00,4.00,3.00,4.00,3.00,3.00,2.00,2.00,3.00,2.00,2.00,2.00,2.00,2.00,2.00,1.00,1.00
08/10/23,Smoke RMK 107 (Smoke #67),44.1785,-122.1191,https://wrcc.dri.edu/cgi-bin/rawMAIN4.pl?idsm67+10+08+23+M,39,150,3,1.0,89,20.6,29.5,13.5,60,86,24,961.3,14.5,14.5,14.4,2.00,24:00,https://tools.airfire.org/monitor-qc-report/v2/wrcc?unitID=sm67,9.00,3.00,4.00,13.00,13.00,10.00,11.00,11.00,13.00,12.00,12.00,11.00,10.00,9.00,9.00,9.00,9.00,12.00,83.00,150.00,148.00,110.00,123.00,115.00
08/10/23,Smoke RMK 108 (Smoke #456),-26.8743,-176.3162,https://wrcc.dri.edu/cgi-bin/rawMAIN4.pl?ids456+10+08+23+M,5,6,5,1.2,-9999,19.1,30.2,14.4,78,88,32,884.4,14.4,14.5,14.4,2.00,16:00,https://tools.airfire.org/monitor-qc-report/v2/wrcc?unitID=s456,5.00,5.00,5.00,5.00,5.00,5.00,5.00,6.00,6.00,6.00,6.00,5.00,5.00,5.00,5.00,5.00,6.00,-9999,-9999,-9999,-9999,-9999,-9999,-9999
08/10/23,Smoke RMK 109 (Smoke #84),47.1623,-114.0702,https://wrcc.dri.edu/cgi-bin/rawMAIN4.pl?ids284+10+08+23+M,1,1,0,3.6,-9999,27.5,29.5,25.3,28,29,28,904.7,14.5,14.6,14.5,0.93,24:00,https://tools.airfire.org/monitor-qc-report/v2/wrcc?unitID=s284,-9999,-9999,-9999,-9999,-9999,-9999,-9999,-9999,-9999,-9999,-9999,-9999,-9999,-9999,-9999,-9999,-9999,-9999,-9999,-9999,-9999,-9999,0.00,1.00
08/10/23,Smoke RMK 110 (Smoke #215),44.8519,-113.6192,https://wrcc.dri.edu/cgi-bin/rawMAIN4.pl?ids215+10+08+23+M,5,6,3,1.0,-9999,18.8,30.0,10.0,68,95,24,836.4,14.5,14.5,14.5,2.00,21:00,https://tools.airfire.org/monitor-qc-report/v2/wrcc?unitID=s215,6.00,6.00,5.00,5.00,5.00,5.00,5.00,5.00,5.00,5.00,5.00,5.00,6.00,5.00,5.00,6.00,6.00,6.00,5.00,3.00,3.00,3.00,-9999,-9999
08/10/23,Smoke RMK 111 (Smoke #455),38.7173,-108.0539,https://wrcc.dri.edu/cgi-bin/rawMAIN4.pl?ids455+10+08+23+M,4,5,2,0.9,177,23.9,34.2,13.6,37,66,14,842.3,14.5,14.5,14.5,2.00,24:00,https://tools.airfire.org/monitor-qc-report/v2/wrcc?unitID=s455,3.00,3.00,3.00,3.00,3.00,3.00,3.00,4.00,4.00,4.00,5.00,4.00,4.00,4.00,4.00,5.00,5.00,4.00,4.00,4.00,3.00,2.00,2.00,2.00
08/10/23,Smoke RMK 119 (Smoke #24),39.7143,-105.1239,https://wrcc.dri.edu/cgi-bin/rawMAIN4.pl?idsm24+10+08+23+M,1,17,0,0.8,-9999,21.4,33.3,16.6,42,55,23,826.5,14.2,14.3,14.0,2.00,15:00,https://tools.airfire.org/monitor-qc-report/v2/wrcc?unitID=sm24,20.00,17.00,1.00,0.00,0.00,0.00,0.00,0.00,0.00,0.00,0.00,0.00,0.00,0.00,0.00,0.00,-9999,-9999,-9999,-9999,-9999,-9999,-9999,-9999
08/10/23,Smoke RMK 122 (Smoke #69),40.7514,-105.4346,https://wrcc.dri.edu/cgi-bin/rawMAIN4.pl?idsm69+10+08+23+M,1,1,1,1.7,234,24.5,34.5,15.5,54,88,18,776.2,14.2,14.3,14.0,2.00,24:00,https://tools.airfire.org/monitor-qc-report/v2/wrcc?unitID=sm69,1.00,1.00,1.00,1.00,1.00,1.00,1.00,1.00,1.00,1.00,1.00,1.00,1.00,1.00,1.00,1.00,1.00,1.00,1.00,1.00,1.00,1.00,1.00,1.00
08/10/23,Smoke RMK 123 (Smoke #209),47.827,-114.3553,https://wrcc.dri.edu/cgi-bin/rawMAIN4.pl?ids209+10+08+23+M,9,38,1,1.8,240,21.1,30.0,14.2,66,90,29,906.0,14.3,14.4,14.2,2.00,24:00,https://tools.airfire.org/monitor-qc-report/v2/wrcc?unitID=s209,6.00,5.00,3.00,4.00,5.00,5.00,5.00,7.00,12.00,10.00,38.00,22.00,13.00,10.00,25.00,33.00,13.00,5.00,2.00,1.00,1.00,1.00,1.00,1.00
08/10/23,Smoke RMK 125 (Smoke #216),42.552,-124.0588,https://wrcc.dri.edu/cgi-bin/rawMAIN4.pl?ids216+10+08+23+M,2,11,0,1.3,326,26.3,38.0,17.2,64,96,32,1001.0,14.1,14.2,14.0,2.00,24:00,https://tools.airfire.org/monitor-qc-report/v2/wrcc?unitID=s216,0.00,0.00,0.00,1.00,1.00,1.00,1.00,1.00,1.00,1.00,1.00,1.00,1.00,1.00,6.00,11.00,7.00,1.00,0.00,0.00,0.00,0.00,1.00,1.00
08/10/23,Smoke USFS R3-28,35.6715,-105.9556,https://wrcc.dri.edu/cgi-bin/rawMAIN4.pl?ids328+10+08+23+M,5,131,-5,1.5,263,21.5,30.7,13.1,0,1,0,-9999,14.2,14.2,14.2,16.70,24:00,https://tools.airfire.org/monitor-qc-report/v4/wrcc?unitID=s328,-5.00,-5.00,-5.00,-5.00,-5.00,-5.00,-5.00,-5.00,-5.00,-5.00,-5.00,-5.00,-5.00,-5.00,131.00,76.00,10.00,-2.00,1.00,-5.00,-5.00,-5.00,-3.00,-5.00
08/10/23,Smoke RMK 400 (EBAM #487),44.6761,-113.3545,https://wrcc.dri.edu/cgi-bin/rawMAIN4.pl?ide487+10+08+23+M,6,15,-2,2.0,181,18.9,29.6,7.6,58,86,24,-9999,11.7,11.7,11.6,12.50,24:00,https://tools.airfire.org/monitor-qc-report/v2/wrcc?unitID=e487,4.00,4.00,9.00,12.00,5.00,10.00,15.00,4.00,-2.00,2.00,5.00,9.00,4.00,4.00,6.00,1.00,4.00,12.00,10.00,7.00,2.00,6.00,4.00,0.00
08/10/23,Smoke RMK 405 (EBAM #947),42.4024,-124.4211,https://wrcc.dri.edu/cgi-bin/rawMAIN4.pl?ide947+10+08+23+M,6,17,-22,1.4,-9999,18.8,24.4,15.2,85,95,63,-9999,11.5,11.6,11.4,16.70,24:00,https://tools.airfire.org/monitor-qc-report/v2/wrcc?unitID=e947,0.00,3.00,6.00,3.00,17.00,3.00,-8.00,7.00,9.00,9.00,9.00,12.00,15.00,9.00,6.00,10.00,6.00,12.00,-9999,-22.00,-5.00,-1.00,13.00,11.00
08/10/23,Smoke USFS R1-307,46.5841,-112.042,https://wrcc.dri.edu/cgi-bin/rawMAIN4.pl?id1307+10+08+23+M,3,5,1,1.0,337,20.2,30.0,12.6,54,81,23,-9999,14.1,14.2,14.0,2.00,24:00,https://tools.airfire.org/monitor-qc-report/v4/wrcc?unitID=1307,2.00,3.00,4.00,3.00,2.00,2.00,2.00,3.00,3.00,3.00,3.00,4.00,4.00,4.00,4.00,5.00,5.00,4.00,3.00,2.00,2.00,1.00,1.00,1.00
08/10/23,AQB Smoke EBAM T-1,36.2403,-106.429,https://wrcc.dri.edu/cgi-bin/rawMAIN4.pl?ideat1+10+08+23+M,4,24,-5,1.8,45,24.4,30.9,17.1,0,1,0,-9999,14.4,14.4,14.4,16.70,24:00,https://tools.airfire.org/monitor-qc-report/v4/wrcc?unitID=eat1,12.00,8.00,-2.00,-5.00,3.00,4.00,1.00,3.00,0.00,-4.00,-3.00,-2.00,-5.00,-3.00,-5.00,8.00,15.00,18.00,15.00,24.00,12.00,17.00,-5.00,7.00
08/10/23,AQB Smoke EBAM T-3,36.7563,-106.5596,https://wrcc.dri.edu/cgi-bin/rawMAIN4.pl?ideat3+10+08+23+M,6,17,-5,0.9,52,17.4,29.2,6.0,1,1,0,-9999,14.1,14.1,14.1,16.70,24:00,https://tools.airfire.org/monitor-qc-report/v4/wrcc?unitID=eat3,4.00,-5.00,17.00,5.00,12.00,9.00,6.00,8.00,7.00,9.00,7.00,7.00,10.00,5.00,6.00,-5.00,6.00,2.00,10.00,4.00,-1.00,5.00,7.00,1.00
