,,Position (Deg.),,,Concentration (µg/m3),,,Wind,,Air Temperature (Deg. C.),,,Humidity (Percent),,,Barometer,Battery Voltage (volts),,,Air Flow (totalizer),,,Concentration by Hour,,,,,,,,,,,,,,,,,,,,,,,
Date,Station,Latitude,Longitude,Station Chart Link,Mean,Max,Min,Ave Vel. (m/s),V. Dir. (Deg),Mean,Max,Min,Mean,Max,Min,Baro. Pressure (mbars),Mean,Max,Min,Mean,Time of latest ob,Airfire QC Report Link,0:00,1:00,2:00,3:00,4:00,5:00,6:00,7:00,8:00,9:00,10:00,11:00,12:00,13:00,14:00,15:00,16:00,17:00,18:00,19:00,20:00,21:00,22:00,23:00
12/30/19,Smoke RMK 104 (Smoke #15),39.761,-105.68,https://wrcc.dri.edu/cgi-bin/rawMAIN4.pl?idsm15+30+12+19+M,1,6,0,2.0,259,-13.7,-2.7,-19.1,37,45,26,734.5,14.4,14.4,14.4,2.00,24:00,https://tools.airfire.org/monitor-qc-report/v2/wrcc?unitID=sm15,1.00,0.00,0.00,1.00,1.00,1.00,1.00,1.00,1.00,1.00,6.00,1.00,1.00,0.00,1.00,0.00,0.00,0.00,0.00,0.00,0.00,0.00,0.00,0.00
12/30/19,Smoke RMK 105 (Smoke #17),39.4065,-105.4825,https://wrcc.dri.edu/cgi-bin/rawMAIN4.pl?idsm17+30+12+19+M,1,7,0,0.9,213,-10.5,3.7,-20.6,49,72,26,758.7,14.4,14.4,14.4,2.00,24:00,https://tools.airfire.org/monitor-qc-report/v2/wrcc?unitID=sm17,0.00,0.00,0.00,0.00,0.00,0.00,0.00,0.00,7.00,5.00,2.00,2.00,2.00,1.00,0.00,0.00,0.00,0.00,0.00,0.00,0.00,0.00,0.00,0.00
12/30/19,Smoke RMK 107 (Smoke #67),39.389,-105.2734,https://wrcc.dri.edu/cgi-bin/rawMAIN4.pl?idsm67+30+12+19+M,4,17,0,0.4,212,-14.6,6.4,-26.4,66,86,32,790.3,14.4,14.4,14.3,2.00,24:00,https://tools.airfire.org/monitor-qc-report/v2/wrcc?unitID=sm67,1.00,3.00,4.00,11.00,4.00,8.00,17.00,15.00,12.00,3.00,0.00,0.00,0.00,1.00,2.00,6.00,5.00,4.00,2.00,1.00,1.00,0.00,0.00,0.00
12/30/19,Smoke RMK 108 (Smoke #456),39.7144,-105.124,https://wrcc.dri.edu/cgi-bin/rawMAIN4.pl?ids456+30+12+19+M,1,3,0,0.3,1,-4.5,4.3,-10.6,0,-9999,-9999,819.7,14.4,14.4,14.4,2.00,24:00,https://tools.airfire.org/monitor-qc-report/v2/wrcc?unitID=s456,0.00,0.00,0.00,0.00,0.00,1.00,1.00,3.00,1.00,2.00,2.00,1.00,1.00,1.00,1.00,1.00,2.00,2.00,1.00,1.00,1.00,0.00,0.00,0.00
12/30/19,Smoke RMK 110 (Smoke #215),39.7144,-105.1239,https://wrcc.dri.edu/cgi-bin/rawMAIN4.pl?ids215+30+12+19+M,1,2,0,0.3,1,0.3,6.5,-3.5,0,-9999,-9999,820.4,14.4,14.4,14.4,2.00,24:00,https://tools.airfire.org/monitor-qc-report/v2/wrcc?unitID=s215,0.00,0.00,0.00,0.00,0.00,0.00,2.00,0.00,1.00,1.00,0.00,0.00,0.00,0.00,0.00,2.00,2.00,1.00,1.00,1.00,0.00,0.00,0.00,0.00
12/30/19,Smoke RMK 114 (Smoke #19),37.4696,-88.1586,https://wrcc.dri.edu/cgi-bin/rawMAIN4.pl?idsm19+30+12+19+M,0,0,0,1.9,240,7.9,13.1,5.3,74,95,60,-9999,14.4,14.4,14.3,2.00,24:00,https://tools.airfire.org/monitor-qc-report/v2/wrcc?unitID=sm19,0.00,0.00,0.00,0.00,0.00,0.00,0.00,0.00,0.00,0.00,0.00,0.00,0.00,0.00,0.00,0.00,0.00,0.00,0.00,0.00,0.00,0.00,0.00,0.00
12/30/19,Smoke RMK 115 (Smoke #20),39.5949,-106.0068,https://wrcc.dri.edu/cgi-bin/rawMAIN4.pl?idsm20+30+12+19+M,11,27,0,0.6,167,-18.9,-0.7,-28.7,60,72,34,722.4,14.4,14.4,14.4,2.00,24:00,https://tools.airfire.org/monitor-qc-report/v2/wrcc?unitID=sm20,0.00,0.00,14.00,26.00,22.00,11.00,17.00,10.00,25.00,26.00,27.00,10.00,11.00,4.00,7.00,9.00,26.00,9.00,9.00,2.00,0.00,0.00,0.00,0.00
12/30/19,Smoke RMK 124 (Smoke #210),39.7144,-105.1239,https://wrcc.dri.edu/cgi-bin/rawMAIN4.pl?ids210+30+12+19+M,1,3,0,0.3,1,-5.4,2.5,-11.3,1,-9999,-9999,822.6,14.4,14.4,14.4,2.00,24:00,https://tools.airfire.org/monitor-qc-report/v2/wrcc?unitID=s210,0.00,0.00,1.00,0.00,0.00,0.00,0.00,3.00,2.00,2.00,2.00,1.00,1.00,1.00,1.00,1.00,2.00,2.00,1.00,3.00,1.00,0.00,0.00,0.00
12/30/19,Smoke USFS R2-69,38.9793,-105.353,https://wrcc.dri.edu/cgi-bin/rawMAIN4.pl?ids269+30+12+19+M,5,14,0,0.3,1,-14.1,2.2,-24.2,0,-9999,-9999,750.7,14.4,14.4,14.4,2.00,24:00,https://tools.airfire.org/monitor-qc-report/v4/wrcc?unitID=s269,11.00,5.00,7.00,14.00,14.00,11.00,8.00,7.00,6.00,6.00,5.00,5.00,5.00,4.00,5.00,5.00,5.00,7.00,1.00,0.00,0.00,0.00,0.00,0.00
12/30/19,Smoke RMK 408 (EBAM #418),40.7769,-111.9459,https://wrcc.dri.edu/cgi-bin/rawMAIN4.pl?ide418+30+12+19+M,10,32,-5,1.2,-9999,-3.4,-0.6,-4.5,73,83,65,-9999,13.7,13.8,13.7,16.70,24:00,https://tools.airfire.org/monitor-qc-report/v2/wrcc?unitID=e418,-2.00,1.00,5.00,5.00,5.00,11.00,8.00,3.00,6.00,7.00,3.00,6.00,12.00,9.00,-9999,13.00,15.00,22.00,10.00,32.00,8.00,23.00,12.00,-5.00
12/30/19,Smoke RMK 409 (EBAM #592),40.7768,-111.9459,https://wrcc.dri.edu/cgi-bin/rawMAIN4.pl?ide592+30+12+19+M,14,68,-5,1.3,255,-2.7,-0.6,-4.0,70,78,64,-9999,14.2,14.3,14.2,16.70,24:00,https://tools.airfire.org/monitor-qc-report/v2/wrcc?unitID=e592,17.00,18.00,8.00,12.00,11.00,3.00,25.00,0.00,7.00,13.00,9.00,16.00,8.00,10.00,6.00,5.00,68.00,-5.00,28.00,13.00,18.00,-5.00,13.00,34.00
12/30/19,Smoke QD Test,39.389,-105.2734,https://wrcc.dri.edu/cgi-bin/rawMAIN4.pl?idsqdt+30+12+19+M,0,0,0,0.1,157,-9999,-9999,-9999,-9999,-9999,-9999,806.6,13.1,15.6,12.5,-9999,-9999,-9999,0.00,0.00,0.00,0.00,0.00,0.00,0.00,0.00,0.00,0.00,0.00,0.00,0.00,0.00,0.00,0.00,0.00,0.00,0.00,0.00,0.00,0.00,0.00,0.00
