,,Position (Deg.),,,Concentration (µg/m3),,,Wind,,Air Temperature (Deg. C.),,,Humidity (Percent),,,Barometer,Battery Voltage (volts),,,Air Flow (totalizer),,,Concentration by Hour,,,,,,,,,,,,,,,,,,,,,,,
Date,Station,Latitude,Longitude,Station Chart Link,Mean,Max,Min,Ave Vel. (m/s),V. Dir. (Deg),Mean,Max,Min,Mean,Max,Min,Baro. Pressure (mbars),Mean,Max,Min,Mean,Time of latest ob,Airfire QC Report Link,0:00,1:00,2:00,3:00,4:00,5:00,6:00,7:00,8:00,9:00,10:00,11:00,12:00,13:00,14:00,15:00,16:00,17:00,18:00,19:00,20:00,21:00,22:00,23:00
10/16/16,Smoke RMK 107 (Smoke #67),39.0003,-105.0668,https://wrcc.dri.edu/cgi-bin/rawMAIN4.pl?idsm67+16+10+16+M,0,0,0,2.5,1,15.2,21.3,10.5,1,-9999,-9999,741.8,14.2,14.3,14.1,2.00,24:00,https://tools.airfire.org/monitor-qc-report/v2/wrcc?unitID=sm67,0.00,0.00,0.00,0.00,0.00,0.00,0.00,0.00,0.00,0.00,0.00,0.00,0.00,0.00,0.00,0.00,0.00,0.00,0.00,0.00,0.00,0.00,0.00,0.00
10/16/16,Smoke RMK 112 (Smoke #11),39.1441,-105.1636,https://wrcc.dri.edu/cgi-bin/rawMAIN4.pl?idsm11+16+10+16+M,1,2,0,1.9,211,14.4,26.3,4.6,20,34,11,765.7,14.1,14.3,13.9,2.00,24:00,https://tools.airfire.org/monitor-qc-report/v2/wrcc?unitID=sm11,0.00,0.00,0.00,1.00,1.00,1.00,1.00,1.00,2.00,2.00,2.00,2.00,1.00,1.00,1.00,0.00,0.00,0.00,0.00,0.00,0.00,0.00,0.00,0.00
10/16/16,Smoke RMK 114 (Smoke #19),39.4854,-105.094,https://wrcc.dri.edu/cgi-bin/rawMAIN4.pl?idsm19+16+10+16+M,0,0,0,1.6,231,17.8,31.9,8.0,22,38,6,-9999,14.2,14.4,14.0,2.00,24:00,https://tools.airfire.org/monitor-qc-report/v2/wrcc?unitID=sm19,0.00,0.00,0.00,0.00,0.00,0.00,0.00,0.00,0.00,0.00,0.00,0.00,0.00,0.00,0.00,0.00,0.00,0.00,0.00,0.00,0.00,0.00,0.00,0.00
10/16/16,Smoke RMK 117 (Smoke #22),37.4611,-108.5158,https://wrcc.dri.edu/cgi-bin/rawMAIN4.pl?idsm22+16+10+16+M,1,2,0,2.2,307,14.7,24.5,5.8,29,49,14,784.4,14.2,14.4,14.0,2.00,24:00,https://tools.airfire.org/monitor-qc-report/v2/wrcc?unitID=sm22,0.00,0.00,0.00,1.00,0.00,1.00,1.00,1.00,2.00,1.00,1.00,1.00,1.00,1.00,1.00,1.00,1.00,1.00,0.00,0.00,0.00,0.00,1.00,0.00
10/16/16,Smoke RMK 118 (Smoke #23),40.872,-109.5397,https://wrcc.dri.edu/cgi-bin/rawMAIN4.pl?idsm23+16+10+16+M,2,7,0,1.8,-9999,8.6,16.2,3.9,55,89,28,759.1,13.7,14.2,9.8,1.97,24:00,https://tools.airfire.org/monitor-qc-report/v2/wrcc?unitID=sm23,4.00,5.00,4.00,1.00,4.00,2.00,7.00,-9999,-9999,-9999,-9999,-9999,-9999,-9999,-9999,0.00,2.00,2.00,3.00,5.00,0.00,0.00,0.00,0.00
10/16/16,Smoke RMK 121 (Smoke #68),39.7144,-105.1239,https://wrcc.dri.edu/cgi-bin/rawMAIN4.pl?idsm68+16+10+16+M,4,11,0,1.4,268,19.6,31.7,9.4,24,46,8,819.1,14.3,14.4,14.1,2.00,24:00,https://tools.airfire.org/monitor-qc-report/v2/wrcc?unitID=sm68,0.00,2.00,4.00,6.00,5.00,6.00,5.00,8.00,11.00,10.00,9.00,6.00,4.00,3.00,3.00,2.00,0.00,0.00,0.00,0.00,0.00,0.00,0.00,0.00
10/16/16,FWS Smoke #1,48.3441,-117.2723,https://wrcc.dri.edu/cgi-bin/rawMAIN4.pl?idsmf1+16+10+16+M,3,22,0,2.0,120,3.6,6.1,2.3,0,-9999,-9999,923.6,14.4,14.4,14.3,2.00,24:00,https://tools.airfire.org/monitor-qc-report/v4/wrcc?unitID=smf1,1.00,1.00,3.00,4.00,4.00,1.00,4.00,13.00,22.00,9.00,3.00,1.00,1.00,1.00,2.00,1.00,2.00,1.00,0.00,2.00,0.00,1.00,0.00,1.00
10/16/16,Smoke USFS R1-52,48.8978,-115.0584,https://wrcc.dri.edu/cgi-bin/rawMAIN4.pl?ids152+16+10+16+M,0,3,0,1.2,121,10.6,13.9,8.6,78,91,57,906.1,14.3,14.3,14.2,2.00,24:00,https://tools.airfire.org/monitor-qc-report/v4/wrcc?unitID=s152,1.00,1.00,0.00,1.00,1.00,0.00,3.00,0.00,1.00,0.00,1.00,0.00,0.00,0.00,0.00,0.00,0.00,0.00,0.00,0.00,0.00,0.00,0.00,0.00
10/16/16,Smoke USFS R2-69,38.9792,-105.3531,https://wrcc.dri.edu/cgi-bin/rawMAIN4.pl?ids269+16+10+16+M,3,10,0,0.3,1,12.5,27.9,-0.9,1,1,0,752.7,14.3,14.4,14.1,2.00,24:00,https://tools.airfire.org/monitor-qc-report/v4/wrcc?unitID=s269,0.00,0.00,1.00,4.00,5.00,5.00,6.00,5.00,6.00,7.00,8.00,10.00,7.00,4.00,3.00,3.00,1.00,0.00,0.00,0.00,0.00,0.00,0.00,0.00
10/16/16,Smoke USFS R3-28,35.6715,-105.9557,https://wrcc.dri.edu/cgi-bin/rawMAIN4.pl?ids328+16+10+16+M,51,391,-5,1.9,57,15.3,22.8,8.0,0,-9999,-9999,-9999,14.2,14.4,14.1,16.67,24:00,https://tools.airfire.org/monitor-qc-report/v4/wrcc?unitID=s328,0.00,4.00,1.00,-2.00,5.00,7.00,46.00,44.00,28.00,6.00,133.00,303.00,391.00,190.00,56.00,60.00,-5.00,-5.00,-5.00,-5.00,-5.00,-5.00,-5.00,-5.00
10/16/16,Smoke NPS Yosemite 01,37.507,-119.6323,https://wrcc.dri.edu/cgi-bin/rawMAIN4.pl?idsmy1+16+10+16+M,0,6,-5,1.1,88,7.4,10.4,6.1,94,97,71,-9999,14.4,14.4,14.4,16.69,24:00,https://tools.airfire.org/monitor-qc-report/v4/wrcc?unitID=smy1,5.00,1.00,-5.00,1.00,5.00,1.00,-3.00,3.00,-2.00,-5.00,-1.00,-1.00,0.00,0.00,2.00,-1.00,1.00,-5.00,1.00,0.00,-1.00,3.00,4.00,1.00
10/16/16,Smoke USFS R2-265,40.7421,-105.5082,https://wrcc.dri.edu/cgi-bin/rawMAIN4.pl?id2265+16+10+16+M,850,3000,0,3.1,-9999,15.6,24.3,3.8,32,61,18,766.5,13.4,14.4,0.0,2.00,24:00,https://tools.airfire.org/monitor-qc-report/v4/wrcc?unitID=2265,-9999,1000.00,1000.00,2000.00,2000.00,1000.00,2000.00,2000.00,1000.00,0.00,-9999,-9999,1000.00,3000.00,-9999,-9999,1000.00,0.00,0.00,0.00,0.00,0.00,0.00,0.00
