,,Position (Deg.),,,Concentration (µg/m3),,,Wind,,Air Temperature (Deg. C.),,,Humidity (Percent),,,Barometer,Battery Voltage (volts),,,Air Flow (totalizer),,,Concentration by Hour,,,,,,,,,,,,,,,,,,,,,,,
Date,Station,Latitude,Longitude,Station Chart Link,Mean,Max,Min,Ave Vel. (m/s),V. Dir. (Deg),Mean,Max,Min,Mean,Max,Min,Baro. Pressure (mbars),Mean,Max,Min,Mean,Time of latest ob,Airfire QC Report Link,0:00,1:00,2:00,3:00,4:00,5:00,6:00,7:00,8:00,9:00,10:00,11:00,12:00,13:00,14:00,15:00,16:00,17:00,18:00,19:00,20:00,21:00,22:00,23:00
05/06/18,Smoke RMK 105 (Smoke #17),42.5537,-121.9204,https://wrcc.dri.edu/cgi-bin/rawMAIN4.pl?idsm17+06+05+18+M,15,107,1,1.2,181,14.1,22.8,6.2,51,78,28,868.5,14.3,14.4,14.2,2.00,24:00,https://tools.airfire.org/monitor-qc-report/v2/wrcc?unitID=sm17,2.00,3.00,2.00,2.00,2.00,2.00,2.00,8.00,12.00,6.00,15.00,43.00,107.00,88.00,33.00,10.00,2.00,2.00,2.00,3.00,2.00,1.00,1.00,1.00
05/06/18,Smoke RMK 110 (Smoke #215),39.7144,-105.124,https://wrcc.dri.edu/cgi-bin/rawMAIN4.pl?ids215+06+05+18+M,2,4,1,1.4,316,23.1,28.9,17.0,38,62,25,831.3,14.2,14.4,14.1,2.00,24:00,https://tools.airfire.org/monitor-qc-report/v2/wrcc?unitID=s215,1.00,1.00,1.00,2.00,4.00,4.00,2.00,3.00,3.00,2.00,3.00,2.00,1.00,1.00,2.00,2.00,1.00,2.00,2.00,3.00,3.00,2.00,3.00,2.00
05/06/18,Smoke RMK 114 (Smoke #19),42.5795,-121.6912,https://wrcc.dri.edu/cgi-bin/rawMAIN4.pl?idsm19+06+05+18+M,2,8,1,1.7,132,14.1,23.8,5.3,55,89,26,-9999,14.3,14.4,14.1,2.00,24:00,https://tools.airfire.org/monitor-qc-report/v2/wrcc?unitID=sm19,3.00,2.00,1.00,1.00,1.00,1.00,1.00,1.00,1.00,1.00,1.00,1.00,1.00,1.00,2.00,4.00,8.00,3.00,3.00,4.00,4.00,1.00,1.00,1.00
05/06/18,Smoke RMK 116 (Smoke #21),39.7144,-105.1239,https://wrcc.dri.edu/cgi-bin/rawMAIN4.pl?idsm21+06+05+18+M,12,32,1,0.5,306,20.6,29.1,11.6,38,60,22,-9999,14.1,14.3,14.0,2.00,24:00,https://tools.airfire.org/monitor-qc-report/v2/wrcc?unitID=sm21,0.00,1.00,5.00,10.00,15.00,19.00,21.00,21.00,22.00,26.00,29.00,31.00,32.00,30.00,17.00,7.00,3.00,2.00,1.00,1.00,1.00,1.00,1.00,1.00
05/06/18,Smoke RMK 122 (Smoke #69),34.649,-111.1085,https://wrcc.dri.edu/cgi-bin/rawMAIN4.pl?idsm69+06+05+18+M,105,433,1,1.2,169,15.3,26.3,3.8,20,40,6,796.8,14.2,14.4,14.0,2.00,24:00,https://tools.airfire.org/monitor-qc-report/v2/wrcc?unitID=sm69,32.00,10.00,3.00,2.00,2.00,12.00,212.00,396.00,433.00,341.00,298.00,207.00,152.00,95.00,129.00,136.00,63.00,13.00,4.00,4.00,2.00,2.00,2.00,2.00
05/06/18,Smoke RMK 125 (Smoke #216),42.6417,-121.8832,https://wrcc.dri.edu/cgi-bin/rawMAIN4.pl?ids216+06+05+18+M,2,7,1,0.8,217,15.8,25.2,7.2,55,87,27,869.3,14.2,14.4,14.1,2.00,24:00,https://tools.airfire.org/monitor-qc-report/v2/wrcc?unitID=s216,2.00,2.00,2.00,2.00,2.00,2.00,2.00,2.00,2.00,2.00,2.00,3.00,4.00,5.00,6.00,7.00,2.00,2.00,2.00,2.00,1.00,1.00,1.00,1.00
05/06/18,Smoke USFS R2-69,38.9793,-105.353,https://wrcc.dri.edu/cgi-bin/rawMAIN4.pl?ids269+06+05+18+M,3,6,0,0.3,1,13.1,26.6,-0.3,1,1,0,762.1,14.3,14.4,14.1,2.00,24:00,https://tools.airfire.org/monitor-qc-report/v4/wrcc?unitID=s269,0.00,2.00,2.00,3.00,3.00,4.00,4.00,4.00,4.00,4.00,5.00,5.00,6.00,5.00,5.00,4.00,3.00,0.00,0.00,0.00,0.00,0.00,0.00,0.00
05/06/18,Smoke USFS R3-86,35.6871,-105.8956,https://wrcc.dri.edu/cgi-bin/rawMAIN4.pl?ids386+06+05+18+M,3,30,-5,0.3,1,24.4,38.4,13.6,0,1,0,-9999,14.4,14.4,14.4,16.70,24:00,https://tools.airfire.org/monitor-qc-report/v4/wrcc?unitID=s386,-1.00,15.00,10.00,5.00,30.00,-5.00,27.00,1.00,-2.00,-2.00,20.00,-5.00,-5.00,-5.00,-5.00,-5.00,-5.00,0.00,-5.00,14.00,2.00,-2.00,-5.00,6.00
