,,Position (Deg.),,,Concentration (µg/m3),,,Wind,,Air Temperature (Deg. C.),,,Humidity (Percent),,,Barometer,Battery Voltage (volts),,,Air Flow (totalizer),,,Concentration by Hour,,,,,,,,,,,,,,,,,,,,,,,
Date,Station,Latitude,Longitude,Station Chart Link,Mean,Max,Min,Ave Vel. (m/s),V. Dir. (Deg),Mean,Max,Min,Mean,Max,Min,Baro. Pressure (mbars),Mean,Max,Min,Mean,Time of latest ob,Airfire QC Report Link,0:00,1:00,2:00,3:00,4:00,5:00,6:00,7:00,8:00,9:00,10:00,11:00,12:00,13:00,14:00,15:00,16:00,17:00,18:00,19:00,20:00,21:00,22:00,23:00
12/04/23,Smoke RMK 100 (Smoke #659),39.7144,-105.124,https://wrcc.dri.edu/cgi-bin/rawMAIN4.pl?ids659+04+12+23+M,1,4,0,1.2,-9999,3.5,11.8,-1.2,52,69,30,824.4,14.4,14.4,14.4,2.00,19:00,https://tools.airfire.org/monitor-qc-report/v2/wrcc?unitID=s659,1.00,1.00,3.00,4.00,3.00,2.00,3.00,3.00,2.00,1.00,1.00,1.00,0.00,0.00,0.00,0.00,1.00,2.00,1.00,0.00,-9999,-9999,-9999,-9999
12/04/23,Smoke RMK 105 (Smoke #17),39.7144,-105.124,https://wrcc.dri.edu/cgi-bin/rawMAIN4.pl?idsm17+04+12+23+M,1,4,0,1.4,345,7.3,14.9,0.8,45,66,27,823.9,14.5,14.5,14.4,2.00,24:00,https://tools.airfire.org/monitor-qc-report/v2/wrcc?unitID=sm17,1.00,1.00,3.00,4.00,3.00,2.00,3.00,3.00,2.00,1.00,1.00,0.00,1.00,0.00,0.00,0.00,1.00,2.00,1.00,1.00,0.00,0.00,0.00,0.00
12/04/23,Smoke RMK 107 (Smoke #67),40.4497,-105.3313,https://wrcc.dri.edu/cgi-bin/rawMAIN4.pl?idsm67+04+12+23+M,0,0,0,2.7,-9999,10.9,12.2,8.1,34,43,31,781.6,14.5,14.5,14.3,1.69,24:00,https://tools.airfire.org/monitor-qc-report/v2/wrcc?unitID=sm67,-9999,-9999,-9999,-9999,-9999,-9999,-9999,-9999,-9999,-9999,-9999,-9999,-9999,-9999,-9999,-9999,-9999,-9999,0.00,0.00,0.00,0.00,0.00,0.00
12/04/23,Smoke RMK 108 (Smoke #456),39.7144,-105.124,https://wrcc.dri.edu/cgi-bin/rawMAIN4.pl?ids456+04+12+23+M,1,3,0,1.3,-9999,3.0,11.8,-2.2,47,65,25,824.4,14.4,14.5,14.4,2.00,20:00,https://tools.airfire.org/monitor-qc-report/v2/wrcc?unitID=s456,1.00,1.00,3.00,3.00,2.00,2.00,2.00,2.00,1.00,1.00,1.00,0.00,1.00,0.00,0.00,0.00,1.00,1.00,1.00,1.00,0.00,-9999,-9999,-9999
12/04/23,Smoke RMK 122 (Smoke #69),39.7144,-105.124,https://wrcc.dri.edu/cgi-bin/rawMAIN4.pl?idsm69+04+12+23+M,5,14,0,2.5,-9999,12.0,13.2,10.9,30,34,27,826.0,14.3,14.3,14.3,1.33,24:00,https://tools.airfire.org/monitor-qc-report/v2/wrcc?unitID=sm69,-9999,-9999,-9999,-9999,-9999,-9999,-9999,-9999,-9999,-9999,-9999,-9999,-9999,-9999,-9999,-9999,-9999,-9999,-9999,-9999,-9999,-9999,0.00,14.00
12/04/23,Smoke USFS R3-86,35.687,-105.8956,https://wrcc.dri.edu/cgi-bin/rawMAIN4.pl?ids386+04+12+23+M,-1,8,-5,0.4,354,-4.5,1.8,-7.8,1,1,0,-9999,13.9,14.0,13.9,16.70,24:00,https://tools.airfire.org/monitor-qc-report/v4/wrcc?unitID=s386,1.00,-5.00,2.00,0.00,0.00,-3.00,-1.00,0.00,3.00,-2.00,-5.00,0.00,-2.00,2.00,-3.00,-4.00,0.00,-5.00,-5.00,6.00,-5.00,-3.00,-3.00,8.00
12/04/23,Smoke RMK 400 (EBAM #487),39.7143,-105.1239,https://wrcc.dri.edu/cgi-bin/rawMAIN4.pl?ide487+04+12+23+M,1,9,-8,1.2,-9999,9.2,17.9,4.0,52,66,35,-9999,11.7,11.7,11.6,12.49,20:00,https://tools.airfire.org/monitor-qc-report/v2/wrcc?unitID=e487,3.00,-2.00,-1.00,4.00,7.00,4.00,0.00,6.00,4.00,3.00,-2.00,-8.00,9.00,-2.00,-7.00,-1.00,3.00,7.00,-1.00,5.00,-1.00,-9999,-9999,-9999
12/04/23,Smoke USFS R1-307,46.5841,-112.042,https://wrcc.dri.edu/cgi-bin/rawMAIN4.pl?id1307+04+12+23+M,0,1,0,0.8,336,6.0,9.3,1.3,54,70,43,-9999,14.4,14.4,14.3,2.00,24:00,https://tools.airfire.org/monitor-qc-report/v4/wrcc?unitID=1307,1.00,1.00,1.00,1.00,0.00,1.00,0.00,0.00,0.00,0.00,0.00,0.00,0.00,0.00,0.00,0.00,0.00,0.00,0.00,0.00,0.00,0.00,0.00,0.00
