,,Position (Deg.),,,Concentration (µg/m3),,,Wind,,Air Temperature (Deg. C.),,,Humidity (Percent),,,Barometer,Battery Voltage (volts),,,Air Flow (totalizer),,,Concentration by Hour,,,,,,,,,,,,,,,,,,,,,,,
Date,Station,Latitude,Longitude,Station Chart Link,Mean,Max,Min,Ave Vel. (m/s),V. Dir. (Deg),Mean,Max,Min,Mean,Max,Min,Baro. Pressure (mbars),Mean,Max,Min,Mean,Time of latest ob,Airfire QC Report Link,0:00,1:00,2:00,3:00,4:00,5:00,6:00,7:00,8:00,9:00,10:00,11:00,12:00,13:00,14:00,15:00,16:00,17:00,18:00,19:00,20:00,21:00,22:00,23:00
07/27/24,Smoke RMK 100 (Smoke #659),44.1509,-122.3637,https://wrcc.dri.edu/cgi-bin/rawMAIN4.pl?ids659+27+07+24+M,28,78,3,0.8,-9999,18.9,30.2,9.6,68,99,33,973.6,14.4,14.5,14.4,2.00,24:00,https://tools.airfire.org/monitor-qc-report/v2/wrcc?unitID=s659,11.00,14.00,13.00,14.00,12.00,8.00,8.00,8.00,8.00,8.00,9.00,22.00,47.00,45.00,58.00,59.00,45.00,78.00,53.00,47.00,58.00,25.00,8.00,-9999
07/27/24,Smoke RMK 102 (Smoke #661),44.1373,-118.9727,https://wrcc.dri.edu/cgi-bin/rawMAIN4.pl?ids661+27+07+24+M,158,267,38,1.2,296,14.1,26.0,2.3,47,80,19,854.7,14.4,14.4,14.3,2.00,24:00,https://tools.airfire.org/monitor-qc-report/v2/wrcc?unitID=s661,138.00,91.00,122.00,237.00,267.00,237.00,227.00,204.00,204.00,178.00,205.00,214.00,185.00,165.00,168.00,185.00,201.00,204.00,183.00,73.00,55.00,47.00,51.00,38.00
07/27/24,Smoke RMK 105 (Smoke #17),43.1922,-122.1367,https://wrcc.dri.edu/cgi-bin/rawMAIN4.pl?idsm17+27+07+24+M,174,369,21,1.5,342,17.2,25.1,7.2,53,79,33,6.3,14.5,14.5,14.4,2.00,24:00,https://tools.airfire.org/monitor-qc-report/v2/wrcc?unitID=sm17,313.00,361.00,369.00,327.00,166.00,126.00,201.00,147.00,90.00,63.00,52.00,45.00,41.00,34.00,21.00,45.00,59.00,171.00,300.00,303.00,318.00,230.00,185.00,221.00
07/27/24,Smoke RMK 106 (Smoke #66),39.7144,-105.124,https://wrcc.dri.edu/cgi-bin/rawMAIN4.pl?idsm66+27+07+24+M,6,9,3,1.1,42,27.0,35.2,19.5,46,67,26,824.2,14.5,14.5,14.5,2.00,24:00,https://tools.airfire.org/monitor-qc-report/v2/wrcc?unitID=sm66,9.00,7.00,7.00,8.00,7.00,8.00,9.00,9.00,8.00,7.00,4.00,5.00,7.00,6.00,7.00,7.00,6.00,3.00,4.00,4.00,4.00,4.00,4.00,4.00
07/27/24,Smoke RMK 112 (Smoke #11),48.3087,-120.6566,https://wrcc.dri.edu/cgi-bin/rawMAIN4.pl?idsm11+27+07+24+M,14,71,2,1.0,342,21.3,28.4,15.0,44,61,28,965.6,14.4,14.4,14.3,2.00,24:00,https://tools.airfire.org/monitor-qc-report/v2/wrcc?unitID=sm11,17.00,16.00,3.00,2.00,2.00,2.00,2.00,2.00,2.00,3.00,4.00,5.00,6.00,9.00,7.00,7.00,11.00,13.00,22.00,71.00,68.00,28.00,27.00,18.00
07/27/24,Smoke RMK 113 (Smoke #16),39.7144,-105.1239,https://wrcc.dri.edu/cgi-bin/rawMAIN4.pl?idsm16+27+07+24+M,5,8,3,1.1,-9999,25.6,33.4,18.8,43,61,22,826.0,14.5,14.5,14.5,2.00,23:00,https://tools.airfire.org/monitor-qc-report/v2/wrcc?unitID=sm16,8.00,7.00,7.00,7.00,6.00,7.00,8.00,8.00,7.00,6.00,3.00,4.00,5.00,5.00,5.00,6.00,5.00,3.00,3.00,3.00,3.00,3.00,-9999,4.00
07/27/24,Smoke RMK 119 (Smoke #24),43.3121,-123.0709,https://wrcc.dri.edu/cgi-bin/rawMAIN4.pl?idsm24+27+07+24+M,5,11,3,1.0,290,20.0,30.6,9.7,55,87,28,983.7,14.4,14.6,12.2,2.00,24:00,https://tools.airfire.org/monitor-qc-report/v2/wrcc?unitID=sm24,9.00,11.00,11.00,9.00,3.00,3.00,3.00,3.00,4.00,3.00,3.00,4.00,3.00,3.00,3.00,4.00,6.00,7.00,7.00,6.00,7.00,4.00,5.00,5.00
07/27/24,Smoke RMK 121 (Smoke #68),47.8999,-120.1411,https://wrcc.dri.edu/cgi-bin/rawMAIN4.pl?idsm68+27+07+24+M,22,54,2,1.3,-9999,24.4,32.8,18.0,35,50,17,962.0,14.4,14.5,14.4,2.00,24:00,https://tools.airfire.org/monitor-qc-report/v2/wrcc?unitID=sm68,2.00,2.00,4.00,10.00,11.00,12.00,12.00,10.00,13.00,19.00,27.00,40.00,47.00,54.00,47.00,36.00,42.00,36.00,30.00,20.00,12.00,9.00,9.00,-9999
07/27/24,Smoke RMK 122 (Smoke #69),43.9978,-121.4053,https://wrcc.dri.edu/cgi-bin/rawMAIN4.pl?idsm69+27+07+24+M,27,42,9,0.8,138,17.4,28.3,6.3,49,77,19,869.9,14.4,14.5,14.4,2.00,24:00,https://tools.airfire.org/monitor-qc-report/v2/wrcc?unitID=sm69,10.00,9.00,12.00,19.00,24.00,23.00,24.00,31.00,35.00,34.00,34.00,32.00,28.00,27.00,26.00,25.00,28.00,42.00,32.00,28.00,25.00,21.00,29.00,32.00
07/27/24,Smoke RMK 123 (Smoke #209),45.3528,-119.5531,https://wrcc.dri.edu/cgi-bin/rawMAIN4.pl?ids209+27+07+24+M,21,38,9,0.9,318,22.6,33.3,13.0,36,57,20,940.2,14.5,14.5,14.4,2.00,24:00,https://tools.airfire.org/monitor-qc-report/v2/wrcc?unitID=s209,18.00,16.00,18.00,24.00,28.00,34.00,34.00,38.00,33.00,29.00,27.00,26.00,24.00,21.00,20.00,19.00,19.00,17.00,12.00,12.00,12.00,15.00,16.00,12.00
07/27/24,Smoke RMK 127 (Smoke #454),40.6233,-111.2282,https://wrcc.dri.edu/cgi-bin/rawMAIN4.pl?ids454+27+07+24+M,7,10,4,1.1,7,23.7,33.2,16.4,47,74,23,793.3,14.5,14.5,14.4,2.00,24:00,https://tools.airfire.org/monitor-qc-report/v2/wrcc?unitID=s454,4.00,7.00,7.00,8.00,8.00,8.00,10.00,10.00,9.00,9.00,9.00,7.00,6.00,5.00,4.00,4.00,4.00,5.00,7.00,8.00,8.00,7.00,6.00,6.00
07/27/24,Smoke RMK 128 (Smoke #457),43.4608,-121.6967,https://wrcc.dri.edu/cgi-bin/rawMAIN4.pl?ids457+27+07+24+M,128,241,44,0.6,203,19.6,31.5,6.2,59,91,28,858.7,14.5,14.6,14.4,2.00,24:00,https://tools.airfire.org/monitor-qc-report/v2/wrcc?unitID=s457,101.00,132.00,211.00,225.00,214.00,117.00,148.00,120.00,122.00,102.00,101.00,103.00,99.00,92.00,166.00,178.00,241.00,209.00,67.00,53.00,44.00,55.00,74.00,87.00
07/27/24,Smoke RMK 129 (USFS R2-922),44.1509,-122.3637,https://wrcc.dri.edu/cgi-bin/rawMAIN4.pl?id2922+27+07+24+M,95,122,87,0.7,-9999,20.7,31.0,13.5,69,94,39,7.3,14.4,14.5,14.3,2.00,12:00,https://tools.airfire.org/monitor-qc-report/v2/wrcc?unitID=2922,90.00,89.00,91.00,90.00,87.00,88.00,88.00,88.00,88.00,89.00,100.00,120.00,122.00,-9999,-9999,-9999,-9999,-9999,-9999,-9999,-9999,-9999,-9999,-9999
07/27/24,Smoke USFS R1-53,46.7815,-114.0107,https://wrcc.dri.edu/cgi-bin/rawMAIN4.pl?ids153+27+07+24+M,9,27,1,1.2,213,20.8,34.4,8.3,33,64,10,891.3,14.2,14.4,14.0,2.00,24:00,https://tools.airfire.org/monitor-qc-report/v4/wrcc?unitID=s153,7.00,4.00,2.00,1.00,2.00,2.00,2.00,2.00,2.00,2.00,3.00,3.00,5.00,6.00,8.00,9.00,5.00,8.00,11.00,22.00,25.00,21.00,24.00,27.00
07/27/24,Smoke USFS R3-86,35.6871,-105.8955,https://wrcc.dri.edu/cgi-bin/rawMAIN4.pl?ids386+27+07+24+M,4,16,-5,0.5,11,11.7,24.1,3.0,1,-9999,-9999,-9999,13.8,13.8,13.7,16.70,24:00,https://tools.airfire.org/monitor-qc-report/v4/wrcc?unitID=s386,2.00,-2.00,-4.00,11.00,6.00,2.00,4.00,6.00,2.00,1.00,7.00,3.00,1.00,4.00,-5.00,-5.00,16.00,13.00,4.00,5.00,2.00,8.00,-2.00,7.00
07/27/24,Smoke USFS R1-306,46.7354,-113.9306,https://wrcc.dri.edu/cgi-bin/rawMAIN4.pl?id1306+27+07+24+M,15,31,4,1.1,138,19.2,33.3,5.4,44,82,8,-9999,14.2,14.4,14.0,2.00,24:00,https://tools.airfire.org/monitor-qc-report/v4/wrcc?unitID=1306,13.00,8.00,4.00,4.00,5.00,5.00,5.00,6.00,6.00,7.00,8.00,9.00,11.00,13.00,14.00,20.00,31.00,19.00,18.00,21.00,25.00,29.00,29.00,30.00
07/27/24,Smoke USFS R1-307,46.7847,-113.7153,https://wrcc.dri.edu/cgi-bin/rawMAIN4.pl?id1307+27+07+24+M,11,28,2,1.4,115,21.6,33.3,9.6,34,64,12,-9999,14.1,14.3,14.0,2.00,24:00,https://tools.airfire.org/monitor-qc-report/v4/wrcc?unitID=1307,8.00,6.00,3.00,2.00,3.00,4.00,3.00,3.00,4.00,4.00,4.00,5.00,6.00,6.00,8.00,7.00,8.00,9.00,13.00,26.00,28.00,27.00,28.00,27.00
07/27/24,Smoke USFS 3016,46.7535,-114.0835,https://wrcc.dri.edu/cgi-bin/rawMAIN4.pl?ids316+27+07+24+M,14,84,3,1.2,243,21.6,33.8,9.8,33,58,11,902.8,14.3,14.4,14.1,2.00,24:00,https://tools.airfire.org/monitor-qc-report/v4/wrcc?unitID=s316,3.00,3.00,84.00,4.00,5.00,5.00,5.00,5.00,6.00,6.00,7.00,7.00,8.00,9.00,9.00,9.00,10.00,11.00,13.00,18.00,24.00,23.00,24.00,23.00
07/27/24,Lolo NF Smoke #1,47.1954,-114.8942,https://wrcc.dri.edu/cgi-bin/rawMAIN4.pl?idsml1+27+07+24+M,18,27,5,0.9,356,25.7,37.4,14.4,46,93,12,919.4,13.1,13.4,12.9,1.78,24:00,https://tools.airfire.org/monitor-qc-report/v4/wrcc?unitID=sml1,4.00,5.00,8.00,10.00,13.00,21.00,25.00,27.00,24.00,23.00,23.00,22.00,22.00,22.00,20.00,20.00,19.00,18.00,19.00,11.00,13.00,15.00,14.00,16.00
