,,Position (Deg.),,,Concentration (µg/m3),,,Wind,,Air Temperature (Deg. C.),,,Humidity (Percent),,,Barometer,Battery Voltage (volts),,,Air Flow (totalizer),,,Concentration by Hour,,,,,,,,,,,,,,,,,,,,,,,
Date,Station,Latitude,Longitude,Station Chart Link,Mean,Max,Min,Ave Vel. (m/s),V. Dir. (Deg),Mean,Max,Min,Mean,Max,Min,Baro. Pressure (mbars),Mean,Max,Min,Mean,Time of latest ob,Airfire QC Report Link,0:00,1:00,2:00,3:00,4:00,5:00,6:00,7:00,8:00,9:00,10:00,11:00,12:00,13:00,14:00,15:00,16:00,17:00,18:00,19:00,20:00,21:00,22:00,23:00
08/30/13,Smoke #13,43.8051,-115.1306,https://wrcc.dri.edu/cgi-bin/rawMAIN4.pl?idsm13+30+08+13+M,17,30,3,0.3,2,19.3,33.3,5.9,46,84,5,839.1,14.1,14.3,13.9,2.00,24:00,https://tools.airfire.org/monitor-qc-report/v4/wrcc?unitID=sm13,4.00,3.00,3.00,4.00,5.00,7.00,11.00,16.00,19.00,24.00,25.00,26.00,29.00,27.00,24.00,22.00,22.00,30.00,21.00,21.00,21.00,18.00,19.00,10.00
08/30/13,Smoke RMK 115 (Smoke #20),43.5651,-116.2088,https://wrcc.dri.edu/cgi-bin/rawMAIN4.pl?idsm20+30+08+13+M,12,21,1,0.8,112,30.6,45.5,18.5,29,52,9,-9999,13.9,14.1,13.8,2.00,24:00,https://tools.airfire.org/monitor-qc-report/v2/wrcc?unitID=sm20,8.00,10.00,12.00,13.00,15.00,16.00,14.00,16.00,17.00,18.00,18.00,17.00,19.00,18.00,20.00,21.00,16.00,15.00,9.00,3.00,2.00,1.00,1.00,2.00
08/30/13,Smoke RMK 116 (Smoke #21),44.5045,-114.2225,https://wrcc.dri.edu/cgi-bin/rawMAIN4.pl?idsm21+30+08+13+M,15,48,3,1.1,271,24.0,35.5,12.6,33,55,8,-9999,14.2,14.4,14.0,2.00,24:00,https://tools.airfire.org/monitor-qc-report/v2/wrcc?unitID=sm21,0.00,3.00,8.00,8.00,6.00,6.00,8.00,10.00,12.00,11.00,14.00,16.00,16.00,15.00,16.00,14.00,13.00,12.00,11.00,11.00,17.00,32.00,38.00,48.00
08/30/13,Smoke E-BAM 52,35.889,-78.8747,https://wrcc.dri.edu/cgi-bin/rawMAIN4.pl?idsm52+30+08+13+M,19,66,-5,0.8,327,25.2,28.6,22.0,0,1,0,-10.0,14.1,14.1,14.0,16.67,24:00,https://tools.airfire.org/monitor-qc-report/v4/wrcc?unitID=sm52,12.00,31.00,30.00,27.00,66.00,36.00,24.00,35.00,29.00,25.00,10.00,24.00,-5.00,39.00,-5.00,5.00,7.00,13.00,6.00,5.00,9.00,12.00,4.00,16.00
08/30/13,Smoke #86,46.9272,-114.097,https://wrcc.dri.edu/cgi-bin/rawMAIN4.pl?idsm86+30+08+13+M,6,11,0,1.4,302,20.8,30.6,12.8,67,95,23,906.4,12.3,12.7,12.1,2.00,24:00,https://tools.airfire.org/monitor-qc-report/v4/wrcc?unitID=sm86,3.00,8.00,11.00,6.00,3.00,6.00,4.00,6.00,7.00,5.00,5.00,4.00,6.00,4.00,9.00,10.00,9.00,11.00,9.00,7.00,2.00,0.00,1.00,0.00
08/30/13,Smoke USFS R1-52,46.7534,-114.0903,https://wrcc.dri.edu/cgi-bin/rawMAIN4.pl?ids152+30+08+13+M,11,18,0,1.4,287,19.9,30.3,12.0,70,94,28,906.4,14.1,14.3,14.0,2.00,24:00,https://tools.airfire.org/monitor-qc-report/v4/wrcc?unitID=s152,17.00,12.00,11.00,11.00,10.00,11.00,12.00,15.00,14.00,16.00,16.00,18.00,17.00,18.00,16.00,17.00,16.00,16.00,13.00,7.00,1.00,2.00,1.00,0.00
08/30/13,Smoke USFS R1-53,47.8271,-112.1965,https://wrcc.dri.edu/cgi-bin/rawMAIN4.pl?ids153+30+08+13+M,158,166,141,-4.2,-9999,18.8,31.5,8.7,63,98,2,841.3,11.6,11.8,11.4,2.00,21:00,https://tools.airfire.org/monitor-qc-report/v4/wrcc?unitID=s153,142.00,147.00,163.00,163.00,161.00,161.00,161.00,162.00,163.00,163.00,164.00,165.00,166.00,166.00,166.00,164.00,159.00,150.00,146.00,145.00,144.00,141.00,-9999,-9999
08/30/13,Smoke USFS R1-39,47.4929,-112.3972,https://wrcc.dri.edu/cgi-bin/rawMAIN4.pl?ids139+30+08+13+M,9,17,1,1.7,200,20.9,32.6,9.1,51,86,17,875.6,14.2,14.4,14.0,2.00,24:00,https://tools.airfire.org/monitor-qc-report/v4/wrcc?unitID=s139,10.00,16.00,11.00,16.00,17.00,13.00,11.00,10.00,10.00,11.00,11.00,11.00,11.00,11.00,12.00,12.00,10.00,9.00,7.00,5.00,4.00,4.00,2.00,2.00
