,,Position (Deg.),,,Concentration (µg/m3),,,Wind,,Air Temperature (Deg. C.),,,Humidity (Percent),,,Barometer,Battery Voltage (volts),,,Air Flow (totalizer),,,Concentration by Hour,,,,,,,,,,,,,,,,,,,,,,,
Date,Station,Latitude,Longitude,Station Chart Link,Mean,Max,Min,Ave Vel. (m/s),V. Dir. (Deg),Mean,Max,Min,Mean,Max,Min,Baro. Pressure (mbars),Mean,Max,Min,Mean,Time of latest ob,Airfire QC Report Link,0:00,1:00,2:00,3:00,4:00,5:00,6:00,7:00,8:00,9:00,10:00,11:00,12:00,13:00,14:00,15:00,16:00,17:00,18:00,19:00,20:00,21:00,22:00,23:00
01/28/19,Smoke #13,40.1156,-105.3858,https://wrcc.dri.edu/cgi-bin/rawMAIN4.pl?idsm13+28+01+19+M,2,24,0,1.5,179,0.3,5.9,-3.6,66,86,41,779.9,14.4,14.4,14.4,2.00,24:00,https://tools.airfire.org/monitor-qc-report/v4/wrcc?unitID=sm13,0.00,0.00,0.00,0.00,0.00,0.00,0.00,0.00,0.00,0.00,0.00,0.00,0.00,0.00,1.00,1.00,1.00,1.00,0.00,0.00,6.00,0.00,3.00,4.00
01/28/19,Smoke RMK 108 (Smoke #456),39.7144,-105.1239,https://wrcc.dri.edu/cgi-bin/rawMAIN4.pl?ids456+28+01+19+M,0,1,0,1.6,124,2.0,10.0,-5.2,71,98,34,824.4,14.4,14.4,14.4,2.00,24:00,https://tools.airfire.org/monitor-qc-report/v2/wrcc?unitID=s456,0.00,0.00,0.00,1.00,0.00,0.00,0.00,0.00,0.00,0.00,0.00,0.00,0.00,0.00,0.00,0.00,0.00,0.00,0.00,0.00,0.00,0.00,0.00,1.00
01/28/19,Smoke RMK 125 (Smoke #216),39.4065,-105.4825,https://wrcc.dri.edu/cgi-bin/rawMAIN4.pl?ids216+28+01+19+M,0,1,0,1.8,111,0.7,6.2,-5.0,60,88,34,756.1,14.4,14.4,14.4,2.00,24:00,https://tools.airfire.org/monitor-qc-report/v2/wrcc?unitID=s216,1.00,0.00,0.00,0.00,0.00,0.00,0.00,0.00,0.00,0.00,0.00,0.00,0.00,0.00,0.00,0.00,0.00,0.00,0.00,0.00,0.00,0.00,0.00,0.00
01/28/19,Smoke RMK 131 (USFS R2-924),39.389,-105.2734,https://wrcc.dri.edu/cgi-bin/rawMAIN4.pl?id2924+28+01+19+M,1,13,0,1.2,133,1.7,8.4,-2.9,65,92,32,792.9,14.4,14.4,14.4,2.00,24:00,https://tools.airfire.org/monitor-qc-report/v2/wrcc?unitID=2924,0.00,0.00,4.00,8.00,13.00,0.00,0.00,0.00,0.00,0.00,0.00,0.00,0.00,0.00,0.00,0.00,0.00,0.00,0.00,0.00,0.00,0.00,0.00,0.00
01/28/19,Smoke USFS R2-69,38.9793,-105.353,https://wrcc.dri.edu/cgi-bin/rawMAIN4.pl?ids269+28+01+19+M,14,64,0,0.3,1,-2.9,4.6,-9.5,0,-9999,-9999,750.7,14.4,14.4,14.4,2.00,24:00,https://tools.airfire.org/monitor-qc-report/v4/wrcc?unitID=s269,0.00,0.00,0.00,1.00,1.00,2.00,2.00,3.00,4.00,5.00,5.00,5.00,5.00,15.00,48.00,61.00,24.00,39.00,64.00,10.00,35.00,1.00,1.00,1.00
01/28/19,Smoke USFS R3-86,35.687,-105.8956,https://wrcc.dri.edu/cgi-bin/rawMAIN4.pl?ids386+28+01+19+M,4,20,-5,0.3,32,5.7,14.8,-3.2,0,-9999,-9999,-9999,14.4,14.4,14.4,16.70,24:00,https://tools.airfire.org/monitor-qc-report/v4/wrcc?unitID=s386,-5.00,17.00,16.00,-5.00,-5.00,10.00,11.00,0.00,5.00,13.00,10.00,-5.00,3.00,-1.00,20.00,6.00,-5.00,15.00,-3.00,-5.00,-5.00,-4.00,14.00,-5.00
01/28/19,Smoke RMK 411 (EBAM #794),39.7144,-105.124,https://wrcc.dri.edu/cgi-bin/rawMAIN4.pl?ide794+28+01+19+M,2,15,-5,1.6,176,-1.1,8.5,-7.5,0,-9999,-9999,-9999,14.4,14.4,14.4,16.67,24:00,https://tools.airfire.org/monitor-qc-report/v2/wrcc?unitID=e794,0.00,1.00,6.00,-2.00,4.00,-5.00,8.00,-3.00,15.00,-3.00,0.00,2.00,-5.00,-3.00,1.00,12.00,4.00,-1.00,4.00,-3.00,0.00,-2.00,10.00,0.00
01/28/19,Smoke RMK 415 (EBAM #925),37.4611,-108.5157,https://wrcc.dri.edu/cgi-bin/rawMAIN4.pl?ide925+28+01+19+M,2,12,-5,1.6,273,-7.5,1.6,-15.4,59,80,33,-9999,14.3,14.3,14.3,16.70,24:00,https://tools.airfire.org/monitor-qc-report/v2/wrcc?unitID=e925,1.00,2.00,-2.00,12.00,-4.00,0.00,3.00,6.00,2.00,0.00,5.00,-1.00,0.00,10.00,-2.00,-2.00,-4.00,7.00,3.00,1.00,2.00,2.00,4.00,-5.00
