,,Position (Deg.),,,Concentration (µg/m3),,,Wind,,Air Temperature (Deg. C.),,,Humidity (Percent),,,Barometer,Battery Voltage (volts),,,Air Flow (totalizer),,,Concentration by Hour,,,,,,,,,,,,,,,,,,,,,,,
Date,Station,Latitude,Longitude,Station Chart Link,Mean,Max,Min,Ave Vel. (m/s),V. Dir. (Deg),Mean,Max,Min,Mean,Max,Min,Baro. Pressure (mbars),Mean,Max,Min,Mean,Time of latest ob,Airfire QC Report Link,0:00,1:00,2:00,3:00,4:00,5:00,6:00,7:00,8:00,9:00,10:00,11:00,12:00,13:00,14:00,15:00,16:00,17:00,18:00,19:00,20:00,21:00,22:00,23:00
02/23/18,Smoke #13,39.7144,-105.124,https://wrcc.dri.edu/cgi-bin/rawMAIN4.pl?idsm13+23+02+18+M,4,17,0,1.2,300,-3.0,7.9,-9.4,70,86,41,822.6,14.4,14.4,14.3,1.99,24:00,https://tools.airfire.org/monitor-qc-report/v4/wrcc?unitID=sm13,0.00,0.00,0.00,0.00,0.00,0.00,0.00,0.00,0.00,0.00,0.00,0.00,0.00,0.00,0.00,0.00,0.00,0.00,17.00,17.00,8.00,10.00,12.00,11.00
02/23/18,Smoke RMK 107 (Smoke #67),39.4334,-105.1267,https://wrcc.dri.edu/cgi-bin/rawMAIN4.pl?idsm67+23+02+18+M,14,20,6,1.6,193,-2.1,6.5,-9.7,67,86,43,811.0,14.4,14.4,14.3,2.00,24:00,https://tools.airfire.org/monitor-qc-report/v2/wrcc?unitID=sm67,18.00,16.00,18.00,20.00,19.00,14.00,13.00,17.00,19.00,19.00,17.00,14.00,12.00,10.00,8.00,10.00,10.00,8.00,6.00,8.00,11.00,16.00,17.00,17.00
02/23/18,Smoke RMK 117 (Smoke #22),39.7144,-105.1238,https://wrcc.dri.edu/cgi-bin/rawMAIN4.pl?idsm22+23+02+18+M,10,33,0,0.3,1,-3.5,5.7,-9.3,0,-9999,-9999,823.2,14.4,14.4,14.4,2.00,24:00,https://tools.airfire.org/monitor-qc-report/v2/wrcc?unitID=sm22,12.00,12.00,10.00,7.00,10.00,4.00,10.00,14.00,9.00,5.00,10.00,12.00,9.00,5.00,4.00,4.00,5.00,0.00,9.00,6.00,6.00,13.00,13.00,28.00
02/23/18,Smoke RMK 118 (Smoke #23),39.4034,-105.1686,https://wrcc.dri.edu/cgi-bin/rawMAIN4.pl?idsm23+23+02+18+M,16,24,2,1.5,144,-4.6,7.4,-14.9,66,81,27,807.7,14.4,14.4,14.4,2.00,24:00,https://tools.airfire.org/monitor-qc-report/v2/wrcc?unitID=sm23,25.00,18.00,17.00,18.00,24.00,17.00,23.00,23.00,23.00,17.00,17.00,16.00,16.00,16.00,16.00,17.00,14.00,4.00,7.00,2.00,10.00,12.00,18.00,20.00
02/23/18,Smoke USFS R1-52,46.9271,-114.096,https://wrcc.dri.edu/cgi-bin/rawMAIN4.pl?ids152+23+02+18+M,0,0,0,0.3,-9999,20.2,21.4,18.8,12,13,10,907.3,14.1,14.1,14.1,0.00,14:00,https://tools.airfire.org/monitor-qc-report/v4/wrcc?unitID=s152,0.00,0.00,0.00,0.00,0.00,0.00,0.00,0.00,0.00,0.00,0.00,0.00,0.00,0.00,0.00,-9999,-9999,-9999,-9999,-9999,-9999,-9999,-9999,-9999
02/23/18,Smoke USFS R2-65,39.389,-105.2734,https://wrcc.dri.edu/cgi-bin/rawMAIN4.pl?ids265+23+02+18+M,12,22,0,0.8,186,-4.2,10.7,-18.5,64,86,20,791.9,14.4,14.4,14.4,2.00,24:00,https://tools.airfire.org/monitor-qc-report/v4/wrcc?unitID=s265,11.00,16.00,16.00,16.00,19.00,22.00,20.00,21.00,16.00,15.00,17.00,14.00,15.00,15.00,8.00,7.00,12.00,5.00,4.00,2.00,0.00,0.00,0.00,8.00
02/23/18,Smoke USFS R2-69,38.9793,-105.353,https://wrcc.dri.edu/cgi-bin/rawMAIN4.pl?ids269+23+02+18+M,5,31,0,0.3,1,-7.1,5.5,-18.6,0,1,0,749.3,14.4,14.4,14.4,2.00,24:00,https://tools.airfire.org/monitor-qc-report/v4/wrcc?unitID=s269,0.00,0.00,0.00,1.00,1.00,3.00,3.00,3.00,5.00,5.00,5.00,7.00,9.00,16.00,15.00,31.00,14.00,1.00,0.00,0.00,0.00,0.00,0.00,1.00
02/23/18,Smoke USFS R2-265,39.7144,-105.124,https://wrcc.dri.edu/cgi-bin/rawMAIN4.pl?id2265+23+02+18+M,3,30,0,0.9,-9999,-3.9,5.4,-9.5,75,90,48,823.7,14.4,14.4,14.4,2.00,24:00,https://tools.airfire.org/monitor-qc-report/v4/wrcc?unitID=2265,11.00,2.00,0.00,0.00,0.00,0.00,0.00,0.00,0.00,0.00,1.00,1.00,0.00,0.00,0.00,0.00,0.00,1.00,1.00,0.00,4.00,4.00,-9999,25.00
