,,Position (Deg.),,,Concentration (µg/m3),,,Wind,,Air Temperature (Deg. C.),,,Humidity (Percent),,,Barometer,Battery Voltage (volts),,,Air Flow (totalizer),,,Concentration by Hour,,,,,,,,,,,,,,,,,,,,,,,
Date,Station,Latitude,Longitude,Station Chart Link,Mean,Max,Min,Ave Vel. (m/s),V. Dir. (Deg),Mean,Max,Min,Mean,Max,Min,Baro. Pressure (mbars),Mean,Max,Min,Mean,Time of latest ob,Airfire QC Report Link,0:00,1:00,2:00,3:00,4:00,5:00,6:00,7:00,8:00,9:00,10:00,11:00,12:00,13:00,14:00,15:00,16:00,17:00,18:00,19:00,20:00,21:00,22:00,23:00
09/07/18,Smoke RMK 110 (Smoke #215),42.553,-124.0577,https://wrcc.dri.edu/cgi-bin/rawMAIN4.pl?ids215+07+09+18+M,42,274,3,0.6,328,24.5,32.8,20.1,71,96,32,1010.0,14.2,14.3,14.1,2.00,24:00,https://tools.airfire.org/monitor-qc-report/v2/wrcc?unitID=s215,6.00,5.00,5.00,5.00,5.00,5.00,5.00,4.00,4.00,3.00,4.00,4.00,4.00,5.00,6.00,12.00,11.00,15.00,21.00,81.00,274.00,273.00,201.00,49.00
09/07/18,Smoke RMK 112 (Smoke #11),44.1831,-122.2129,https://wrcc.dri.edu/cgi-bin/rawMAIN4.pl?idsm11+07+09+18+M,9,22,0,0.6,-9999,21.0,37.0,10.6,61,87,19,970.3,14.1,14.2,13.9,1.98,24:00,https://tools.airfire.org/monitor-qc-report/v2/wrcc?unitID=sm11,37.00,-9999,0.00,0.00,0.00,7.00,7.00,6.00,9.00,9.00,10.00,9.00,9.00,13.00,11.00,8.00,10.00,6.00,15.00,22.00,6.00,14.00,11.00,17.00
09/07/18,Smoke RMK 115 (Smoke #20),43.8239,-121.4435,https://wrcc.dri.edu/cgi-bin/rawMAIN4.pl?idsm20+07+09+18+M,57,96,3,1.1,165,16.6,31.2,3.0,53,90,12,877.9,14.2,14.4,14.0,2.00,24:00,https://tools.airfire.org/monitor-qc-report/v2/wrcc?unitID=sm20,27.00,28.00,33.00,67.00,96.00,87.00,84.00,84.00,85.00,80.00,78.00,79.00,78.00,74.00,74.00,67.00,59.00,51.00,38.00,37.00,39.00,26.00,3.00,6.00
09/07/18,Smoke RMK 118 (Smoke #23),48.7105,-119.4341,https://wrcc.dri.edu/cgi-bin/rawMAIN4.pl?idsm23+07+09+18+M,27,65,17,0.7,255,21.6,36.5,9.9,47,75,13,975.2,14.1,14.3,13.9,2.00,24:00,https://tools.airfire.org/monitor-qc-report/v2/wrcc?unitID=sm23,22.00,23.00,25.00,24.00,29.00,27.00,23.00,24.00,23.00,22.00,23.00,22.00,21.00,20.00,21.00,27.00,23.00,26.00,27.00,31.00,65.00,44.00,26.00,25.00
09/07/18,Smoke RMK 119 (Smoke #24),42.5158,-123.4289,https://wrcc.dri.edu/cgi-bin/rawMAIN4.pl?idsm24+07+09+18+M,39,253,8,0.5,96,22.3,36.0,11.1,47,77,19,985.0,14.2,14.3,14.0,2.00,24:00,https://tools.airfire.org/monitor-qc-report/v2/wrcc?unitID=sm24,313.00,253.00,78.00,26.00,12.00,11.00,10.00,9.00,8.00,8.00,8.00,8.00,9.00,10.00,11.00,12.00,12.00,14.00,17.00,28.00,26.00,30.00,33.00,61.00
09/07/18,Smoke RMK 122 (Smoke #69),42.2784,-123.6462,https://wrcc.dri.edu/cgi-bin/rawMAIN4.pl?idsm69+07+09+18+M,105,183,27,1.0,110,20.6,33.0,9.4,57,97,16,972.2,14.2,14.3,14.0,2.00,24:00,https://tools.airfire.org/monitor-qc-report/v2/wrcc?unitID=sm69,125.00,163.00,183.00,172.00,159.00,148.00,141.00,125.00,118.00,121.00,108.00,107.00,103.00,97.00,93.00,88.00,73.00,68.00,65.00,37.00,39.00,115.00,116.00,65.00
09/07/18,Smoke RMK 125 (Smoke #216),47.6753,-120.2107,https://wrcc.dri.edu/cgi-bin/rawMAIN4.pl?ids216+07+09+18+M,20,34,6,1.2,184,23.8,34.8,14.0,36,73,16,980.7,14.1,14.2,14.0,2.00,24:00,https://tools.airfire.org/monitor-qc-report/v2/wrcc?unitID=s216,32.00,24.00,22.00,23.00,24.00,23.00,19.00,18.00,18.00,18.00,16.00,16.00,16.00,23.00,29.00,32.00,34.00,32.00,24.00,16.00,10.00,10.00,7.00,6.00
09/07/18,FWS Smoke #1,37.2864,-107.5215,https://wrcc.dri.edu/cgi-bin/rawMAIN4.pl?idsmf1+07+09+18+M,1,3,0,1.0,49,16.8,31.5,5.9,57,95,21,789.4,14.3,14.4,14.1,2.00,24:00,https://tools.airfire.org/monitor-qc-report/v4/wrcc?unitID=smf1,2.00,1.00,0.00,1.00,3.00,2.00,2.00,2.00,2.00,2.00,2.00,2.00,2.00,2.00,2.00,2.00,1.00,1.00,0.00,0.00,0.00,0.00,0.00,0.00
09/07/18,Smoke USFS R2-69,38.9792,-105.353,https://wrcc.dri.edu/cgi-bin/rawMAIN4.pl?ids269+07+09+18+M,2,7,0,0.3,1,13.6,25.0,5.2,0,1,0,764.1,14.3,14.4,14.1,2.00,24:00,https://tools.airfire.org/monitor-qc-report/v4/wrcc?unitID=s269,0.00,0.00,0.00,0.00,0.00,1.00,0.00,2.00,4.00,6.00,7.00,6.00,5.00,4.00,3.00,2.00,1.00,0.00,0.00,0.00,0.00,0.00,0.00,0.00
09/07/18,Smoke NPS Yosemite 01,37.6747,-119.7855,https://wrcc.dri.edu/cgi-bin/rawMAIN4.pl?idsmy1+07+09+18+M,9,18,-1,0.5,-9999,26.3,38.6,16.5,33,57,7,-9999,14.4,14.4,14.4,16.68,24:00,https://tools.airfire.org/monitor-qc-report/v4/wrcc?unitID=smy1,1.00,10.00,6.00,-9999,8.00,6.00,11.00,12.00,15.00,-9999,11.00,13.00,-9999,9.00,10.00,9.00,0.00,18.00,-9999,16.00,13.00,-9999,-9999,-1.00
09/07/18,Smoke RMK 407 (EBAM #231),42.4023,-124.4212,https://wrcc.dri.edu/cgi-bin/rawMAIN4.pl?ide231+07+09+18+M,6,41,-5,1.1,54,8.5,14.8,5.5,81,91,59,-9999,13.7,13.7,13.6,16.70,24:00,https://tools.airfire.org/monitor-qc-report/v2/wrcc?unitID=e231,12.00,-5.00,11.00,41.00,-2.00,17.00,16.00,16.00,8.00,-5.00,0.00,0.00,15.00,3.00,22.00,2.00,-2.00,12.00,-5.00,4.00,-5.00,11.00,-5.00,-5.00
09/07/18,Smoke RMK 408 (EBAM #418),39.7144,-105.124,https://wrcc.dri.edu/cgi-bin/rawMAIN4.pl?ide418+07+09+18+M,15,169,-5,1.2,179,15.4,23.4,8.2,55,73,31,-9999,13.9,14.2,13.7,16.32,24:00,https://tools.airfire.org/monitor-qc-report/v2/wrcc?unitID=e418,40.00,6.00,4.00,24.00,10.00,19.00,-2.00,3.00,11.00,5.00,-5.00,-5.00,-5.00,102.00,-5.00,169.00,-4.00,-1.00,10.00,9.00,-5.00,2.00,1.00,-1.00
09/07/18,Smoke RMK 413 (EBAM #866),42.0548,-124.2769,https://wrcc.dri.edu/cgi-bin/rawMAIN4.pl?ide866+07+09+18+M,10,33,-5,0.8,204,11.6,13.1,10.2,88,95,80,-9999,13.8,13.9,13.8,16.70,24:00,https://tools.airfire.org/monitor-qc-report/v2/wrcc?unitID=e866,10.00,12.00,26.00,33.00,11.00,11.00,16.00,18.00,8.00,6.00,9.00,13.00,6.00,2.00,21.00,10.00,4.00,-4.00,-5.00,11.00,11.00,14.00,-2.00,8.00
09/07/18,Smoke USFS R2-265,40.8023,-105.5891,https://wrcc.dri.edu/cgi-bin/rawMAIN4.pl?id2265+07+09+18+M,3,8,0,2.3,-9999,22.1,23.0,21.1,34,44,21,755.7,11.8,12.0,11.7,1.96,24:00,https://tools.airfire.org/monitor-qc-report/v4/wrcc?unitID=2265,-9999,-9999,-9999,-9999,-9999,-9999,-9999,-9999,-9999,-9999,-9999,-9999,-9999,-9999,-9999,-9999,-9999,-9999,8.00,3.00,0.00,2.00,5.00,3.00
09/07/18,Smoke USFS 3015,48.6493,-118.7294,https://wrcc.dri.edu/cgi-bin/rawMAIN4.pl?ids315+07+09+18+M,21,41,4,1.1,-9999,18.4,31.3,7.3,37,62,16,923.6,14.3,14.4,14.1,2.00,24:00,https://tools.airfire.org/monitor-qc-report/v4/wrcc?unitID=s315,26.00,26.00,20.00,20.00,20.00,21.00,21.00,22.00,23.00,24.00,24.00,24.00,23.00,24.00,24.00,41.00,25.00,22.00,-9999,20.00,18.00,15.00,9.00,6.00
09/07/18,Lolo NF Smoke #1,47.1,-114.7762,https://wrcc.dri.edu/cgi-bin/rawMAIN4.pl?idsml1+07+09+18+M,3,21,0,0.9,-9999,21.0,33.7,10.0,43,77,15,916.6,14.1,14.3,13.9,0.41,24:00,https://tools.airfire.org/monitor-qc-report/v4/wrcc?unitID=sml1,0.00,0.00,0.00,0.00,0.00,0.00,0.00,0.00,0.00,0.00,0.00,0.00,0.00,0.00,0.00,0.00,0.00,0.00,0.00,-9999,9.00,12.00,13.00,19.00
