,,Position (Deg.),,,Concentration (µg/m3),,,Wind,,Air Temperature (Deg. C.),,,Humidity (Percent),,,Barometer,Battery Voltage (volts),,,Air Flow (totalizer),,,Concentration by Hour,,,,,,,,,,,,,,,,,,,,,,,
Date,Station,Latitude,Longitude,Station Chart Link,Mean,Max,Min,Ave Vel. (m/s),V. Dir. (Deg),Mean,Max,Min,Mean,Max,Min,Baro. Pressure (mbars),Mean,Max,Min,Mean,Time of latest ob,Airfire QC Report Link,0:00,1:00,2:00,3:00,4:00,5:00,6:00,7:00,8:00,9:00,10:00,11:00,12:00,13:00,14:00,15:00,16:00,17:00,18:00,19:00,20:00,21:00,22:00,23:00
11/10/15,Smoke RMK 118 (Smoke #23),39.8903,-105.7669,https://wrcc.dri.edu/cgi-bin/rawMAIN4.pl?idsm23+10+11+15+M,0,2,0,2.0,188,0.4,14.6,-6.6,62,82,21,717.2,14.4,14.4,14.2,2.00,24:00,https://tools.airfire.org/monitor-qc-report/v2/wrcc?unitID=sm23,0.00,0.00,0.00,0.00,0.00,0.00,0.00,0.00,1.00,1.00,0.00,0.00,0.00,2.00,1.00,0.00,0.00,0.00,0.00,0.00,0.00,0.00,0.00,0.00
11/10/15,Smoke RMK 131 (USFS R2-924),39.1003,-105.0937,https://wrcc.dri.edu/cgi-bin/rawMAIN4.pl?id2924+10+11+15+M,1,6,0,1.6,167,3.2,16.8,-6.5,45,81,12,760.1,14.4,14.4,14.3,2.00,24:00,https://tools.airfire.org/monitor-qc-report/v2/wrcc?unitID=2924,0.00,3.00,4.00,1.00,6.00,4.00,1.00,1.00,2.00,1.00,1.00,1.00,1.00,1.00,1.00,3.00,1.00,2.00,0.00,0.00,0.00,0.00,0.00,0.00
11/10/15,Smoke USFS R1-52,47.5354,-113.7207,https://wrcc.dri.edu/cgi-bin/rawMAIN4.pl?ids152+10+11+15+M,9,28,1,0.3,7,2.4,4.1,1.3,95,98,87,884.8,14.4,14.4,14.4,2.00,24:00,https://tools.airfire.org/monitor-qc-report/v4/wrcc?unitID=s152,4.00,8.00,2.00,11.00,28.00,19.00,16.00,7.00,2.00,1.00,1.00,2.00,6.00,3.00,2.00,2.00,8.00,11.00,11.00,18.00,25.00,13.00,10.00,10.00
11/10/15,Smoke USFS R2-69,38.9792,-105.3531,https://wrcc.dri.edu/cgi-bin/rawMAIN4.pl?ids269+10+11+15+M,3,8,0,0.3,1,1.6,15.7,-9.1,0,1,0,750.4,14.4,14.4,14.2,2.00,24:00,https://tools.airfire.org/monitor-qc-report/v4/wrcc?unitID=s269,9.00,8.00,7.00,7.00,7.00,8.00,3.00,6.00,4.00,4.00,1.00,2.00,5.00,2.00,4.00,1.00,1.00,0.00,0.00,0.00,0.00,0.00,0.00,2.00
11/10/15,Smoke USFS R3-28,35.6715,-105.9557,https://wrcc.dri.edu/cgi-bin/rawMAIN4.pl?ids328+10+11+15+M,-41622,18,-999000,-39.9,88,-34.8,12.9,-998.9,-42,0,-999,-10.0,-27.8,14.4,-999.0,-25.61,24:00,https://tools.airfire.org/monitor-qc-report/v4/wrcc?unitID=s328,-3.00,-4.00,5.00,0.00,5.00,4.00,2.00,3.00,1.00,3.00,3.00,4.00,-5.00,1.00,4.00,-999000.00,18.00,15.00,2.00,8.00,2.00,0.00,2.00,-4.00
11/10/15,Smoke USFS R1-306,45.4119,-116.3293,https://wrcc.dri.edu/cgi-bin/rawMAIN4.pl?id1306+10+11+15+M,4,12,0,0.6,296,7.5,12.9,5.5,86,95,59,-9999,14.4,14.4,14.3,2.00,24:00,https://tools.airfire.org/monitor-qc-report/v4/wrcc?unitID=1306,4.00,12.00,7.00,11.00,11.00,8.00,9.00,6.00,5.00,4.00,6.00,3.00,2.00,1.00,0.00,0.00,0.00,1.00,1.00,2.00,0.00,0.00,1.00,1.00
11/10/15,Smoke USFS R2-264,39.9192,-105.7845,https://wrcc.dri.edu/cgi-bin/rawMAIN4.pl?id2264+10+11+15+M,2,9,0,1.3,197,0.8,13.1,-8.2,62,88,26,729.8,14.4,14.4,14.3,2.00,24:00,https://tools.airfire.org/monitor-qc-report/v4/wrcc?unitID=2264,1.00,2.00,2.00,1.00,0.00,0.00,2.00,4.00,3.00,3.00,2.00,3.00,4.00,1.00,9.00,5.00,1.00,4.00,2.00,0.00,1.00,0.00,0.00,1.00
11/10/15,Smoke USFS R2-265,39.9101,-105.7978,https://wrcc.dri.edu/cgi-bin/rawMAIN4.pl?id2265+10+11+15+M,0,1,0,0.8,246,-0.2,15.0,-8.7,67,90,22,723.7,14.4,14.4,14.2,2.00,24:00,https://tools.airfire.org/monitor-qc-report/v4/wrcc?unitID=2265,0.00,0.00,0.00,0.00,0.00,0.00,0.00,0.00,0.00,0.00,0.00,0.00,0.00,0.00,0.00,0.00,0.00,1.00,0.00,0.00,0.00,0.00,0.00,0.00
