,,Position (Deg.),,,Concentration (µg/m3),,,Wind,,Air Temperature (Deg. C.),,,Humidity (Percent),,,Barometer,Battery Voltage (volts),,,Air Flow (totalizer),,,Concentration by Hour,,,,,,,,,,,,,,,,,,,,,,,
Date,Station,Latitude,Longitude,Station Chart Link,Mean,Max,Min,Ave Vel. (m/s),V. Dir. (Deg),Mean,Max,Min,Mean,Max,Min,Baro. Pressure (mbars),Mean,Max,Min,Mean,Time of latest ob,Airfire QC Report Link,0:00,1:00,2:00,3:00,4:00,5:00,6:00,7:00,8:00,9:00,10:00,11:00,12:00,13:00,14:00,15:00,16:00,17:00,18:00,19:00,20:00,21:00,22:00,23:00
09/14/12,Smoke #13,43.565,-116.2088,https://wrcc.dri.edu/cgi-bin/rawMAIN4.pl?idsm13+14+09+12+M,15,17,13,0.7,-9999,34.0,36.7,30.9,8,9,8,916.4,13.9,13.9,13.8,1.90,24:00,https://tools.airfire.org/monitor-qc-report/v4/wrcc?unitID=sm13,-9999,-9999,-9999,-9999,-9999,-9999,-9999,-9999,-9999,-9999,-9999,-9999,-9999,-9999,-9999,-9999,-9999,-9999,-9999,-9999,-9999,-9999,13.00,16.00
09/14/12,Smoke RMK 104 (Smoke #15),43.565,-116.2088,https://wrcc.dri.edu/cgi-bin/rawMAIN4.pl?idsm15+14+09+12+M,13,16,8,1.2,-9999,20.2,38.4,13.8,19,35,1,921.3,14.1,14.2,13.9,2.00,16:00,https://tools.airfire.org/monitor-qc-report/v2/wrcc?unitID=sm15,6.00,8.00,8.00,10.00,10.00,11.00,12.00,13.00,14.00,16.00,15.00,15.00,15.00,15.00,16.00,16.00,16.00,-9999,-9999,-9999,-9999,-9999,-9999,-9999
09/14/12,Smoke RMK 106 (Smoke #66),47.1971,-120.9564,https://wrcc.dri.edu/cgi-bin/rawMAIN4.pl?idsm66+14+09+12+M,20,32,10,1.1,-9999,26.5,30.0,18.9,20,38,15,945.0,14.4,14.4,14.4,1.90,24:00,https://tools.airfire.org/monitor-qc-report/v2/wrcc?unitID=sm66,-9999,-9999,-9999,-9999,-9999,-9999,-9999,-9999,-9999,-9999,-9999,-9999,-9999,-9999,-9999,-9999,-9999,-9999,-9999,20.00,23.00,32.00,23.00,15.00
09/14/12,Smoke RMK 115 (Smoke #20),44.2177,-114.9503,https://wrcc.dri.edu/cgi-bin/rawMAIN4.pl?idsm20+14+09+12+M,25,46,7,0.7,-9999,3.4,28.0,-6.4,70,93,12,-9999,14.3,14.4,14.1,2.00,13:00,https://tools.airfire.org/monitor-qc-report/v2/wrcc?unitID=sm20,4.00,7.00,11.00,15.00,18.00,18.00,20.00,25.00,29.00,28.00,34.00,35.00,37.00,46.00,-9999,-9999,-9999,-9999,-9999,-9999,-9999,-9999,-9999,-9999
09/14/12,Smoke RMK 116 (Smoke #21),44.5044,-114.2225,https://wrcc.dri.edu/cgi-bin/rawMAIN4.pl?idsm21+14+09+12+M,17,25,5,0.9,256,18.9,34.7,6.8,17,35,2,-9999,14.3,14.4,14.0,2.00,24:00,https://tools.airfire.org/monitor-qc-report/v2/wrcc?unitID=sm21,18.00,25.00,17.00,15.00,21.00,20.00,19.00,19.00,19.00,18.00,20.00,19.00,18.00,18.00,18.00,17.00,20.00,18.00,17.00,15.00,13.00,11.00,10.00,5.00
09/14/12,Smoke RMK 118 (Smoke #23),44.7346,-110.4921,https://wrcc.dri.edu/cgi-bin/rawMAIN4.pl?idsm23+14+09+12+M,29,61,6,0.4,313,11.4,26.9,-0.3,38,69,5,770.1,14.2,14.4,13.9,2.00,24:00,https://tools.airfire.org/monitor-qc-report/v2/wrcc?unitID=sm23,12.00,12.00,13.00,14.00,15.00,18.00,21.00,29.00,42.00,60.00,56.00,61.00,53.00,45.00,36.00,26.00,36.00,61.00,40.00,15.00,8.00,6.00,12.00,8.00
09/14/12,Smoke #25,46.9268,-114.0961,https://wrcc.dri.edu/cgi-bin/rawMAIN4.pl?idsm25+14+09+12+M,112,220,18,0.3,1,17.4,29.9,8.0,1,-9999,-9999,910.0,14.2,14.4,14.0,2.00,24:00,https://tools.airfire.org/monitor-qc-report/v4/wrcc?unitID=sm25,42.00,23.00,18.00,25.00,31.00,93.00,132.00,156.00,144.00,90.00,116.00,124.00,108.00,90.00,103.00,99.00,91.00,87.00,89.00,94.00,220.00,189.00,192.00,194.00
09/14/12,Smoke RMK 121 (Smoke #68),47.4619,-120.3256,https://wrcc.dri.edu/cgi-bin/rawMAIN4.pl?idsm68+14+09+12+M,528,889,255,0.8,273,16.9,25.6,11.1,47,61,30,996.3,14.3,14.4,13.6,2.00,24:00,https://tools.airfire.org/monitor-qc-report/v2/wrcc?unitID=sm68,-9999,255.00,384.00,613.00,880.00,869.00,713.00,613.00,549.00,439.00,413.00,332.00,321.00,330.00,308.00,316.00,373.00,338.00,563.00,767.00,693.00,413.00,466.00,831.00
