,,Position (Deg.),,,Concentration (µg/m3),,,Wind,,Air Temperature (Deg. C.),,,Humidity (Percent),,,Barometer,Battery Voltage (volts),,,Air Flow (totalizer),,,Concentration by Hour,,,,,,,,,,,,,,,,,,,,,,,
Date,Station,Latitude,Longitude,Station Chart Link,Mean,Max,Min,Ave Vel. (m/s),V. Dir. (Deg),Mean,Max,Min,Mean,Max,Min,Baro. Pressure (mbars),Mean,Max,Min,Mean,Time of latest ob,Airfire QC Report Link,0:00,1:00,2:00,3:00,4:00,5:00,6:00,7:00,8:00,9:00,10:00,11:00,12:00,13:00,14:00,15:00,16:00,17:00,18:00,19:00,20:00,21:00,22:00,23:00
10/08/22,Smoke RMK 116 (Smoke #21),37.3022,-107.8711,https://wrcc.dri.edu/cgi-bin/rawMAIN4.pl?idsm21+08+10+22+M,1,2,0,0.5,360,13.7,21.3,8.2,61,81,35,-9999,14.3,14.4,14.1,2.00,24:00,https://tools.airfire.org/monitor-qc-report/v2/wrcc?unitID=sm21,0.00,0.00,1.00,1.00,1.00,1.00,1.00,1.00,1.00,1.00,1.00,2.00,2.00,2.00,2.00,2.00,2.00,1.00,0.00,0.00,0.00,0.00,0.00,0.00
10/08/22,Smoke RMK 121 (Smoke #68),39.7143,-105.1239,https://wrcc.dri.edu/cgi-bin/rawMAIN4.pl?idsm68+08+10+22+M,15,19,11,0.6,-9999,23.7,-9999,-9999,12,-9999,-9999,837.3,14.4,14.4,14.3,2.00,17:00,https://tools.airfire.org/monitor-qc-report/v2/wrcc?unitID=sm68,12.00,11.00,12.00,14.00,16.00,16.00,16.00,16.00,15.00,14.00,15.00,14.00,16.00,19.00,18.00,16.00,17.00,13.00,-9999,-9999,-9999,-9999,-9999,-9999
10/08/22,Smoke RMK 123 (Smoke #209),39.7143,-105.124,https://wrcc.dri.edu/cgi-bin/rawMAIN4.pl?ids209+08+10+22+M,9,14,1,1.6,-9999,19.1,20.4,18.0,35,43,22,832.1,14.3,14.3,14.3,1.93,20:00,https://tools.airfire.org/monitor-qc-report/v2/wrcc?unitID=s209,-9999,-9999,-9999,-9999,-9999,-9999,-9999,-9999,-9999,-9999,-9999,-9999,-9999,-9999,-9999,-9999,-9999,-9999,1.00,12.00,14.00,-9999,-9999,-9999
10/08/22,Smoke RMK 124 (Smoke #210),39.7143,-105.124,https://wrcc.dri.edu/cgi-bin/rawMAIN4.pl?ids210+08+10+22+M,6,13,0,1.1,-9999,18.9,19.1,18.8,44,45,44,834.4,14.2,14.3,14.2,1.00,20:00,https://tools.airfire.org/monitor-qc-report/v2/wrcc?unitID=s210,-9999,-9999,-9999,-9999,-9999,-9999,-9999,-9999,-9999,-9999,-9999,-9999,-9999,-9999,-9999,-9999,-9999,-9999,-9999,0.00,13.00,-9999,-9999,-9999
10/08/22,Smoke RMK 125 (Smoke #216),37.3022,-107.882,https://wrcc.dri.edu/cgi-bin/rawMAIN4.pl?ids216+08+10+22+M,0,0,0,0.4,104,18.8,28.4,13.0,64,86,35,806.0,14.3,14.4,14.1,2.00,24:00,https://tools.airfire.org/monitor-qc-report/v2/wrcc?unitID=s216,0.00,0.00,0.00,0.00,0.00,0.00,0.00,0.00,0.00,0.00,0.00,0.00,0.00,0.00,0.00,0.00,0.00,0.00,0.00,0.00,0.00,0.00,0.00,0.00
10/08/22,Smoke USFS R1-39,46.5135,-114.0909,https://wrcc.dri.edu/cgi-bin/rawMAIN4.pl?ids139+08+10+22+M,14,36,1,0.6,73,14.6,26.1,6.5,77,97,41,908.3,14.4,14.4,14.2,2.00,24:00,https://tools.airfire.org/monitor-qc-report/v4/wrcc?unitID=s139,37.00,27.00,18.00,11.00,9.00,6.00,5.00,8.00,7.00,5.00,5.00,3.00,2.00,1.00,1.00,1.00,5.00,16.00,19.00,23.00,30.00,35.00,34.00,34.00
10/08/22,Smoke USFS R1-306,48.6238,-116.9546,https://wrcc.dri.edu/cgi-bin/rawMAIN4.pl?id1306+08+10+22+M,18,69,7,0.3,177,12.7,24.4,4.0,75,94,37,-9999,14.2,14.4,14.0,2.00,24:00,https://tools.airfire.org/monitor-qc-report/v4/wrcc?unitID=1306,7.00,7.00,7.00,7.00,7.00,7.00,8.00,12.00,11.00,10.00,9.00,7.00,9.00,12.00,10.00,15.00,17.00,26.00,69.00,62.00,33.00,24.00,23.00,19.00
10/08/22,Lolo NF Smoke #1,47.1954,-114.8943,https://wrcc.dri.edu/cgi-bin/rawMAIN4.pl?idsml1+08+10+22+M,1,8,0,0.5,120,15.9,27.7,8.5,75,95,35,929.8,14.1,14.3,14.0,0.04,24:00,https://tools.airfire.org/monitor-qc-report/v4/wrcc?unitID=sml1,0.00,1.00,2.00,8.00,5.00,2.00,4.00,1.00,0.00,0.00,0.00,0.00,0.00,3.00,1.00,0.00,0.00,0.00,0.00,0.00,0.00,0.00,0.00,0.00
