,,Position (Deg.),,,Concentration (µg/m3),,,Wind,,Air Temperature (Deg. C.),,,Humidity (Percent),,,Barometer,Battery Voltage (volts),,,Air Flow (totalizer),,,Concentration by Hour,,,,,,,,,,,,,,,,,,,,,,,
Date,Station,Latitude,Longitude,Station Chart Link,Mean,Max,Min,Ave Vel. (m/s),V. Dir. (Deg),Mean,Max,Min,Mean,Max,Min,Baro. Pressure (mbars),Mean,Max,Min,Mean,Time of latest ob,Airfire QC Report Link,0:00,1:00,2:00,3:00,4:00,5:00,6:00,7:00,8:00,9:00,10:00,11:00,12:00,13:00,14:00,15:00,16:00,17:00,18:00,19:00,20:00,21:00,22:00,23:00
05/17/24,Smoke RMK 100 (Smoke #659),44.0219,-121.2602,https://wrcc.dri.edu/cgi-bin/rawMAIN4.pl?ids659+17+05+24+M,2,5,1,1.4,329,14.6,25.3,5.9,47,93,16,887.2,14.4,14.5,14.3,2.00,24:00,https://tools.airfire.org/monitor-qc-report/v2/wrcc?unitID=s659,2.00,2.00,2.00,5.00,2.00,3.00,2.00,2.00,2.00,4.00,2.00,2.00,1.00,1.00,1.00,1.00,2.00,2.00,2.00,2.00,1.00,1.00,2.00,2.00
05/17/24,Smoke RMK 101 (Smoke #660),39.7138,-105.1228,https://wrcc.dri.edu/cgi-bin/rawMAIN4.pl?ids660+17+05+24+M,1,2,1,1.5,-9999,19.3,24.3,13.6,31,42,21,821.1,14.5,14.6,14.5,2.00,15:00,https://tools.airfire.org/monitor-qc-report/v2/wrcc?unitID=s660,1.00,1.00,2.00,2.00,2.00,2.00,1.00,1.00,1.00,1.00,1.00,1.00,1.00,1.00,1.00,1.00,-9999,-9999,-9999,-9999,-9999,-9999,-9999,-9999
05/17/24,Smoke RMK 102 (Smoke #661),39.7137,-105.1228,https://wrcc.dri.edu/cgi-bin/rawMAIN4.pl?ids661+17+05+24+M,1,2,1,1.6,-9999,18.2,23.4,12.1,32,43,22,821.1,14.4,14.5,14.4,2.00,16:00,https://tools.airfire.org/monitor-qc-report/v2/wrcc?unitID=s661,1.00,1.00,2.00,2.00,2.00,2.00,1.00,1.00,1.00,1.00,1.00,1.00,1.00,1.00,2.00,1.00,1.00,-9999,-9999,-9999,-9999,-9999,-9999,-9999
05/17/24,Smoke RMK 103 (Smoke #662),39.7137,-105.1228,https://wrcc.dri.edu/cgi-bin/rawMAIN4.pl?ids662+17+05+24+M,1,2,1,1.5,-9999,20.5,25.5,14.7,32,43,21,821.1,14.6,14.6,14.5,2.00,15:00,https://tools.airfire.org/monitor-qc-report/v2/wrcc?unitID=s662,1.00,1.00,2.00,2.00,1.00,1.00,1.00,1.00,1.00,1.00,1.00,1.00,1.00,1.00,1.00,1.00,-9999,-9999,-9999,-9999,-9999,-9999,-9999,-9999
05/17/24,Smoke RMK 104 (Smoke #15),39.7137,-105.1229,https://wrcc.dri.edu/cgi-bin/rawMAIN4.pl?idsm15+17+05+24+M,1,2,1,1.5,-9999,22.1,27.3,16.1,30,41,20,6.2,14.5,14.5,14.4,2.00,16:00,https://tools.airfire.org/monitor-qc-report/v2/wrcc?unitID=sm15,1.00,1.00,2.00,2.00,1.00,1.00,1.00,1.00,1.00,1.00,1.00,1.00,1.00,1.00,1.00,1.00,1.00,-9999,-9999,-9999,-9999,-9999,-9999,-9999
05/17/24,Smoke RMK 108 (Smoke #456),39.9722,-105.4986,https://wrcc.dri.edu/cgi-bin/rawMAIN4.pl?ids456+17+05+24+M,1,2,0,1.5,287,15.5,23.6,7.2,30,53,16,742.7,14.4,14.4,14.4,2.00,24:00,https://tools.airfire.org/monitor-qc-report/v2/wrcc?unitID=s456,0.00,0.00,0.00,0.00,0.00,1.00,1.00,1.00,1.00,1.00,1.00,1.00,1.00,1.00,1.00,1.00,1.00,2.00,2.00,2.00,1.00,1.00,1.00,1.00
05/17/24,Smoke RMK 116 (Smoke #21),37.6517,-108.2947,https://wrcc.dri.edu/cgi-bin/rawMAIN4.pl?idsm21+17+05+24+M,1,2,1,1.2,110,19.8,31.4,9.3,47,73,21,764.9,14.4,14.5,14.4,2.00,24:00,https://tools.airfire.org/monitor-qc-report/v2/wrcc?unitID=sm21,1.00,2.00,1.00,1.00,1.00,2.00,2.00,1.00,1.00,1.00,1.00,1.00,1.00,1.00,1.00,1.00,1.00,1.00,1.00,1.00,1.00,1.00,1.00,1.00
05/17/24,Smoke RMK 122 (Smoke #69),43.9979,-121.4053,https://wrcc.dri.edu/cgi-bin/rawMAIN4.pl?idsm69+17+05+24+M,36,410,1,1.2,101,12.9,23.6,6.6,47,82,17,872.3,14.4,14.5,14.4,2.00,24:00,https://tools.airfire.org/monitor-qc-report/v2/wrcc?unitID=sm69,2.00,7.00,4.00,4.00,5.00,88.00,410.00,218.00,21.00,24.00,11.00,2.00,11.00,7.00,32.00,14.00,1.00,1.00,1.00,2.00,1.00,1.00,1.00,1.00
05/17/24,Smoke RMK 123 (Smoke #209),39.9427,-105.2493,https://wrcc.dri.edu/cgi-bin/rawMAIN4.pl?ids209+17+05+24+M,1,4,1,2.0,227,22.5,29.3,17.2,27,45,14,821.6,14.5,14.5,14.5,2.00,24:00,https://tools.airfire.org/monitor-qc-report/v2/wrcc?unitID=s209,1.00,1.00,1.00,1.00,1.00,1.00,2.00,1.00,4.00,1.00,1.00,1.00,1.00,1.00,1.00,1.00,1.00,1.00,1.00,1.00,2.00,2.00,1.00,1.00
05/17/24,Smoke RMK 124 (Smoke #210),37.3502,-108.2908,https://wrcc.dri.edu/cgi-bin/rawMAIN4.pl?ids210+17+05+24+M,2,4,1,2.9,135,16.6,29.3,6.7,53,95,17,784.2,14.5,14.5,14.4,2.00,24:00,https://tools.airfire.org/monitor-qc-report/v2/wrcc?unitID=s210,1.00,1.00,1.00,1.00,1.00,2.00,4.00,4.00,4.00,4.00,3.00,2.00,1.00,1.00,2.00,1.00,1.00,2.00,2.00,3.00,1.00,1.00,1.00,1.00
05/17/24,Smoke RMK 125 (Smoke #216),37.4715,-108.5164,https://wrcc.dri.edu/cgi-bin/rawMAIN4.pl?ids216+17+05+24+M,0,3,0,1.9,119,18.8,28.8,10.1,40,57,24,785.1,14.5,14.5,14.4,2.00,24:00,https://tools.airfire.org/monitor-qc-report/v2/wrcc?unitID=s216,1.00,0.00,0.00,0.00,0.00,0.00,1.00,2.00,3.00,2.00,1.00,1.00,1.00,0.00,0.00,0.00,0.00,0.00,0.00,0.00,0.00,0.00,0.00,0.00
05/17/24,Smoke USFS R3-86,35.6871,-105.8956,https://wrcc.dri.edu/cgi-bin/rawMAIN4.pl?ids386+17+05+24+M,2,8,-5,0.5,322,5.1,17.9,-3.5,1,-9999,-9999,-9999,13.9,14.0,13.9,16.70,24:00,https://tools.airfire.org/monitor-qc-report/v4/wrcc?unitID=s386,3.00,-1.00,5.00,8.00,-2.00,4.00,1.00,2.00,0.00,2.00,1.00,2.00,1.00,-1.00,-5.00,-5.00,8.00,5.00,6.00,2.00,0.00,0.00,3.00,0.00
05/17/24,Smoke RMK 414 (EBAM #882),39.7137,-105.1228,https://wrcc.dri.edu/cgi-bin/rawMAIN4.pl?ide882+17+05+24+M,18,50,-2,2.4,-9999,25.1,26.3,23.1,4,10,1,-9999,14.3,14.3,14.2,16.35,24:00,https://tools.airfire.org/monitor-qc-report/v2/wrcc?unitID=e882,-9999,-9999,-9999,-9999,-9999,-9999,-9999,-9999,-9999,-9999,-9999,-9999,-9999,-9999,-9999,-9999,-9999,-9999,-9999,8.00,50.00,31.00,22.00,0.00
05/17/24,Smoke RMK 415 (EBAM #925),39.7137,-105.1229,https://wrcc.dri.edu/cgi-bin/rawMAIN4.pl?ide925+17+05+24+M,9,21,-1,2.5,-9999,26.3,27.0,25.0,9,15,5,-9999,14.4,14.4,14.4,16.60,24:00,https://tools.airfire.org/monitor-qc-report/v2/wrcc?unitID=e925,-9999,-9999,-9999,-9999,-9999,-9999,-9999,-9999,-9999,-9999,-9999,-9999,-9999,-9999,-9999,-9999,-9999,-9999,-9999,-9999,21.00,21.00,4.00,2.00
05/17/24,Smoke USFS R1-307,46.5843,-112.0417,https://wrcc.dri.edu/cgi-bin/rawMAIN4.pl?id1307+17+05+24+M,1,2,0,1.4,340,15.8,23.7,9.8,38,50,20,-9999,13.9,14.2,12.8,2.00,24:00,https://tools.airfire.org/monitor-qc-report/v4/wrcc?unitID=1307,0.00,0.00,0.00,0.00,1.00,1.00,1.00,1.00,1.00,1.00,1.00,1.00,1.00,1.00,1.00,0.00,0.00,0.00,0.00,0.00,0.00,0.00,0.00,2.00
05/17/24,Smoke USFS R2-264,40.7423,-105.5081,https://wrcc.dri.edu/cgi-bin/rawMAIN4.pl?id2264+17+05+24+M,0,3,0,2.1,276,15.2,23.8,6.9,36,66,19,767.2,14.2,14.4,14.1,2.00,24:00,https://tools.airfire.org/monitor-qc-report/v4/wrcc?unitID=2264,0.00,0.00,0.00,0.00,0.00,0.00,0.00,0.00,0.00,0.00,0.00,0.00,0.00,0.00,0.00,0.00,2.00,3.00,2.00,1.00,1.00,0.00,0.00,0.00
