,,Position (Deg.),,,Concentration (µg/m3),,,Wind,,Air Temperature (Deg. C.),,,Humidity (Percent),,,Barometer,Battery Voltage (volts),,,Air Flow (totalizer),,,Concentration by Hour,,,,,,,,,,,,,,,,,,,,,,,
Date,Station,Latitude,Longitude,Station Chart Link,Mean,Max,Min,Ave Vel. (m/s),V. Dir. (Deg),Mean,Max,Min,Mean,Max,Min,Baro. Pressure (mbars),Mean,Max,Min,Mean,Time of latest ob,Airfire QC Report Link,0:00,1:00,2:00,3:00,4:00,5:00,6:00,7:00,8:00,9:00,10:00,11:00,12:00,13:00,14:00,15:00,16:00,17:00,18:00,19:00,20:00,21:00,22:00,23:00
08/06/20,Smoke RMK 105 (Smoke #17),39.7144,-105.1239,https://wrcc.dri.edu/cgi-bin/rawMAIN4.pl?idsm17+06+08+20+M,7,7,5,1.1,-9999,20.6,26.8,16.7,51,66,37,823.7,14.3,14.3,14.2,2.00,13:00,https://tools.airfire.org/monitor-qc-report/v2/wrcc?unitID=sm17,0.00,5.00,6.00,7.00,7.00,7.00,7.00,7.00,7.00,7.00,6.00,6.00,6.00,7.00,-9999,-9999,-9999,-9999,-9999,-9999,-9999,-9999,-9999,-9999
08/06/20,Smoke RMK 109 (Smoke #84),39.7143,-105.124,https://wrcc.dri.edu/cgi-bin/rawMAIN4.pl?ids284+06+08+20+M,129,161,98,1.2,179,26.8,37.2,19.5,44,68,17,823.5,14.1,14.2,14.0,2.00,24:00,https://tools.airfire.org/monitor-qc-report/v2/wrcc?unitID=s284,116.00,141.00,145.00,152.00,153.00,156.00,157.00,161.00,158.00,154.00,142.00,137.00,144.00,135.00,127.00,120.00,112.00,102.00,99.00,101.00,99.00,99.00,99.00,98.00
08/06/20,Smoke RMK 112 (Smoke #11),39.7144,-105.1239,https://wrcc.dri.edu/cgi-bin/rawMAIN4.pl?idsm11+06+08+20+M,0,2,0,0.3,-9999,33.3,37.2,30.2,23,28,17,820.3,14.0,14.1,14.0,1.98,24:00,https://tools.airfire.org/monitor-qc-report/v2/wrcc?unitID=sm11,-9999,-9999,-9999,-9999,-9999,-9999,-9999,-9999,-9999,-9999,-9999,-9999,-9999,-9999,-9999,-9999,-9999,1.00,0.00,1.00,2.00,0.00,0.00,0.00
08/06/20,Smoke RMK 119 (Smoke #24),39.7144,-105.1239,https://wrcc.dri.edu/cgi-bin/rawMAIN4.pl?idsm24+06+08+20+M,18,30,5,1.2,-9999,29.1,34.1,25.2,24,41,15,823.3,14.0,14.0,14.0,1.98,24:00,https://tools.airfire.org/monitor-qc-report/v2/wrcc?unitID=sm24,-9999,-9999,-9999,-9999,-9999,-9999,-9999,-9999,-9999,-9999,-9999,-9999,-9999,-9999,-9999,-9999,-9999,5.00,11.00,18.00,19.00,16.00,18.00,27.00
08/06/20,Smoke RMK 126 (Smoke #217),39.7144,-105.1239,https://wrcc.dri.edu/cgi-bin/rawMAIN4.pl?ids217+06+08+20+M,6,7,5,0.9,-9999,12.2,18.8,8.4,52,68,36,824.5,14.2,14.2,14.1,2.00,14:00,https://tools.airfire.org/monitor-qc-report/v2/wrcc?unitID=s217,6.00,5.00,5.00,7.00,6.00,6.00,6.00,6.00,7.00,7.00,7.00,7.00,7.00,7.00,7.00,-9999,-9999,-9999,-9999,-9999,-9999,-9999,-9999,-9999
08/06/20,Smoke RMK 127 (Smoke #454),-12.2405,-150.4931,https://wrcc.dri.edu/cgi-bin/rawMAIN4.pl?ids454+06+08+20+M,2,4,0,1.4,91,21.6,33.2,11.0,42,76,9,800.0,14.1,14.3,14.0,2.00,24:00,https://tools.airfire.org/monitor-qc-report/v2/wrcc?unitID=s454,3.00,2.00,1.00,1.00,2.00,2.00,1.00,2.00,2.00,2.00,2.00,2.00,3.00,3.00,3.00,4.00,3.00,2.00,0.00,0.00,0.00,0.00,0.00,0.00
08/06/20,Smoke USFS R2-69,38.9793,-105.353,https://wrcc.dri.edu/cgi-bin/rawMAIN4.pl?ids269+06+08+20+M,4,7,0,0.3,1,22.8,36.5,13.1,1,1,0,758.5,14.1,14.2,13.9,2.00,24:00,https://tools.airfire.org/monitor-qc-report/v4/wrcc?unitID=s269,5.00,5.00,6.00,6.00,7.00,7.00,7.00,7.00,6.00,5.00,6.00,6.00,6.00,6.00,5.00,5.00,4.00,1.00,0.00,0.00,0.00,0.00,1.00,3.00
08/06/20,Smoke QD Test,39.3891,-105.2734,https://wrcc.dri.edu/cgi-bin/rawMAIN4.pl?idsqdt+06+08+20+M,1,3,0,0.7,133,-9999,-9999,-9999,-9999,-9999,-9999,808.1,13.0,13.9,12.7,-9999,-9999,-9999,2.00,2.00,2.00,2.00,2.00,1.00,1.00,1.00,0.00,0.00,0.00,0.00,0.00,0.00,0.00,1.00,1.00,1.00,1.00,1.00,1.00,1.00,1.00,3.00
