,,Position (Deg.),,,Concentration (µg/m3),,,Wind,,Air Temperature (Deg. C.),,,Humidity (Percent),,,Barometer,Battery Voltage (volts),,,Air Flow (totalizer),,,Concentration by Hour,,,,,,,,,,,,,,,,,,,,,,,
Date,Station,Latitude,Longitude,Station Chart Link,Mean,Max,Min,Ave Vel. (m/s),V. Dir. (Deg),Mean,Max,Min,Mean,Max,Min,Baro. Pressure (mbars),Mean,Max,Min,Mean,Time of latest ob,Airfire QC Report Link,0:00,1:00,2:00,3:00,4:00,5:00,6:00,7:00,8:00,9:00,10:00,11:00,12:00,13:00,14:00,15:00,16:00,17:00,18:00,19:00,20:00,21:00,22:00,23:00
08/08/24,Smoke RMK 100 (Smoke #659),44.1787,-122.119,https://wrcc.dri.edu/cgi-bin/rawMAIN4.pl?ids659+08+08+24+M,22,65,9,0.8,290,22.4,34.2,13.2,63,94,32,962.2,14.4,14.5,14.4,2.00,24:00,https://tools.airfire.org/monitor-qc-report/v2/wrcc?unitID=s659,55.00,23.00,19.00,13.00,10.00,9.00,10.00,10.00,10.00,11.00,10.00,11.00,12.00,12.00,13.00,13.00,14.00,16.00,23.00,26.00,37.00,44.00,65.00,54.00
08/08/24,Smoke RMK 102 (Smoke #661),44.1373,-118.9728,https://wrcc.dri.edu/cgi-bin/rawMAIN4.pl?ids661+08+08+24+M,47,65,27,1.0,289,16.6,28.6,4.2,38,68,13,860.0,14.4,14.4,14.4,2.00,24:00,https://tools.airfire.org/monitor-qc-report/v2/wrcc?unitID=s661,71.00,36.00,35.00,65.00,65.00,60.00,64.00,57.00,54.00,53.00,50.00,52.00,47.00,48.00,44.00,44.00,43.00,38.00,30.00,28.00,27.00,40.00,51.00,46.00
08/08/24,Smoke RMK 105 (Smoke #17),43.1921,-122.1367,https://wrcc.dri.edu/cgi-bin/rawMAIN4.pl?idsm17+08+08+24+M,155,490,22,1.2,53,20.8,29.5,11.8,31,45,13,6.3,14.5,14.5,14.4,2.00,24:00,https://tools.airfire.org/monitor-qc-report/v2/wrcc?unitID=sm17,44.00,162.00,351.00,414.00,490.00,186.00,152.00,225.00,202.00,134.00,83.00,49.00,32.00,22.00,25.00,28.00,34.00,34.00,40.00,76.00,109.00,132.00,163.00,263.00
08/08/24,Smoke RMK 108 (Smoke #456),45.5341,-121.57,https://wrcc.dri.edu/cgi-bin/rawMAIN4.pl?ids456+08+08+24+M,15,18,12,1.2,174,26.6,38.7,15.6,47,75,16,958.0,14.5,14.5,14.4,2.00,24:00,https://tools.airfire.org/monitor-qc-report/v2/wrcc?unitID=s456,15.00,14.00,14.00,16.00,17.00,17.00,17.00,15.00,15.00,16.00,14.00,13.00,13.00,13.00,13.00,12.00,13.00,14.00,15.00,18.00,15.00,13.00,15.00,16.00
08/08/24,Smoke RMK 109 (Smoke #84),44.4733,-109.4216,https://wrcc.dri.edu/cgi-bin/rawMAIN4.pl?ids284+08+08+24+M,4,7,2,1.2,-9999,18.5,21.0,16.7,58,67,49,834.8,14.5,14.5,14.4,2.00,18:00,https://tools.airfire.org/monitor-qc-report/v2/wrcc?unitID=s284,9.00,5.00,3.00,2.00,2.00,3.00,3.00,3.00,4.00,4.00,4.00,3.00,3.00,3.00,4.00,5.00,6.00,7.00,7.00,-9999,-9999,-9999,-9999,-9999
08/08/24,Smoke RMK 112 (Smoke #11),48.3086,-120.6567,https://wrcc.dri.edu/cgi-bin/rawMAIN4.pl?idsm11+08+08+24+M,40,111,9,0.6,3,28.2,36.6,21.0,44,59,30,972.0,14.0,14.5,12.2,1.99,24:00,https://tools.airfire.org/monitor-qc-report/v2/wrcc?unitID=sm11,17.00,14.00,14.00,15.00,30.00,76.00,45.00,65.00,33.00,44.00,27.00,32.00,47.00,50.00,55.00,76.00,32.00,55.00,26.00,48.00,111.00,34.00,10.00,11.00
08/08/24,Smoke RMK 113 (Smoke #16),40.4134,-105.1622,https://wrcc.dri.edu/cgi-bin/rawMAIN4.pl?idsm16+08+08+24+M,5,13,2,1.4,-9999,35.0,-9999,-9999,18,-9999,-9999,850.0,14.4,14.5,14.4,2.00,20:00,https://tools.airfire.org/monitor-qc-report/v2/wrcc?unitID=sm16,1.00,2.00,2.00,3.00,3.00,3.00,3.00,2.00,4.00,5.00,8.00,11.00,12.00,13.00,13.00,7.00,3.00,3.00,2.00,3.00,5.00,-9999,-9999,-9999
08/08/24,Smoke RMK 117 (Smoke #22),39.7144,-105.1239,https://wrcc.dri.edu/cgi-bin/rawMAIN4.pl?idsm22+08+08+24+M,8,23,2,1.4,-9999,19.9,27.0,16.5,67,85,42,831.6,14.4,14.5,14.4,2.00,17:00,https://tools.airfire.org/monitor-qc-report/v2/wrcc?unitID=sm22,2.00,3.00,3.00,3.00,3.00,3.00,2.00,3.00,3.00,4.00,4.00,4.00,9.00,17.00,23.00,20.00,18.00,14.00,-9999,-9999,-9999,-9999,-9999,-9999
08/08/24,Smoke RMK 119 (Smoke #24),43.3121,-123.0709,https://wrcc.dri.edu/cgi-bin/rawMAIN4.pl?idsm24+08+08+24+M,81,564,7,0.7,0,25.7,37.2,15.8,57,87,28,985.9,14.5,14.6,14.5,2.00,24:00,https://tools.airfire.org/monitor-qc-report/v2/wrcc?unitID=sm24,49.00,30.00,12.00,7.00,7.00,10.00,10.00,9.00,8.00,9.00,11.00,18.00,25.00,35.00,51.00,67.00,50.00,82.00,551.00,564.00,101.00,147.00,92.00,26.00
08/08/24,Smoke RMK 121 (Smoke #68),47.9,-120.1411,https://wrcc.dri.edu/cgi-bin/rawMAIN4.pl?idsm68+08+08+24+M,9,11,6,0.8,49,25.9,36.5,15.8,46,77,18,969.1,14.5,14.5,14.3,2.00,24:00,https://tools.airfire.org/monitor-qc-report/v2/wrcc?unitID=sm68,9.00,9.00,9.00,10.00,11.00,10.00,10.00,9.00,9.00,8.00,8.00,8.00,8.00,9.00,10.00,10.00,9.00,9.00,9.00,7.00,6.00,7.00,7.00,8.00
08/08/24,Smoke RMK 127 (Smoke #454),40.6232,-111.2282,https://wrcc.dri.edu/cgi-bin/rawMAIN4.pl?ids454+08+08+24+M,8,13,3,1.2,2,25.2,35.6,15.2,31,47,15,797.2,14.5,14.5,14.4,2.00,24:00,https://tools.airfire.org/monitor-qc-report/v2/wrcc?unitID=s454,3.00,3.00,3.00,4.00,5.00,6.00,7.00,7.00,7.00,8.00,8.00,10.00,10.00,11.00,11.00,11.00,11.00,11.00,11.00,13.00,12.00,7.00,7.00,9.00
08/08/24,Smoke RMK 128 (Smoke #457),43.4608,-121.6967,https://wrcc.dri.edu/cgi-bin/rawMAIN4.pl?ids457+08+08+24+M,81,143,14,0.4,226,22.9,35.1,11.9,48,76,18,863.3,14.6,14.6,14.5,2.00,24:00,https://tools.airfire.org/monitor-qc-report/v2/wrcc?unitID=s457,20.00,15.00,14.00,101.00,143.00,131.00,142.00,130.00,108.00,95.00,79.00,93.00,88.00,96.00,102.00,111.00,92.00,86.00,43.00,33.00,34.00,28.00,28.00,36.00
08/08/24,Smoke RMK 130 (USFS R2-923),46.7226,-120.6843,https://wrcc.dri.edu/cgi-bin/rawMAIN4.pl?id2923+08+08+24+M,11,19,5,1.1,120,23.4,32.4,14.2,41,58,21,963.4,14.5,14.6,14.4,2.00,24:00,https://tools.airfire.org/monitor-qc-report/v2/wrcc?unitID=2923,18.00,15.00,14.00,12.00,11.00,13.00,12.00,12.00,10.00,8.00,8.00,8.00,9.00,9.00,10.00,12.00,13.00,18.00,19.00,5.00,6.00,6.00,7.00,8.00
08/08/24,Smoke USFS R3-86,35.6871,-105.8956,https://wrcc.dri.edu/cgi-bin/rawMAIN4.pl?ids386+08+08+24+M,3,34,-5,0.4,307,19.5,30.1,12.4,1,-9999,-9999,-9999,14.1,14.1,14.0,16.70,24:00,https://tools.airfire.org/monitor-qc-report/v4/wrcc?unitID=s386,4.00,-2.00,-5.00,-5.00,0.00,3.00,-1.00,6.00,-2.00,1.00,4.00,1.00,3.00,4.00,-5.00,6.00,11.00,12.00,7.00,-5.00,13.00,2.00,-5.00,34.00
08/08/24,Smoke USFS 3016,46.7534,-114.0835,https://wrcc.dri.edu/cgi-bin/rawMAIN4.pl?ids316+08+08+24+M,9,20,6,0.8,254,22.6,33.3,13.7,55,82,30,912.3,14.3,14.4,14.1,2.00,24:00,https://tools.airfire.org/monitor-qc-report/v4/wrcc?unitID=s316,10.00,10.00,8.00,8.00,7.00,7.00,7.00,6.00,6.00,6.00,7.00,8.00,8.00,8.00,9.00,11.00,10.00,10.00,20.00,9.00,9.00,9.00,9.00,9.00
08/08/24,Lolo NF Smoke #1,47.1955,-114.8942,https://wrcc.dri.edu/cgi-bin/rawMAIN4.pl?idsml1+08+08+24+M,7,10,3,1.1,20,27.2,34.9,19.9,58,90,32,928.3,12.9,13.0,12.8,1.10,24:00,https://tools.airfire.org/monitor-qc-report/v4/wrcc?unitID=sml1,6.00,4.00,5.00,4.00,3.00,4.00,3.00,5.00,5.00,6.00,7.00,8.00,8.00,8.00,8.00,7.00,7.00,8.00,8.00,7.00,8.00,9.00,10.00,10.00
