,,Position (Deg.),,,Concentration (µg/m3),,,Wind,,Air Temperature (Deg. C.),,,Humidity (Percent),,,Barometer,Battery Voltage (volts),,,Air Flow (totalizer),,,Concentration by Hour,,,,,,,,,,,,,,,,,,,,,,,
Date,Station,Latitude,Longitude,Station Chart Link,Mean,Max,Min,Ave Vel. (m/s),V. Dir. (Deg),Mean,Max,Min,Mean,Max,Min,Baro. Pressure (mbars),Mean,Max,Min,Mean,Time of latest ob,Airfire QC Report Link,0:00,1:00,2:00,3:00,4:00,5:00,6:00,7:00,8:00,9:00,10:00,11:00,12:00,13:00,14:00,15:00,16:00,17:00,18:00,19:00,20:00,21:00,22:00,23:00
09/01/15,Smoke RMK 104 (Smoke #15),44.1342,-118.9703,https://wrcc.dri.edu/cgi-bin/rawMAIN4.pl?idsm15+01+09+15+M,6,16,1,0.9,-9999,14.5,29.2,3.8,52,79,10,854.4,14.2,14.4,14.0,2.00,22:00,https://tools.airfire.org/monitor-qc-report/v2/wrcc?unitID=sm15,0.00,4.00,4.00,2.00,3.00,4.00,5.00,4.00,5.00,5.00,5.00,6.00,9.00,9.00,12.00,15.00,15.00,16.00,10.00,2.00,1.00,1.00,1.00,-9999
09/01/15,Smoke RMK 107 (Smoke #67),48.6439,-118.7378,https://wrcc.dri.edu/cgi-bin/rawMAIN4.pl?idsm67+01+09+15+M,37,114,7,0.7,-9999,13.9,23.6,7.9,84,100,36,919.2,14.2,14.4,14.1,2.00,24:00,https://tools.airfire.org/monitor-qc-report/v2/wrcc?unitID=sm67,10.00,-9999,15.00,14.00,14.00,15.00,16.00,17.00,26.00,23.00,30.00,43.00,57.00,66.00,70.00,63.00,63.00,114.00,105.00,40.00,18.00,10.00,9.00,7.00
09/01/15,Smoke RMK 109 (Smoke #84),42.1964,-122.714,https://wrcc.dri.edu/cgi-bin/rawMAIN4.pl?ids284+01+09+15+M,3,4,2,1.0,266,22.3,33.2,12.3,49,77,24,941.8,14.1,14.3,14.0,2.00,24:00,https://tools.airfire.org/monitor-qc-report/v2/wrcc?unitID=s284,4.00,3.00,2.00,2.00,3.00,3.00,3.00,3.00,3.00,2.00,2.00,2.00,2.00,2.00,2.00,2.00,2.00,3.00,4.00,4.00,4.00,4.00,3.00,3.00
09/01/15,Smoke RMK 110 (Smoke #215),48.6016,-118.1206,https://wrcc.dri.edu/cgi-bin/rawMAIN4.pl?ids215+01+09+15+M,9,24,1,0.3,148,18.8,28.1,13.5,73,97,37,960.1,14.2,14.3,14.0,2.00,24:00,https://tools.airfire.org/monitor-qc-report/v2/wrcc?unitID=s215,9.00,8.00,7.00,12.00,21.00,11.00,10.00,12.00,14.00,24.00,20.00,7.00,7.00,9.00,9.00,10.00,10.00,8.00,6.00,3.00,1.00,1.00,2.00,1.00
09/01/15,Smoke RMK 113 (Smoke #16),48.7105,-119.4341,https://wrcc.dri.edu/cgi-bin/rawMAIN4.pl?idsm16+01+09+15+M,4,13,0,0.9,74,17.5,27.8,10.6,73,92,36,-9999,14.2,14.3,14.1,1.80,24:00,https://tools.airfire.org/monitor-qc-report/v2/wrcc?unitID=sm16,3.00,10.00,12.00,13.00,10.00,6.00,4.00,3.00,3.00,2.00,2.00,0.00,1.00,1.00,1.00,1.00,3.00,5.00,3.00,2.00,2.00,3.00,7.00,3.00
09/01/15,Smoke RMK 116 (Smoke #21),47.4689,-123.8471,https://wrcc.dri.edu/cgi-bin/rawMAIN4.pl?idsm21+01+09+15+M,2,6,0,0.7,337,17.4,21.5,16.0,90,95,70,-9999,14.2,14.3,14.2,2.00,24:00,https://tools.airfire.org/monitor-qc-report/v2/wrcc?unitID=sm21,6.00,6.00,5.00,6.00,5.00,4.00,2.00,1.00,1.00,2.00,1.00,1.00,0.00,0.00,0.00,0.00,0.00,0.00,0.00,1.00,1.00,1.00,2.00,3.00
09/01/15,Smoke RMK 119 (Smoke #24),47.8449,-120.0097,https://wrcc.dri.edu/cgi-bin/rawMAIN4.pl?idsm24+01+09+15+M,0,0,0,0.3,2,22.1,31.7,18.0,44,51,29,960.2,14.2,14.2,14.0,2.00,24:00,https://tools.airfire.org/monitor-qc-report/v2/wrcc?unitID=sm24,0.00,0.00,0.00,0.00,0.00,0.00,0.00,0.00,0.00,0.00,0.00,0.00,0.00,0.00,0.00,0.00,0.00,0.00,0.00,0.00,0.00,0.00,0.00,0.00
09/01/15,Smoke RMK 120 (Smoke #65),46.9269,-114.0961,https://wrcc.dri.edu/cgi-bin/rawMAIN4.pl?idsm65+01+09+15+M,14,22,8,0.8,211,20.0,34.3,11.2,50,78,16,900.4,14.0,14.2,13.5,2.00,24:00,https://tools.airfire.org/monitor-qc-report/v2/wrcc?unitID=sm65,8.00,8.00,11.00,15.00,13.00,14.00,13.00,12.00,13.00,13.00,12.00,12.00,13.00,13.00,15.00,14.00,15.00,16.00,22.00,21.00,15.00,12.00,13.00,12.00
09/01/15,Smoke #25,45.9466,-117.4502,https://wrcc.dri.edu/cgi-bin/rawMAIN4.pl?idsm25+01+09+15+M,155,432,1,0.8,-9999,20.9,32.8,13.6,51,71,25,954.2,12.9,13.2,12.4,2.00,12:00,https://tools.airfire.org/monitor-qc-report/v4/wrcc?unitID=sm25,0.00,1.00,9.00,17.00,20.00,25.00,53.00,96.00,186.00,263.00,331.00,431.00,432.00,-9999,-9999,-9999,-9999,-9999,-9999,-9999,-9999,-9999,-9999,-9999
09/01/15,Smoke RMK 121 (Smoke #68),44.8603,-117.0883,https://wrcc.dri.edu/cgi-bin/rawMAIN4.pl?idsm68+01+09+15+M,7,9,2,0.7,-9999,16.3,32.2,8.5,63,87,25,921.4,14.3,14.4,14.1,2.00,19:00,https://tools.airfire.org/monitor-qc-report/v2/wrcc?unitID=sm68,0.00,2.00,3.00,5.00,6.00,6.00,7.00,6.00,6.00,6.00,7.00,8.00,9.00,9.00,8.00,8.00,8.00,8.00,8.00,6.00,-9999,-9999,-9999,-9999
09/01/15,Smoke USFS R1-53,48.8978,-115.0584,https://wrcc.dri.edu/cgi-bin/rawMAIN4.pl?ids153+01+09+15+M,2,4,0,1.2,112,18.4,27.5,13.3,54,72,27,918.0,14.2,14.3,14.1,2.00,24:00,https://tools.airfire.org/monitor-qc-report/v4/wrcc?unitID=s153,1.00,1.00,4.00,3.00,3.00,2.00,2.00,3.00,4.00,4.00,4.00,3.00,3.00,3.00,3.00,2.00,3.00,3.00,2.00,0.00,0.00,0.00,0.00,0.00
09/01/15,Smoke NPS Yosemite 01,37.8931,-119.8419,https://wrcc.dri.edu/cgi-bin/rawMAIN4.pl?idsmy1+01+09+15+M,11,26,0,0.4,-9999,31.8,32.1,31.6,41,58,20,-10.0,14.4,14.4,14.4,16.69,24:00,https://tools.airfire.org/monitor-qc-report/v4/wrcc?unitID=smy1,7.00,0.00,0.00,6.00,3.00,2.00,6.00,3.00,1.00,4.00,14.00,19.00,18.00,18.00,17.00,16.00,19.00,12.00,8.00,21.00,26.00,-9999,11.00,10.00
09/01/15,Smoke RMK 407 (EBAM #231),47.8915,-120.1536,https://wrcc.dri.edu/cgi-bin/rawMAIN4.pl?ide231+01+09+15+M,1,6,-5,1.7,293,15.4,21.5,11.2,51,68,29,-9999,13.9,14.0,13.9,16.69,24:00,https://tools.airfire.org/monitor-qc-report/v2/wrcc?unitID=e231,-1.00,4.00,3.00,4.00,0.00,3.00,0.00,5.00,-2.00,5.00,0.00,3.00,-4.00,6.00,-3.00,-2.00,2.00,-4.00,0.00,-5.00,-1.00,-1.00,2.00,0.00
09/01/15,Smoke RMK 412 (EBAM #840),44.4561,-118.7094,https://wrcc.dri.edu/cgi-bin/rawMAIN4.pl?ide840+01+09+15+M,23,71,1,0.7,237,14.9,28.7,6.0,49,80,7,-9999,13.9,14.0,13.7,16.68,24:00,https://tools.airfire.org/monitor-qc-report/v2/wrcc?unitID=e840,22.00,1.00,8.00,4.00,1.00,8.00,22.00,23.00,24.00,62.00,71.00,41.00,31.00,25.00,19.00,21.00,14.00,28.00,33.00,15.00,28.00,26.00,21.00,27.00
09/01/15,Smoke RMK 413 (EBAM #866),48.0889,-119.7843,https://wrcc.dri.edu/cgi-bin/rawMAIN4.pl?ide866+01+09+15+M,3,15,-5,2.5,87,18.4,24.1,13.1,48,69,30,-9999,14.1,14.1,14.0,16.69,24:00,https://tools.airfire.org/monitor-qc-report/v2/wrcc?unitID=e866,3.00,-4.00,2.00,3.00,4.00,-4.00,6.00,-3.00,4.00,5.00,5.00,-1.00,15.00,5.00,1.00,3.00,5.00,-1.00,3.00,9.00,2.00,-5.00,2.00,8.00
09/01/15,Smoke RMK 415 (EBAM #925),48.8662,-118.2051,https://wrcc.dri.edu/cgi-bin/rawMAIN4.pl?ide925+01+09+15+M,48,177,7,0.6,323,10.7,17.9,7.8,85,98,47,-9999,14.1,14.2,14.0,16.69,24:00,https://tools.airfire.org/monitor-qc-report/v2/wrcc?unitID=e925,74.00,16.00,22.00,8.00,11.00,7.00,9.00,13.00,7.00,33.00,50.00,97.00,73.00,60.00,68.00,101.00,177.00,148.00,86.00,59.00,38.00,23.00,16.00,14.00
09/01/15,Smoke USFS R1-306,45.412,-116.3294,https://wrcc.dri.edu/cgi-bin/rawMAIN4.pl?id1306+01+09+15+M,51,430,0,1.5,200,23.6,37.5,14.9,38,60,15,-9999,14.1,14.2,13.9,2.00,24:00,https://tools.airfire.org/monitor-qc-report/v4/wrcc?unitID=1306,4.00,3.00,4.00,3.00,1.00,0.00,9.00,8.00,6.00,12.00,13.00,16.00,22.00,26.00,23.00,24.00,22.00,20.00,198.00,430.00,231.00,59.00,39.00,35.00
09/01/15,Smoke USFS R1-307,45.2048,-112.6436,https://wrcc.dri.edu/cgi-bin/rawMAIN4.pl?id1307+01+09+15+M,2,5,1,2.3,207,20.2,33.4,9.5,36,59,13,-9999,14.3,14.4,14.1,2.00,24:00,https://tools.airfire.org/monitor-qc-report/v4/wrcc?unitID=1307,1.00,1.00,1.00,1.00,2.00,3.00,2.00,2.00,2.00,2.00,3.00,4.00,5.00,5.00,5.00,4.00,3.00,2.00,1.00,1.00,2.00,1.00,1.00,1.00
