,,Position (Deg.),,,Concentration (µg/m3),,,Wind,,Air Temperature (Deg. C.),,,Humidity (Percent),,,Barometer,Battery Voltage (volts),,,Air Flow (totalizer),,,Concentration by Hour,,,,,,,,,,,,,,,,,,,,,,,
Date,Station,Latitude,Longitude,Station Chart Link,Mean,Max,Min,Ave Vel. (m/s),V. Dir. (Deg),Mean,Max,Min,Mean,Max,Min,Baro. Pressure (mbars),Mean,Max,Min,Mean,Time of latest ob,Airfire QC Report Link,0:00,1:00,2:00,3:00,4:00,5:00,6:00,7:00,8:00,9:00,10:00,11:00,12:00,13:00,14:00,15:00,16:00,17:00,18:00,19:00,20:00,21:00,22:00,23:00
02/04/19,Smoke #13,40.1156,-105.3859,https://wrcc.dri.edu/cgi-bin/rawMAIN4.pl?idsm13+04+02+19+M,1,9,0,0.9,331,5.8,15.7,-0.2,48,65,18,772.4,14.4,14.4,14.3,2.00,24:00,https://tools.airfire.org/monitor-qc-report/v4/wrcc?unitID=sm13,0.00,1.00,0.00,4.00,0.00,1.00,1.00,1.00,0.00,0.00,0.00,0.00,0.00,0.00,0.00,0.00,0.00,0.00,0.00,0.00,1.00,1.00,2.00,4.00
02/04/19,Smoke RMK 108 (Smoke #456),39.7144,-105.1239,https://wrcc.dri.edu/cgi-bin/rawMAIN4.pl?ids456+04+02+19+M,1,11,0,1.9,274,8.0,15.7,3.2,38,50,21,814.8,14.4,14.4,14.3,2.00,24:00,https://tools.airfire.org/monitor-qc-report/v2/wrcc?unitID=s456,0.00,0.00,0.00,0.00,0.00,0.00,1.00,1.00,0.00,0.00,0.00,0.00,0.00,0.00,0.00,0.00,0.00,0.00,0.00,0.00,0.00,0.00,5.00,9.00
02/04/19,Smoke RMK 125 (Smoke #216),39.4065,-105.4825,https://wrcc.dri.edu/cgi-bin/rawMAIN4.pl?ids216+04+02+19+M,0,1,0,1.8,281,3.1,11.0,-6.0,47,78,30,750.1,14.4,14.4,14.3,2.00,24:00,https://tools.airfire.org/monitor-qc-report/v2/wrcc?unitID=s216,1.00,0.00,0.00,0.00,0.00,0.00,0.00,1.00,1.00,0.00,0.00,0.00,0.00,0.00,0.00,0.00,0.00,0.00,0.00,0.00,0.00,0.00,0.00,0.00
02/04/19,Smoke RMK 131 (USFS R2-924),39.389,-105.2734,https://wrcc.dri.edu/cgi-bin/rawMAIN4.pl?id2924+04+02+19+M,0,4,0,1.5,193,5.5,14.7,-6.1,46,88,25,785.3,14.4,14.4,14.2,2.00,24:00,https://tools.airfire.org/monitor-qc-report/v2/wrcc?unitID=2924,0.00,0.00,0.00,0.00,0.00,0.00,0.00,0.00,0.00,0.00,4.00,2.00,0.00,0.00,1.00,1.00,2.00,0.00,0.00,0.00,0.00,0.00,0.00,0.00
02/04/19,Smoke USFS R2-69,38.9792,-105.353,https://wrcc.dri.edu/cgi-bin/rawMAIN4.pl?ids269+04+02+19+M,3,17,0,0.3,1,1.3,11.0,-7.8,0,1,0,745.6,14.4,14.4,14.3,2.00,24:00,https://tools.airfire.org/monitor-qc-report/v4/wrcc?unitID=s269,0.00,0.00,1.00,1.00,0.00,0.00,1.00,2.00,2.00,3.00,5.00,6.00,9.00,4.00,7.00,16.00,17.00,1.00,0.00,0.00,0.00,0.00,0.00,0.00
02/04/19,Smoke USFS R3-86,35.687,-105.8956,https://wrcc.dri.edu/cgi-bin/rawMAIN4.pl?ids386+04+02+19+M,0,24,-5,0.3,32,8.7,18.1,0.5,0,1,0,-9999,14.4,14.4,14.2,16.70,24:00,https://tools.airfire.org/monitor-qc-report/v4/wrcc?unitID=s386,-5.00,-5.00,-5.00,-1.00,-5.00,3.00,-4.00,-5.00,-2.00,-5.00,10.00,-5.00,-1.00,-5.00,-3.00,-5.00,-5.00,-4.00,9.00,24.00,15.00,-5.00,4.00,9.00
02/04/19,Smoke RMK 411 (EBAM #794),39.7144,-105.124,https://wrcc.dri.edu/cgi-bin/rawMAIN4.pl?ide794+04+02+19+M,1,15,-5,2.0,176,6.7,14.5,2.1,32,46,16,-9999,14.4,14.4,14.4,16.67,24:00,https://tools.airfire.org/monitor-qc-report/v2/wrcc?unitID=e794,4.00,3.00,-3.00,1.00,5.00,3.00,0.00,2.00,3.00,-4.00,3.00,-2.00,-1.00,0.00,3.00,-1.00,-2.00,-5.00,-5.00,0.00,-5.00,5.00,15.00,7.00
02/04/19,Smoke RMK 415 (EBAM #925),37.4611,-108.5157,https://wrcc.dri.edu/cgi-bin/rawMAIN4.pl?ide925+04+02+19+M,2,12,-5,2.2,70,-2.7,0.9,-6.4,79,89,66,-9999,14.3,14.3,14.3,16.70,24:00,https://tools.airfire.org/monitor-qc-report/v2/wrcc?unitID=e925,2.00,6.00,-2.00,1.00,3.00,4.00,1.00,3.00,-2.00,2.00,4.00,1.00,12.00,-1.00,5.00,3.00,1.00,-5.00,1.00,3.00,1.00,3.00,-1.00,7.00
