,,Position (Deg.),,,Concentration (µg/m3),,,Wind,,Air Temperature (Deg. C.),,,Humidity (Percent),,,Barometer,Battery Voltage (volts),,,Air Flow (totalizer),,,Concentration by Hour,,,,,,,,,,,,,,,,,,,,,,,
Date,Station,Latitude,Longitude,Station Chart Link,Mean,Max,Min,Ave Vel. (m/s),V. Dir. (Deg),Mean,Max,Min,Mean,Max,Min,Baro. Pressure (mbars),Mean,Max,Min,Mean,Time of latest ob,Airfire QC Report Link,0:00,1:00,2:00,3:00,4:00,5:00,6:00,7:00,8:00,9:00,10:00,11:00,12:00,13:00,14:00,15:00,16:00,17:00,18:00,19:00,20:00,21:00,22:00,23:00
09/01/23,Smoke RMK 104 (Smoke #15),39.7143,-105.1239,https://wrcc.dri.edu/cgi-bin/rawMAIN4.pl?idsm15+01+09+23+M,1,2,1,0.9,-9999,24.1,31.5,17.6,28,36,18,825.7,14.5,14.5,14.5,2.00,17:00,https://tools.airfire.org/monitor-qc-report/v2/wrcc?unitID=sm15,1.00,1.00,2.00,2.00,2.00,2.00,2.00,1.00,1.00,1.00,1.00,1.00,1.00,2.00,2.00,2.00,1.00,1.00,-9999,-9999,-9999,-9999,-9999,-9999
09/01/23,Smoke RMK 107 (Smoke #67),44.1786,-122.1189,https://wrcc.dri.edu/cgi-bin/rawMAIN4.pl?idsm67+01+09+23+M,234,1034,7,0.6,72,17.0,26.8,14.0,88,98,48,956.3,14.4,14.5,14.4,1.95,24:00,https://tools.airfire.org/monitor-qc-report/v2/wrcc?unitID=sm67,1387.00,1034.00,443.00,264.00,201.00,199.00,212.00,224.00,244.00,223.00,245.00,244.00,231.00,232.00,215.00,205.00,306.00,353.00,328.00,133.00,37.00,7.00,8.00,8.00
09/01/23,Smoke RMK 108 (Smoke #456),31.1488,-93.2559,https://wrcc.dri.edu/cgi-bin/rawMAIN4.pl?ids456+01+09+23+M,7,10,4,0.4,72,26.4,36.8,16.6,51,84,16,1008.0,14.5,14.5,14.5,2.00,24:00,https://tools.airfire.org/monitor-qc-report/v2/wrcc?unitID=s456,8.00,9.00,9.00,10.00,9.00,8.00,8.00,8.00,8.00,7.00,8.00,8.00,8.00,8.00,8.00,8.00,9.00,6.00,6.00,5.00,5.00,4.00,4.00,4.00
09/01/23,Smoke RMK 111 (Smoke #455),38.7173,-108.0539,https://wrcc.dri.edu/cgi-bin/rawMAIN4.pl?ids455+01+09+23+M,2,3,1,0.8,177,24.6,35.7,15.7,37,59,15,842.6,14.5,14.5,14.5,2.00,24:00,https://tools.airfire.org/monitor-qc-report/v2/wrcc?unitID=s455,1.00,1.00,1.00,1.00,2.00,2.00,2.00,2.00,2.00,2.00,2.00,2.00,2.00,2.00,2.00,2.00,3.00,2.00,2.00,2.00,1.00,1.00,1.00,1.00
09/01/23,Smoke RMK 115 (Smoke #20),39.7144,-105.124,https://wrcc.dri.edu/cgi-bin/rawMAIN4.pl?idsm20+01+09+23+M,2,5,0,1.1,-9999,29.1,31.0,27.6,23,33,8,823.5,14.1,14.2,13.9,2.00,21:00,https://tools.airfire.org/monitor-qc-report/v2/wrcc?unitID=sm20,1.00,1.00,0.00,0.00,-9999,2.00,4.00,2.00,1.00,2.00,3.00,1.00,4.00,5.00,-9999,3.00,4.00,-9999,5.00,2.00,-9999,1.00,-9999,-9999
09/01/23,Smoke RMK 118 (Smoke #23),39.7143,-105.1239,https://wrcc.dri.edu/cgi-bin/rawMAIN4.pl?idsm23+01+09+23+M,0,1,0,1.2,184,26.4,36.7,15.8,46,61,29,826.4,14.0,14.1,13.9,2.00,24:00,https://tools.airfire.org/monitor-qc-report/v2/wrcc?unitID=sm23,1.00,1.00,0.00,1.00,1.00,0.00,0.00,0.00,0.00,1.00,0.00,0.00,0.00,0.00,0.00,0.00,0.00,0.00,0.00,0.00,0.00,0.00,0.00,1.00
09/01/23,Smoke RMK 122 (Smoke #69),40.7514,-105.4347,https://wrcc.dri.edu/cgi-bin/rawMAIN4.pl?idsm69+01+09+23+M,0,1,0,1.4,213,27.1,36.0,18.5,37,63,15,778.0,14.1,14.2,14.0,2.00,24:00,https://tools.airfire.org/monitor-qc-report/v2/wrcc?unitID=sm69,0.00,0.00,0.00,0.00,0.00,0.00,0.00,0.00,0.00,1.00,0.00,0.00,0.00,1.00,0.00,0.00,0.00,0.00,0.00,0.00,0.00,0.00,1.00,0.00
09/01/23,Smoke RMK 126 (Smoke #217),30.7457,-93.5362,https://wrcc.dri.edu/cgi-bin/rawMAIN4.pl?ids217+01+09+23+M,19,41,4,0.3,63,31.2,42.8,20.1,49,88,15,1008.0,14.1,14.2,14.0,0.99,24:00,https://tools.airfire.org/monitor-qc-report/v2/wrcc?unitID=s217,7.00,9.00,15.00,25.00,25.00,32.00,36.00,34.00,38.00,41.00,35.00,30.00,25.00,23.00,24.00,14.00,9.00,6.00,5.00,4.00,4.00,5.00,5.00,5.00
09/01/23,Smoke RMK 129 (USFS R2-922),30.8552,-93.2919,https://wrcc.dri.edu/cgi-bin/rawMAIN4.pl?id2922+01+09+23+M,16,38,3,0.8,7,33.7,44.9,23.6,43,73,15,1005.0,14.1,14.2,14.0,2.00,24:00,https://tools.airfire.org/monitor-qc-report/v2/wrcc?unitID=2922,9.00,10.00,11.00,22.00,38.00,33.00,28.00,23.00,16.00,13.00,12.00,27.00,35.00,32.00,35.00,13.00,14.00,7.00,4.00,3.00,3.00,4.00,4.00,4.00
09/01/23,Smoke USFS R3-28,35.6715,-105.9556,https://wrcc.dri.edu/cgi-bin/rawMAIN4.pl?ids328+01+09+23+M,6,80,-5,1.9,120,23.7,30.6,15.9,0,1,0,-9999,14.2,14.2,14.1,16.70,24:00,https://tools.airfire.org/monitor-qc-report/v4/wrcc?unitID=s328,-5.00,-5.00,-5.00,-5.00,-5.00,-5.00,-5.00,-5.00,-5.00,-5.00,-5.00,-5.00,-5.00,-5.00,80.00,36.00,41.00,19.00,-5.00,19.00,21.00,-5.00,5.00,-5.00
09/01/23,Smoke RMK 408 (EBAM #418),37.4716,-108.5163,https://wrcc.dri.edu/cgi-bin/rawMAIN4.pl?ide418+01+09+23+M,2,6,-3,1.5,-9999,23.1,32.0,16.0,33,49,12,-9999,14.3,14.3,14.3,16.70,23:00,https://tools.airfire.org/monitor-qc-report/v2/wrcc?unitID=e418,-1.00,-1.00,2.00,-1.00,1.00,2.00,6.00,4.00,1.00,0.00,5.00,2.00,3.00,5.00,2.00,-3.00,5.00,4.00,6.00,2.00,6.00,2.00,1.00,0.00
09/01/23,Smoke RMK 402 (EBAM #493),40.6233,-111.2282,https://wrcc.dri.edu/cgi-bin/rawMAIN4.pl?ide493+01+09+23+M,-0,40,-71,1.2,73,18.1,29.0,14.3,53,85,17,-9999,11.7,11.7,11.7,12.50,24:00,https://tools.airfire.org/monitor-qc-report/v2/wrcc?unitID=e493,2.00,1.00,7.00,15.00,7.00,3.00,2.00,17.00,-4.00,-4.00,1.00,3.00,16.00,10.00,0.00,-10.00,-15.00,-4.00,22.00,34.00,40.00,-71.00,-30.00,-30.00
09/01/23,Smoke RMK 403 (EBAM #494),47.7792,-116.6851,https://wrcc.dri.edu/cgi-bin/rawMAIN4.pl?ide494+01+09+23+M,1,25,-21,0.5,153,16.1,25.4,11.4,78,91,46,-9999,11.6,11.6,11.6,16.70,24:00,https://tools.airfire.org/monitor-qc-report/v2/wrcc?unitID=e494,10.00,25.00,16.00,-5.00,7.00,8.00,16.00,13.00,0.00,4.00,-3.00,-8.00,3.00,-1.00,9.00,0.00,-10.00,-16.00,-11.00,-7.00,-21.00,-5.00,-2.00,5.00
09/01/23,Smoke RMK 411 (EBAM #794),37.6517,-108.2946,https://wrcc.dri.edu/cgi-bin/rawMAIN4.pl?ide794+01+09+23+M,2,10,-5,0.8,76,18.4,28.5,10.3,49,75,15,-9999,14.4,14.4,14.3,16.70,24:00,https://tools.airfire.org/monitor-qc-report/v2/wrcc?unitID=e794,0.00,10.00,-5.00,4.00,5.00,5.00,1.00,2.00,10.00,0.00,4.00,4.00,2.00,6.00,5.00,2.00,-5.00,-4.00,-2.00,0.00,4.00,-1.00,0.00,10.00
09/01/23,Smoke RMK 414 (EBAM #882),37.3502,-108.2908,https://wrcc.dri.edu/cgi-bin/rawMAIN4.pl?ide882+01+09+23+M,3,8,-5,0.5,123,19.2,26.6,10.0,27,54,10,-9999,13.7,13.7,13.6,16.70,24:00,https://tools.airfire.org/monitor-qc-report/v2/wrcc?unitID=e882,2.00,-1.00,1.00,-1.00,0.00,3.00,3.00,7.00,1.00,3.00,-1.00,4.00,8.00,4.00,-5.00,4.00,3.00,7.00,3.00,2.00,8.00,2.00,-2.00,6.00
09/01/23,Smoke USFS R1-307,46.5841,-112.042,https://wrcc.dri.edu/cgi-bin/rawMAIN4.pl?id1307+01+09+23+M,4,8,1,1.0,358,20.7,34.9,12.0,41,62,25,-9999,14.1,14.2,13.9,2.00,24:00,https://tools.airfire.org/monitor-qc-report/v4/wrcc?unitID=1307,1.00,1.00,1.00,2.00,1.00,1.00,1.00,1.00,1.00,1.00,2.00,4.00,5.00,7.00,8.00,8.00,6.00,5.00,5.00,5.00,5.00,5.00,5.00,6.00
09/01/23,Lolo NF Smoke #1,47.1954,-114.8943,https://wrcc.dri.edu/cgi-bin/rawMAIN4.pl?idsml1+01+09+23+M,2,4,1,0.7,77,18.1,32.1,9.8,66,93,28,918.8,14.2,14.3,14.0,2.00,24:00,https://tools.airfire.org/monitor-qc-report/v4/wrcc?unitID=sml1,0.00,1.00,1.00,2.00,1.00,1.00,2.00,2.00,2.00,3.00,3.00,2.00,2.00,2.00,2.00,2.00,2.00,2.00,3.00,2.00,3.00,3.00,4.00,4.00
09/01/23,AQB Smoke EBAM T-1,36.2403,-106.4289,https://wrcc.dri.edu/cgi-bin/rawMAIN4.pl?ideat1+01+09+23+M,6,36,-5,1.5,278,25.3,33.7,17.3,1,1,0,-9999,14.4,14.4,14.4,16.70,24:00,https://tools.airfire.org/monitor-qc-report/v4/wrcc?unitID=eat1,-5.00,1.00,-5.00,-5.00,-5.00,-5.00,-5.00,-5.00,-5.00,-2.00,-3.00,-5.00,-5.00,-2.00,-4.00,-1.00,19.00,23.00,23.00,34.00,36.00,11.00,15.00,25.00
09/01/23,AQB Smoke EBAM T-3,36.7563,-106.5595,https://wrcc.dri.edu/cgi-bin/rawMAIN4.pl?ideat3+01+09+23+M,3,16,-5,1.1,85,18.1,29.5,6.6,1,1,0,-9999,14.2,14.2,14.1,16.70,24:00,https://tools.airfire.org/monitor-qc-report/v4/wrcc?unitID=eat3,5.00,-5.00,-5.00,-1.00,-2.00,-5.00,0.00,-1.00,2.00,0.00,3.00,6.00,0.00,5.00,2.00,-5.00,16.00,15.00,12.00,13.00,6.00,0.00,2.00,15.00
