,,Position (Deg.),,,Concentration (µg/m3),,,Wind,,Air Temperature (Deg. C.),,,Humidity (Percent),,,Barometer,Battery Voltage (volts),,,Air Flow (totalizer),,,Concentration by Hour,,,,,,,,,,,,,,,,,,,,,,,
Date,Station,Latitude,Longitude,Station Chart Link,Mean,Max,Min,Ave Vel. (m/s),V. Dir. (Deg),Mean,Max,Min,Mean,Max,Min,Baro. Pressure (mbars),Mean,Max,Min,Mean,Time of latest ob,Airfire QC Report Link,0:00,1:00,2:00,3:00,4:00,5:00,6:00,7:00,8:00,9:00,10:00,11:00,12:00,13:00,14:00,15:00,16:00,17:00,18:00,19:00,20:00,21:00,22:00,23:00
04/26/21,Smoke RMK 109 (Smoke #84),39.7143,-105.1239,https://wrcc.dri.edu/cgi-bin/rawMAIN4.pl?ids284+26+04+21+M,0,1,0,1.5,181,21.3,31.0,12.0,15,29,4,810.8,14.2,14.4,14.1,2.00,24:00,https://tools.airfire.org/monitor-qc-report/v2/wrcc?unitID=s284,5.00,1.00,0.00,0.00,0.00,0.00,0.00,0.00,0.00,0.00,0.00,0.00,0.00,0.00,0.00,0.00,0.00,0.00,0.00,0.00,1.00,1.00,1.00,1.00
04/26/21,Smoke RMK 115 (Smoke #20),37.4772,-108.487,https://wrcc.dri.edu/cgi-bin/rawMAIN4.pl?idsm20+26+04+21+M,1,1,1,1.0,-9999,16.7,-9999,-9999,14,-9999,-9999,778.2,14.2,14.2,14.2,2.00,24:00,https://tools.airfire.org/monitor-qc-report/v2/wrcc?unitID=sm20,-9999,-9999,-9999,-9999,-9999,-9999,-9999,-9999,-9999,-9999,-9999,-9999,-9999,-9999,-9999,-9999,-9999,-9999,-9999,-9999,-9999,-9999,-9999,-9999
04/26/21,Smoke RMK 116 (Smoke #21),39.389,-105.2734,https://wrcc.dri.edu/cgi-bin/rawMAIN4.pl?idsm21+26+04+21+M,2,10,0,1.5,212,12.6,25.5,-2.6,33,82,4,-9999,14.3,14.4,14.1,1.37,24:00,https://tools.airfire.org/monitor-qc-report/v2/wrcc?unitID=sm21,0.00,1.00,2.00,3.00,3.00,10.00,2.00,1.00,0.00,3.00,2.00,2.00,2.00,2.00,2.00,0.00,1.00,1.00,0.00,2.00,2.00,1.00,2.00,2.00
04/26/21,Smoke RMK 118 (Smoke #23),39.7143,-105.1239,https://wrcc.dri.edu/cgi-bin/rawMAIN4.pl?idsm23+26+04+21+M,0,3,0,1.5,181,20.5,30.0,11.3,14,28,2,812.3,14.1,14.3,14.0,2.00,24:00,https://tools.airfire.org/monitor-qc-report/v2/wrcc?unitID=sm23,0.00,0.00,0.00,0.00,0.00,0.00,0.00,0.00,0.00,1.00,0.00,0.00,0.00,0.00,1.00,2.00,3.00,0.00,0.00,0.00,0.00,0.00,0.00,0.00
04/26/21,Smoke RMK 124 (Smoke #210),39.5996,-105.9886,https://wrcc.dri.edu/cgi-bin/rawMAIN4.pl?ids210+26+04+21+M,0,1,0,2.3,242,8.9,15.2,2.5,22,43,11,715.7,14.4,14.4,14.2,2.00,24:00,https://tools.airfire.org/monitor-qc-report/v2/wrcc?unitID=s210,1.00,1.00,1.00,0.00,1.00,1.00,1.00,1.00,1.00,1.00,1.00,1.00,1.00,0.00,0.00,0.00,0.00,0.00,0.00,0.00,0.00,0.00,0.00,0.00
04/26/21,Smoke RMK 126 (Smoke #217),39.7144,-105.124,https://wrcc.dri.edu/cgi-bin/rawMAIN4.pl?ids217+26+04+21+M,1,2,0,1.5,187,18.3,28.1,8.9,14,27,4,811.2,14.2,14.4,14.1,2.00,24:00,https://tools.airfire.org/monitor-qc-report/v2/wrcc?unitID=s217,0.00,1.00,1.00,1.00,1.00,1.00,0.00,1.00,1.00,1.00,1.00,1.00,2.00,2.00,2.00,2.00,1.00,1.00,0.00,0.00,0.00,0.00,0.00,0.00
04/26/21,Smoke USFS R1-39,46.6322,-114.0802,https://wrcc.dri.edu/cgi-bin/rawMAIN4.pl?ids139+26+04+21+M,1,6,0,0.7,146,7.9,15.7,1.3,77,96,38,892.3,14.4,14.4,14.4,2.00,24:00,https://tools.airfire.org/monitor-qc-report/v4/wrcc?unitID=s139,6.00,1.00,1.00,1.00,2.00,3.00,1.00,0.00,0.00,0.00,0.00,0.00,0.00,0.00,0.00,0.00,0.00,0.00,0.00,1.00,4.00,5.00,6.00,5.00
04/26/21,Smoke USFS R3-28,35.6715,-105.9557,https://wrcc.dri.edu/cgi-bin/rawMAIN4.pl?ids328+26+04+21+M,6,82,-5,2.5,283,10.2,-9999,-9999,0,-9999,-9999,-9999,14.1,14.2,14.0,16.70,24:00,https://tools.airfire.org/monitor-qc-report/v4/wrcc?unitID=s328,-5.00,-5.00,-5.00,-5.00,-5.00,-5.00,-5.00,-5.00,0.00,-5.00,-5.00,-5.00,7.00,1.00,5.00,82.00,41.00,28.00,9.00,11.00,-2.00,13.00,-3.00,-5.00
