,,Position (Deg.),,,Concentration (µg/m3),,,Wind,,Air Temperature (Deg. C.),,,Humidity (Percent),,,Barometer,Battery Voltage (volts),,,Air Flow (totalizer),,,Concentration by Hour,,,,,,,,,,,,,,,,,,,,,,,
Date,Station,Latitude,Longitude,Station Chart Link,Mean,Max,Min,Ave Vel. (m/s),V. Dir. (Deg),Mean,Max,Min,Mean,Max,Min,Baro. Pressure (mbars),Mean,Max,Min,Mean,Time of latest ob,Airfire QC Report Link,0:00,1:00,2:00,3:00,4:00,5:00,6:00,7:00,8:00,9:00,10:00,11:00,12:00,13:00,14:00,15:00,16:00,17:00,18:00,19:00,20:00,21:00,22:00,23:00
09/03/23,Smoke RMK 105 (Smoke #17),37.2364,-107.6086,https://wrcc.dri.edu/cgi-bin/rawMAIN4.pl?idsm17+03+09+23+M,0,0,0,0.5,-9999,19.7,27.4,12.9,61,91,27,798.5,14.6,14.6,14.5,0.00,24:00,https://tools.airfire.org/monitor-qc-report/v2/wrcc?unitID=sm17,0.00,0.00,0.00,0.00,0.00,0.00,0.00,0.00,0.00,0.00,0.00,0.00,0.00,0.00,0.00,0.00,0.00,0.00,0.00,0.00,0.00,-9999,-9999,0.00
09/03/23,Smoke RMK 107 (Smoke #67),44.1789,-122.119,https://wrcc.dri.edu/cgi-bin/rawMAIN4.pl?idsm67+03+09+23+M,14,29,3,0.7,94,20.4,27.1,16.9,77,94,46,963.3,14.5,14.5,14.4,2.00,24:00,https://tools.airfire.org/monitor-qc-report/v2/wrcc?unitID=sm67,4.00,5.00,6.00,6.00,7.00,10.00,11.00,14.00,18.00,20.00,25.00,29.00,18.00,18.00,15.00,13.00,16.00,23.00,24.00,16.00,11.00,8.00,6.00,5.00
09/03/23,Smoke RMK 108 (Smoke #456),31.1489,-93.2559,https://wrcc.dri.edu/cgi-bin/rawMAIN4.pl?ids456+03+09+23+M,6,11,2,0.5,130,28.8,36.8,21.9,68,95,39,1009.0,14.5,14.5,14.5,2.00,24:00,https://tools.airfire.org/monitor-qc-report/v2/wrcc?unitID=s456,8.00,7.00,8.00,8.00,7.00,6.00,6.00,6.00,6.00,6.00,6.00,7.00,8.00,9.00,11.00,7.00,4.00,3.00,3.00,2.00,2.00,3.00,4.00,3.00
09/03/23,Smoke RMK 111 (Smoke #455),38.7173,-108.0539,https://wrcc.dri.edu/cgi-bin/rawMAIN4.pl?ids455+03+09+23+M,2,3,1,0.8,177,22.8,30.6,16.0,56,80,30,846.2,14.5,14.5,14.4,2.00,24:00,https://tools.airfire.org/monitor-qc-report/v2/wrcc?unitID=s455,1.00,1.00,1.00,1.00,1.00,2.00,2.00,2.00,2.00,2.00,2.00,2.00,2.00,2.00,2.00,2.00,2.00,2.00,3.00,2.00,2.00,1.00,1.00,1.00
09/03/23,Smoke RMK 118 (Smoke #23),39.7144,-105.1239,https://wrcc.dri.edu/cgi-bin/rawMAIN4.pl?idsm23+03+09+23+M,0,0,0,1.1,-9999,23.4,31.0,15.6,64,86,44,829.5,14.0,14.1,13.9,2.00,23:00,https://tools.airfire.org/monitor-qc-report/v2/wrcc?unitID=sm23,0.00,0.00,0.00,0.00,0.00,0.00,0.00,0.00,0.00,0.00,0.00,0.00,0.00,0.00,0.00,0.00,0.00,0.00,0.00,0.00,0.00,0.00,0.00,0.00
09/03/23,Smoke RMK 122 (Smoke #69),40.7513,-105.4347,https://wrcc.dri.edu/cgi-bin/rawMAIN4.pl?idsm69+03+09+23+M,0,1,0,1.2,210,25.6,31.9,19.3,57,81,34,779.9,14.1,14.2,14.0,2.00,24:00,https://tools.airfire.org/monitor-qc-report/v2/wrcc?unitID=sm69,1.00,1.00,0.00,0.00,1.00,0.00,0.00,0.00,0.00,0.00,0.00,1.00,1.00,1.00,0.00,0.00,0.00,0.00,0.00,0.00,0.00,1.00,0.00,0.00
09/03/23,Smoke RMK 126 (Smoke #217),30.7457,-93.5362,https://wrcc.dri.edu/cgi-bin/rawMAIN4.pl?ids217+03+09+23+M,14,71,2,0.3,-9999,32.5,42.9,25.2,65,91,32,1009.0,14.0,14.1,13.7,0.90,24:00,https://tools.airfire.org/monitor-qc-report/v2/wrcc?unitID=s217,6.00,4.00,2.00,3.00,4.00,4.00,5.00,10.00,19.00,20.00,24.00,48.00,57.00,71.00,15.00,5.00,2.00,2.00,-9999,-9999,2.00,2.00,2.00,2.00
09/03/23,Smoke RMK 129 (USFS R2-922),30.8552,-93.2918,https://wrcc.dri.edu/cgi-bin/rawMAIN4.pl?id2922+03+09+23+M,5,8,1,0.9,107,35.5,45.9,28.4,62,88,29,1007.0,14.1,14.1,14.0,2.00,24:00,https://tools.airfire.org/monitor-qc-report/v2/wrcc?unitID=2922,7.00,4.00,6.00,7.00,6.00,6.00,6.00,6.00,6.00,6.00,6.00,6.00,7.00,8.00,6.00,5.00,3.00,5.00,2.00,2.00,2.00,1.00,1.00,1.00
09/03/23,Smoke USFS R3-28,35.6715,-105.9556,https://wrcc.dri.edu/cgi-bin/rawMAIN4.pl?ids328+03+09+23+M,9,132,-5,1.9,21,22.5,28.9,15.4,0,1,0,-9999,14.2,14.2,14.2,16.70,24:00,https://tools.airfire.org/monitor-qc-report/v4/wrcc?unitID=s328,-5.00,-5.00,-5.00,-5.00,-5.00,-5.00,-5.00,-5.00,-5.00,-5.00,21.00,3.00,-3.00,-3.00,132.00,87.00,46.00,-5.00,-5.00,7.00,-5.00,-5.00,-5.00,-5.00
09/03/23,Smoke RMK 408 (EBAM #418),37.4716,-108.5163,https://wrcc.dri.edu/cgi-bin/rawMAIN4.pl?ide418+03+09+23+M,1,5,-3,1.4,104,22.0,28.9,15.3,48,67,27,-9999,14.3,14.4,14.3,16.70,24:00,https://tools.airfire.org/monitor-qc-report/v2/wrcc?unitID=e418,-1.00,-2.00,1.00,-1.00,3.00,1.00,4.00,4.00,3.00,2.00,5.00,5.00,1.00,1.00,-3.00,-1.00,-1.00,2.00,5.00,-1.00,0.00,0.00,4.00,-1.00
09/03/23,Smoke RMK 402 (EBAM #493),40.6233,-111.2282,https://wrcc.dri.edu/cgi-bin/rawMAIN4.pl?ide493+03+09+23+M,0,51,-43,1.1,87,17.1,24.8,11.9,68,87,37,-9999,11.7,11.8,11.6,12.50,24:00,https://tools.airfire.org/monitor-qc-report/v2/wrcc?unitID=e493,-8.00,1.00,25.00,51.00,42.00,-22.00,-18.00,-5.00,-1.00,-10.00,-7.00,-13.00,-2.00,6.00,-4.00,-12.00,-11.00,17.00,9.00,-13.00,12.00,6.00,-43.00,-15.00
09/03/23,Smoke RMK 403 (EBAM #494),47.7793,-116.6852,https://wrcc.dri.edu/cgi-bin/rawMAIN4.pl?ide494+03+09+23+M,6,27,-15,0.6,154,19.4,27.8,16.1,69,81,43,-9999,11.5,11.5,11.5,16.70,24:00,https://tools.airfire.org/monitor-qc-report/v2/wrcc?unitID=e494,8.00,6.00,6.00,19.00,4.00,13.00,22.00,25.00,16.00,8.00,-2.00,0.00,-1.00,-5.00,11.00,0.00,19.00,10.00,27.00,-13.00,-15.00,-2.00,-3.00,6.00
09/03/23,Smoke RMK 411 (EBAM #794),37.6517,-108.2946,https://wrcc.dri.edu/cgi-bin/rawMAIN4.pl?ide794+03+09+23+M,2,13,-5,0.7,74,15.6,25.8,9.2,68,86,23,-9999,14.3,14.3,14.2,16.70,24:00,https://tools.airfire.org/monitor-qc-report/v2/wrcc?unitID=e794,16.00,11.00,13.00,-5.00,9.00,-2.00,0.00,10.00,4.00,6.00,-3.00,8.00,-5.00,3.00,10.00,-4.00,6.00,-4.00,-5.00,3.00,-3.00,6.00,-2.00,1.00
09/03/23,Smoke RMK 414 (EBAM #882),37.3501,-108.2908,https://wrcc.dri.edu/cgi-bin/rawMAIN4.pl?ide882+03+09+23+M,2,7,-5,0.4,127,17.2,25.4,8.7,44,76,17,-9999,13.7,13.7,13.6,16.70,24:00,https://tools.airfire.org/monitor-qc-report/v2/wrcc?unitID=e882,7.00,0.00,0.00,6.00,-2.00,5.00,3.00,3.00,1.00,7.00,4.00,3.00,-1.00,2.00,-5.00,-2.00,6.00,4.00,2.00,-4.00,6.00,-1.00,3.00,-3.00
09/03/23,Smoke USFS R1-307,46.5841,-112.042,https://wrcc.dri.edu/cgi-bin/rawMAIN4.pl?id1307+03+09+23+M,3,8,1,1.2,329,21.1,30.1,15.2,51,73,26,-9999,14.1,14.2,14.0,2.00,24:00,https://tools.airfire.org/monitor-qc-report/v4/wrcc?unitID=1307,2.00,1.00,2.00,5.00,4.00,4.00,3.00,3.00,3.00,3.00,3.00,2.00,2.00,3.00,2.00,4.00,8.00,4.00,2.00,2.00,2.00,1.00,1.00,1.00
09/03/23,Lolo NF Smoke #1,47.1955,-114.8943,https://wrcc.dri.edu/cgi-bin/rawMAIN4.pl?idsml1+03+09+23+M,4,5,3,0.8,353,19.8,31.5,15.2,73,92,26,921.2,14.1,14.2,14.0,2.00,24:00,https://tools.airfire.org/monitor-qc-report/v4/wrcc?unitID=sml1,2.00,3.00,4.00,3.00,4.00,4.00,4.00,4.00,4.00,4.00,5.00,5.00,4.00,5.00,4.00,4.00,4.00,5.00,5.00,4.00,5.00,4.00,4.00,4.00
09/03/23,AQB Smoke EBAM T-1,36.2403,-106.4289,https://wrcc.dri.edu/cgi-bin/rawMAIN4.pl?ideat1+03+09+23+M,5,46,-5,1.2,1,24.1,31.9,17.0,0,1,0,-9999,14.4,14.4,14.4,16.70,24:00,https://tools.airfire.org/monitor-qc-report/v4/wrcc?unitID=eat1,-1.00,-4.00,-5.00,-5.00,-5.00,-5.00,-5.00,-5.00,-3.00,-2.00,-5.00,2.00,-4.00,2.00,-5.00,2.00,24.00,1.00,28.00,46.00,23.00,18.00,4.00,12.00
09/03/23,AQB Smoke EBAM T-3,36.7563,-106.5596,https://wrcc.dri.edu/cgi-bin/rawMAIN4.pl?ideat3+03+09+23+M,3,20,-5,1.2,42,17.7,29.2,9.1,1,1,0,-9999,14.1,14.1,14.0,16.70,24:00,https://tools.airfire.org/monitor-qc-report/v4/wrcc?unitID=eat3,-1.00,-5.00,-2.00,-2.00,2.00,-3.00,4.00,0.00,0.00,7.00,5.00,1.00,5.00,0.00,20.00,-5.00,1.00,14.00,11.00,10.00,5.00,3.00,6.00,2.00
