,,Position (Deg.),,,Concentration (µg/m3),,,Wind,,Air Temperature (Deg. C.),,,Humidity (Percent),,,Barometer,Battery Voltage (volts),,,Air Flow (totalizer),,,Concentration by Hour,,,,,,,,,,,,,,,,,,,,,,,
Date,Station,Latitude,Longitude,Station Chart Link,Mean,Max,Min,Ave Vel. (m/s),V. Dir. (Deg),Mean,Max,Min,Mean,Max,Min,Baro. Pressure (mbars),Mean,Max,Min,Mean,Time of latest ob,Airfire QC Report Link,0:00,1:00,2:00,3:00,4:00,5:00,6:00,7:00,8:00,9:00,10:00,11:00,12:00,13:00,14:00,15:00,16:00,17:00,18:00,19:00,20:00,21:00,22:00,23:00
07/16/24,Smoke RMK 105 (Smoke #17),39.7144,-105.124,https://wrcc.dri.edu/cgi-bin/rawMAIN4.pl?idsm17+16+07+24+M,4,5,3,2.0,-9999,26.9,29.2,26.0,38,42,29,6.2,14.5,14.5,14.5,1.80,24:00,https://tools.airfire.org/monitor-qc-report/v2/wrcc?unitID=sm17,-9999,-9999,-9999,-9999,-9999,-9999,-9999,-9999,-9999,-9999,-9999,-9999,-9999,-9999,-9999,-9999,-9999,-9999,-9999,-9999,-9999,3.00,5.00,4.00
07/16/24,Smoke RMK 106 (Smoke #66),38.2384,-112.2244,https://wrcc.dri.edu/cgi-bin/rawMAIN4.pl?idsm66+16+07+24+M,0,3,0,1.0,284,26.1,35.5,17.8,46,67,23,819.8,14.5,14.5,14.4,2.00,24:00,https://tools.airfire.org/monitor-qc-report/v2/wrcc?unitID=sm66,0.00,0.00,0.00,0.00,0.00,0.00,0.00,1.00,0.00,0.00,0.00,0.00,0.00,0.00,0.00,0.00,0.00,3.00,1.00,0.00,0.00,0.00,0.00,0.00
07/16/24,Smoke RMK 112 (Smoke #11),48.3085,-120.6568,https://wrcc.dri.edu/cgi-bin/rawMAIN4.pl?idsm11+16+07+24+M,33,207,2,1.1,343,24.7,33.6,18.4,42,53,26,970.2,14.4,14.5,14.4,2.00,24:00,https://tools.airfire.org/monitor-qc-report/v2/wrcc?unitID=sm11,2.00,2.00,5.00,4.00,2.00,2.00,3.00,3.00,3.00,3.00,3.00,3.00,3.00,3.00,5.00,8.00,13.00,27.00,32.00,9.00,60.00,124.00,161.00,207.00
07/16/24,Smoke RMK 113 (Smoke #16),38.4505,-112.2277,https://wrcc.dri.edu/cgi-bin/rawMAIN4.pl?idsm16+16+07+24+M,18,46,3,0.8,137,20.4,29.8,13.5,64,87,28,825.0,14.5,14.5,14.4,2.00,24:00,https://tools.airfire.org/monitor-qc-report/v2/wrcc?unitID=sm16,10.00,11.00,8.00,10.00,20.00,28.00,33.00,46.00,38.00,31.00,32.00,29.00,28.00,25.00,24.00,25.00,18.00,5.00,4.00,5.00,3.00,3.00,4.00,3.00
07/16/24,Smoke RMK 115 (Smoke #20),39.7144,-105.1239,https://wrcc.dri.edu/cgi-bin/rawMAIN4.pl?idsm20+16+07+24+M,4,5,3,1.7,-9999,30.1,33.9,25.4,27,38,19,6.2,14.5,14.5,14.5,1.97,24:00,https://tools.airfire.org/monitor-qc-report/v2/wrcc?unitID=sm20,-9999,-9999,-9999,-9999,-9999,-9999,-9999,-9999,-9999,-9999,-9999,-9999,-9999,-9999,-9999,-9999,-9999,-9999,-9999,3.00,4.00,4.00,4.00,5.00
07/16/24,Smoke RMK 119 (Smoke #24),39.7143,-105.1239,https://wrcc.dri.edu/cgi-bin/rawMAIN4.pl?idsm24+16+07+24+M,4,5,4,2.1,-9999,27.4,32.2,23.7,36,45,26,829.6,14.6,14.6,14.6,2.00,24:00,https://tools.airfire.org/monitor-qc-report/v2/wrcc?unitID=sm24,-9999,-9999,-9999,-9999,-9999,-9999,-9999,-9999,-9999,-9999,-9999,-9999,-9999,-9999,-9999,-9999,-9999,-9999,-9999,-9999,-9999,4.00,4.00,5.00
07/16/24,Smoke RMK 121 (Smoke #68),47.8999,-120.1411,https://wrcc.dri.edu/cgi-bin/rawMAIN4.pl?idsm68+16+07+24+M,42,96,5,2.3,322,29.5,39.5,20.2,31,55,13,966.3,14.5,14.5,14.4,2.00,24:00,https://tools.airfire.org/monitor-qc-report/v2/wrcc?unitID=sm68,26.00,25.00,12.00,5.00,6.00,7.00,11.00,18.00,23.00,33.00,41.00,60.00,59.00,64.00,80.00,83.00,77.00,96.00,93.00,65.00,78.00,41.00,11.00,10.00
07/16/24,Smoke RMK 122 (Smoke #69),43.9978,-121.4054,https://wrcc.dri.edu/cgi-bin/rawMAIN4.pl?idsm69+16+07+24+M,2,3,1,0.8,150,21.9,33.5,10.3,37,59,16,875.2,14.5,14.5,14.4,2.00,24:00,https://tools.airfire.org/monitor-qc-report/v2/wrcc?unitID=sm69,1.00,1.00,1.00,1.00,2.00,2.00,2.00,2.00,2.00,2.00,2.00,2.00,2.00,2.00,2.00,2.00,3.00,3.00,3.00,2.00,2.00,2.00,2.00,3.00
07/16/24,Smoke RMK 127 (Smoke #454),40.6233,-111.2283,https://wrcc.dri.edu/cgi-bin/rawMAIN4.pl?ids454+16+07+24+M,6,10,4,1.3,5,24.7,33.9,15.3,42,66,20,798.2,14.5,14.5,14.4,2.00,24:00,https://tools.airfire.org/monitor-qc-report/v2/wrcc?unitID=s454,5.00,5.00,6.00,5.00,4.00,4.00,4.00,5.00,6.00,10.00,8.00,7.00,8.00,8.00,9.00,9.00,9.00,8.00,6.00,5.00,5.00,6.00,5.00,5.00
07/16/24,Smoke USFS R1-52,46.9269,-114.0961,https://wrcc.dri.edu/cgi-bin/rawMAIN4.pl?ids152+16+07+24+M,107,300,6,0.8,-9999,24.5,29.4,20.4,27,35,20,910.3,13.6,13.7,13.6,1.73,18:00,https://tools.airfire.org/monitor-qc-report/v4/wrcc?unitID=s152,-9999,-9999,-9999,-9999,-9999,-9999,-9999,-9999,-9999,-9999,-9999,-9999,-9999,-9999,-9999,-9999,300.00,14.00,6.00,-9999,-9999,-9999,-9999,-9999
07/16/24,Smoke USFS R1-53,46.9268,-114.0961,https://wrcc.dri.edu/cgi-bin/rawMAIN4.pl?ids153+16+07+24+M,18,19,17,0.8,-9999,28.4,30.8,26.1,23,26,20,910.1,14.1,14.1,14.0,2.00,18:00,https://tools.airfire.org/monitor-qc-report/v4/wrcc?unitID=s153,-9999,-9999,-9999,-9999,-9999,-9999,-9999,-9999,-9999,-9999,-9999,-9999,-9999,-9999,-9999,-9999,-9999,17.00,19.00,-9999,-9999,-9999,-9999,-9999
07/16/24,Smoke USFS R1-39,46.9268,-114.0961,https://wrcc.dri.edu/cgi-bin/rawMAIN4.pl?ids139+16+07+24+M,24,36,13,1.4,-9999,42.0,43.7,38.9,12,13,11,907.6,13.5,13.6,13.5,1.77,24:00,https://tools.airfire.org/monitor-qc-report/v4/wrcc?unitID=s139,-9999,-9999,-9999,-9999,-9999,-9999,-9999,-9999,-9999,-9999,-9999,-9999,-9999,-9999,-9999,-9999,-9999,-9999,-9999,-9999,-9999,-9999,13.00,36.00
07/16/24,Smoke USFS R3-86,35.6871,-105.8956,https://wrcc.dri.edu/cgi-bin/rawMAIN4.pl?ids386+16+07+24+M,5,18,0,0.5,11,17.2,27.3,7.8,1,-9999,-9999,-9999,13.8,13.8,13.7,16.70,24:00,https://tools.airfire.org/monitor-qc-report/v4/wrcc?unitID=s386,4.00,0.00,0.00,3.00,0.00,6.00,0.00,5.00,8.00,5.00,5.00,6.00,2.00,3.00,6.00,2.00,18.00,13.00,11.00,7.00,6.00,5.00,4.00,2.00
07/16/24,Smoke RMK 406 (EBAM #949),39.7144,-105.124,https://wrcc.dri.edu/cgi-bin/rawMAIN4.pl?ide949+16+07+24+M,5,11,-1,1.4,327,20.6,29.3,14.8,47,65,27,-9999,11.7,11.7,11.7,12.50,24:00,https://tools.airfire.org/monitor-qc-report/v2/wrcc?unitID=e949,8.00,5.00,5.00,6.00,6.00,11.00,7.00,1.00,6.00,-1.00,5.00,4.00,8.00,4.00,2.00,5.00,-1.00,1.00,4.00,7.00,10.00,7.00,9.00,4.00
07/16/24,Smoke USFS R1-307,46.5842,-112.042,https://wrcc.dri.edu/cgi-bin/rawMAIN4.pl?id1307+16+07+24+M,7,15,3,1.0,-9999,28.0,32.8,21.6,19,30,11,-9999,13.6,14.0,12.8,2.00,7:00,https://tools.airfire.org/monitor-qc-report/v4/wrcc?unitID=1307,10.00,15.00,6.00,3.00,5.00,7.00,6.00,7.00,-9999,-9999,-9999,-9999,-9999,-9999,-9999,-9999,-9999,-9999,-9999,-9999,-9999,-9999,-9999,-9999
07/16/24,AQB Smoke EBAM T-3,33.2986,-105.6602,https://wrcc.dri.edu/cgi-bin/rawMAIN4.pl?ideat3+16+07+24+M,6,19,-5,1.3,-9999,25.3,36.3,12.7,0,-9999,-9999,-9999,14.4,14.4,14.4,16.70,24:00,https://tools.airfire.org/monitor-qc-report/v4/wrcc?unitID=eat3,4.00,6.00,5.00,5.00,14.00,6.00,19.00,9.00,13.00,8.00,6.00,5.00,-9999,5.00,-5.00,18.00,1.00,-5.00,7.00,4.00,6.00,3.00,-1.00,6.00
