,,Position (Deg.),,,Concentration (µg/m3),,,Wind,,Air Temperature (Deg. C.),,,Humidity (Percent),,,Barometer,Battery Voltage (volts),,,Air Flow (totalizer),,,Concentration by Hour,,,,,,,,,,,,,,,,,,,,,,,
Date,Station,Latitude,Longitude,Station Chart Link,Mean,Max,Min,Ave Vel. (m/s),V. Dir. (Deg),Mean,Max,Min,Mean,Max,Min,Baro. Pressure (mbars),Mean,Max,Min,Mean,Time of latest ob,Airfire QC Report Link,0:00,1:00,2:00,3:00,4:00,5:00,6:00,7:00,8:00,9:00,10:00,11:00,12:00,13:00,14:00,15:00,16:00,17:00,18:00,19:00,20:00,21:00,22:00,23:00
03/12/24,Smoke RMK 100 (Smoke #659),39.7143,-105.1239,https://wrcc.dri.edu/cgi-bin/rawMAIN4.pl?ids659+12+03+24+M,1,1,1,1.4,-9999,14.2,15.7,11.8,25,28,23,820.1,14.3,14.4,14.3,2.00,24:00,https://tools.airfire.org/monitor-qc-report/v2/wrcc?unitID=s659,-9999,-9999,-9999,-9999,-9999,-9999,-9999,-9999,-9999,-9999,-9999,-9999,-9999,-9999,-9999,-9999,-9999,-9999,-9999,1.00,1.00,1.00,1.00,1.00
03/12/24,Smoke RMK 102 (Smoke #661),39.7144,-105.1239,https://wrcc.dri.edu/cgi-bin/rawMAIN4.pl?ids661+12+03+24+M,1,2,1,1.1,-9999,14.6,16.9,12.2,20,23,18,820.8,14.5,14.5,14.4,2.00,24:00,https://tools.airfire.org/monitor-qc-report/v2/wrcc?unitID=s661,-9999,-9999,-9999,-9999,-9999,-9999,-9999,-9999,-9999,-9999,-9999,-9999,-9999,-9999,-9999,-9999,-9999,-9999,2.00,1.00,1.00,1.00,1.00,1.00
03/12/24,Smoke RMK 103 (Smoke #662),39.7143,-105.124,https://wrcc.dri.edu/cgi-bin/rawMAIN4.pl?ids662+12+03+24+M,1,2,1,1.1,-9999,16.8,19.1,14.5,20,23,18,819.8,14.6,14.6,14.6,2.00,24:00,https://tools.airfire.org/monitor-qc-report/v2/wrcc?unitID=s662,-9999,-9999,-9999,-9999,-9999,-9999,-9999,-9999,-9999,-9999,-9999,-9999,-9999,-9999,-9999,-9999,-9999,-9999,2.00,1.00,1.00,1.00,1.00,1.00
03/12/24,Smoke RMK 110 (Smoke #215),39.7144,-105.1239,https://wrcc.dri.edu/cgi-bin/rawMAIN4.pl?ids215+12+03+24+M,1,2,1,1.0,-9999,21.4,24.0,18.9,20,23,17,819.9,14.5,14.5,14.5,2.00,24:00,https://tools.airfire.org/monitor-qc-report/v2/wrcc?unitID=s215,-9999,-9999,-9999,-9999,-9999,-9999,-9999,-9999,-9999,-9999,-9999,-9999,-9999,-9999,-9999,-9999,-9999,-9999,1.00,1.00,1.00,1.00,1.00,2.00
03/12/24,Smoke RMK 112 (Smoke #11),39.7143,-105.1241,https://wrcc.dri.edu/cgi-bin/rawMAIN4.pl?idsm11+12+03+24+M,1,2,1,1.3,-9999,17.6,19.2,15.4,27,29,25,817.5,14.4,14.4,14.4,1.97,24:00,https://tools.airfire.org/monitor-qc-report/v2/wrcc?unitID=sm11,-9999,-9999,-9999,-9999,-9999,-9999,-9999,-9999,-9999,-9999,-9999,-9999,-9999,-9999,-9999,-9999,-9999,-9999,2.00,1.00,1.00,1.00,1.00,1.00
03/12/24,Smoke RMK 117 (Smoke #22),39.7144,-105.1239,https://wrcc.dri.edu/cgi-bin/rawMAIN4.pl?idsm22+12+03+24+M,2,7,1,1.3,222,11.3,18.3,5.2,31,52,17,819.3,14.4,14.4,14.4,2.00,24:00,https://tools.airfire.org/monitor-qc-report/v2/wrcc?unitID=sm22,2.00,2.00,3.00,6.00,7.00,4.00,4.00,3.00,2.00,2.00,2.00,1.00,1.00,1.00,2.00,1.00,1.00,1.00,1.00,1.00,1.00,1.00,1.00,1.00
03/12/24,Smoke USFS R3-86,35.687,-105.8956,https://wrcc.dri.edu/cgi-bin/rawMAIN4.pl?ids386+12+03+24+M,1,6,-5,0.6,5,-2.5,9.4,-11.8,0,1,0,-9999,13.9,13.9,13.8,16.70,24:00,https://tools.airfire.org/monitor-qc-report/v4/wrcc?unitID=s386,-1.00,-5.00,6.00,0.00,-3.00,4.00,-3.00,1.00,4.00,2.00,2.00,5.00,1.00,3.00,3.00,-5.00,1.00,4.00,6.00,0.00,1.00,4.00,2.00,-2.00
03/12/24,Smoke USFS R1-307,46.584,-112.0418,https://wrcc.dri.edu/cgi-bin/rawMAIN4.pl?id1307+12+03+24+M,14,47,0,0.9,341,7.2,17.6,3.2,64,82,31,-9999,14.3,14.4,14.1,2.00,24:00,https://tools.airfire.org/monitor-qc-report/v4/wrcc?unitID=1307,1.00,3.00,11.00,43.00,47.00,30.00,41.00,43.00,29.00,18.00,6.00,2.00,2.00,2.00,12.00,14.00,6.00,2.00,2.00,0.00,0.00,1.00,0.00,4.00
