,,Position (Deg.),,,Concentration (µg/m3),,,Wind,,Air Temperature (Deg. C.),,,Humidity (Percent),,,Barometer,Battery Voltage (volts),,,Air Flow (totalizer),,,Concentration by Hour,,,,,,,,,,,,,,,,,,,,,,,
Date,Station,Latitude,Longitude,Station Chart Link,Mean,Max,Min,Ave Vel. (m/s),V. Dir. (Deg),Mean,Max,Min,Mean,Max,Min,Baro. Pressure (mbars),Mean,Max,Min,Mean,Time of latest ob,Airfire QC Report Link,0:00,1:00,2:00,3:00,4:00,5:00,6:00,7:00,8:00,9:00,10:00,11:00,12:00,13:00,14:00,15:00,16:00,17:00,18:00,19:00,20:00,21:00,22:00,23:00
08/31/22,Smoke RMK 100 (Smoke #659),42.4996,-123.3715,https://wrcc.dri.edu/cgi-bin/rawMAIN4.pl?ids659+31+08+22+M,114,257,24,1.3,-9999,42.6,43.2,41.9,20,21,19,728.1,14.5,14.6,14.5,1.87,24:00,https://tools.airfire.org/monitor-qc-report/v2/wrcc?unitID=s659,-9999,-9999,-9999,-9999,-9999,-9999,-9999,-9999,-9999,-9999,-9999,-9999,-9999,-9999,-9999,-9999,-9999,-9999,-9999,-9999,-9999,-9999,24.00,60.00
08/31/22,Smoke RMK 102 (Smoke #661),42.2891,-123.2312,https://wrcc.dri.edu/cgi-bin/rawMAIN4.pl?ids661+31+08+22+M,11,13,9,1.2,-9999,40.0,40.0,39.9,18,19,18,727.1,14.5,14.5,14.5,1.70,24:00,https://tools.airfire.org/monitor-qc-report/v2/wrcc?unitID=s661,-9999,-9999,-9999,-9999,-9999,-9999,-9999,-9999,-9999,-9999,-9999,-9999,-9999,-9999,-9999,-9999,-9999,-9999,-9999,-9999,-9999,-9999,-9999,9.00
08/31/22,Smoke RMK 103 (Smoke #662),44.5168,-116.0416,https://wrcc.dri.edu/cgi-bin/rawMAIN4.pl?ids662+31+08+22+M,83,327,16,0.5,114,23.5,38.7,10.7,50,84,13,644.0,14.6,14.6,14.5,2.00,24:00,https://tools.airfire.org/monitor-qc-report/v2/wrcc?unitID=s662,28.00,21.00,133.00,327.00,204.00,211.00,164.00,136.00,31.00,38.00,46.00,40.00,27.00,29.00,35.00,32.00,34.00,79.00,84.00,137.00,75.00,33.00,16.00,28.00
08/31/22,Smoke RMK 105 (Smoke #17),44.7313,-116.0808,https://wrcc.dri.edu/cgi-bin/rawMAIN4.pl?idsm17+31+08+22+M,2,3,1,0.3,-9999,33.4,33.5,33.3,14,14,13,6.4,14.5,14.5,14.5,1.25,24:00,https://tools.airfire.org/monitor-qc-report/v2/wrcc?unitID=sm17,-9999,-9999,-9999,-9999,-9999,-9999,-9999,-9999,-9999,-9999,-9999,-9999,-9999,-9999,-9999,-9999,-9999,-9999,-9999,-9999,-9999,-9999,-9999,1.00
08/31/22,Smoke RMK 113 (Smoke #16),39.7144,-105.1239,https://wrcc.dri.edu/cgi-bin/rawMAIN4.pl?idsm16+31+08+22+M,1,1,0,1.0,-9999,34.2,36.6,31.0,18,23,16,830.4,14.0,14.0,13.9,1.74,24:00,https://tools.airfire.org/monitor-qc-report/v2/wrcc?unitID=sm16,-9999,-9999,-9999,-9999,-9999,-9999,-9999,-9999,-9999,-9999,-9999,-9999,-9999,-9999,-9999,-9999,-9999,-9999,-9999,-9999,0.00,1.00,1.00,1.00
08/31/22,Smoke RMK 114 (Smoke #19),45.2539,-113.8883,https://wrcc.dri.edu/cgi-bin/rawMAIN4.pl?idsm19+31+08+22+M,19,31,11,0.9,131,18.8,37.4,4.8,45,81,12,885.4,14.1,14.4,13.9,2.00,24:00,https://tools.airfire.org/monitor-qc-report/v2/wrcc?unitID=sm19,20.00,27.00,25.00,31.00,18.00,11.00,12.00,13.00,17.00,14.00,18.00,16.00,18.00,20.00,20.00,18.00,19.00,19.00,28.00,30.00,17.00,16.00,16.00,16.00
08/31/22,Smoke RMK 115 (Smoke #20),39.7144,-105.124,https://wrcc.dri.edu/cgi-bin/rawMAIN4.pl?idsm20+31+08+22+M,0,0,0,0.9,186,27.2,35.7,19.3,28,45,13,830.7,14.0,14.1,13.9,2.00,24:00,https://tools.airfire.org/monitor-qc-report/v2/wrcc?unitID=sm20,0.00,0.00,0.00,0.00,0.00,0.00,0.00,0.00,0.00,0.00,0.00,0.00,0.00,0.00,0.00,0.00,0.00,0.00,0.00,0.00,0.00,0.00,0.00,0.00
08/31/22,Smoke RMK 118 (Smoke #23),39.7144,-105.1239,https://wrcc.dri.edu/cgi-bin/rawMAIN4.pl?idsm23+31+08+22+M,0,4,0,0.8,0,21.8,30.4,14.0,100,-9999,-9999,830.7,14.0,14.1,13.9,2.00,24:00,https://tools.airfire.org/monitor-qc-report/v2/wrcc?unitID=sm23,5.00,4.00,0.00,0.00,0.00,0.00,0.00,0.00,0.00,0.00,0.00,0.00,0.00,0.00,0.00,0.00,0.00,0.00,0.00,0.00,0.00,0.00,0.00,1.00
08/31/22,Smoke RMK 121 (Smoke #68),44.8519,-113.6193,https://wrcc.dri.edu/cgi-bin/rawMAIN4.pl?idsm68+31+08+22+M,21,46,6,1.4,126,17.8,33.9,5.5,54,85,22,847.4,14.2,14.4,14.0,1.92,24:00,https://tools.airfire.org/monitor-qc-report/v2/wrcc?unitID=sm68,11.00,15.00,34.00,46.00,30.00,39.00,41.00,29.00,19.00,15.00,17.00,19.00,21.00,21.00,20.00,18.00,17.00,17.00,16.00,18.00,15.00,12.00,6.00,7.00
08/31/22,Smoke RMK 124 (Smoke #210),45.4081,-113.9965,https://wrcc.dri.edu/cgi-bin/rawMAIN4.pl?ids210+31+08+22+M,12,36,3,0.9,230,23.1,39.2,9.6,29,56,8,895.1,14.2,14.4,14.0,2.00,24:00,https://tools.airfire.org/monitor-qc-report/v2/wrcc?unitID=s210,4.00,3.00,3.00,4.00,5.00,6.00,7.00,7.00,8.00,7.00,7.00,7.00,7.00,8.00,9.00,13.00,11.00,11.00,23.00,36.00,36.00,24.00,15.00,14.00
08/31/22,Smoke RMK 126 (Smoke #217),45.0879,-114.2409,https://wrcc.dri.edu/cgi-bin/rawMAIN4.pl?ids217+31+08+22+M,27,140,4,0.3,2,24.9,38.8,13.7,27,46,8,849.5,14.2,14.3,14.0,2.00,24:00,https://tools.airfire.org/monitor-qc-report/v2/wrcc?unitID=s217,3.00,4.00,5.00,6.00,7.00,7.00,8.00,10.00,12.00,16.00,19.00,23.00,27.00,27.00,29.00,31.00,32.00,29.00,27.00,39.00,140.00,73.00,34.00,23.00
08/31/22,Smoke RMK 408 (EBAM #418),47.8177,-120.7139,https://wrcc.dri.edu/cgi-bin/rawMAIN4.pl?ide418+31+08+22+M,30,139,-2,0.6,-9999,19.8,35.5,8.6,54,80,12,-9999,13.8,14.1,13.7,16.68,24:00,https://tools.airfire.org/monitor-qc-report/v2/wrcc?unitID=e418,10.00,8.00,26.00,24.00,-2.00,6.00,10.00,18.00,6.00,9.00,12.00,14.00,11.00,16.00,11.00,19.00,60.00,-9999,139.00,124.00,80.00,48.00,24.00,15.00
08/31/22,Smoke RMK 401 (EBAM #488),39.7143,-105.1239,https://wrcc.dri.edu/cgi-bin/rawMAIN4.pl?ide488+31+08+22+M,46671,99999,12,1.3,-9999,31.2,32.0,29.9,29,32,27,-9999,11.8,11.8,11.8,12.40,18:00,https://tools.airfire.org/monitor-qc-report/v2/wrcc?unitID=e488,-9999,-9999,-9999,-9999,-9999,-9999,-9999,-9999,-9999,-9999,-9999,-9999,-9999,-9999,-9999,-9999,99999.00,40003.00,12.00,-9999,-9999,-9999,-9999,-9999
08/31/22,Smoke RMK 409 (EBAM #592),47.8431,-120.8164,https://wrcc.dri.edu/cgi-bin/rawMAIN4.pl?ide592+31+08+22+M,91,165,5,0.5,353,23.9,38.6,14.5,63,85,21,-9999,14.2,14.4,14.1,16.67,24:00,https://tools.airfire.org/monitor-qc-report/v2/wrcc?unitID=e592,7.00,5.00,16.00,29.00,47.00,57.00,82.00,72.00,94.00,135.00,143.00,110.00,125.00,100.00,126.00,133.00,134.00,139.00,165.00,161.00,149.00,80.00,50.00,25.00
08/31/22,Smoke RMK 411 (EBAM #794),39.7144,-105.124,https://wrcc.dri.edu/cgi-bin/rawMAIN4.pl?ide794+31+08+22+M,7,26,-2,1.0,177,20.3,26.9,13.4,24,42,7,-9999,14.2,14.3,14.2,16.70,24:00,https://tools.airfire.org/monitor-qc-report/v2/wrcc?unitID=e794,5.00,8.00,17.00,26.00,3.00,6.00,7.00,4.00,8.00,4.00,2.00,7.00,5.00,12.00,6.00,-2.00,3.00,7.00,2.00,10.00,7.00,3.00,3.00,6.00
08/31/22,Smoke RMK 412 (EBAM #840),39.7144,-105.1239,https://wrcc.dri.edu/cgi-bin/rawMAIN4.pl?ide840+31+08+22+M,6,15,0,0.9,176,20.8,27.6,14.0,29,46,14,-9999,14.3,14.3,14.3,16.70,24:00,https://tools.airfire.org/monitor-qc-report/v2/wrcc?unitID=e840,6.00,8.00,1.00,9.00,4.00,4.00,6.00,2.00,9.00,3.00,1.00,12.00,1.00,15.00,5.00,0.00,2.00,7.00,7.00,10.00,8.00,0.00,5.00,7.00
08/31/22,Smoke USFS R1-306,48.6238,-116.9545,https://wrcc.dri.edu/cgi-bin/rawMAIN4.pl?id1306+31+08+22+M,3,13,1,0.3,-9999,21.7,36.4,10.2,67,94,25,-9999,14.1,14.2,13.9,2.00,24:00,https://tools.airfire.org/monitor-qc-report/v4/wrcc?unitID=1306,2.00,1.00,-9999,1.00,1.00,2.00,2.00,2.00,3.00,2.00,3.00,2.00,1.00,1.00,1.00,2.00,4.00,8.00,7.00,4.00,3.00,2.00,3.00,12.00
