,,Position (Deg.),,,Concentration (µg/m3),,,Wind,,Air Temperature (Deg. C.),,,Humidity (Percent),,,Barometer,Battery Voltage (volts),,,Air Flow (totalizer),,,Concentration by Hour,,,,,,,,,,,,,,,,,,,,,,,
Date,Station,Latitude,Longitude,Station Chart Link,Mean,Max,Min,Ave Vel. (m/s),V. Dir. (Deg),Mean,Max,Min,Mean,Max,Min,Baro. Pressure (mbars),Mean,Max,Min,Mean,Time of latest ob,Airfire QC Report Link,0:00,1:00,2:00,3:00,4:00,5:00,6:00,7:00,8:00,9:00,10:00,11:00,12:00,13:00,14:00,15:00,16:00,17:00,18:00,19:00,20:00,21:00,22:00,23:00
06/30/19,Smoke RMK 104 (Smoke #15),39.7144,-105.1239,https://wrcc.dri.edu/cgi-bin/rawMAIN4.pl?idsm15+30+06+19+M,1,4,0,1.4,-9999,26.1,35.0,20.1,35,51,22,826.2,14.0,14.1,13.9,1.38,24:00,https://tools.airfire.org/monitor-qc-report/v2/wrcc?unitID=sm15,0.00,0.00,1.00,1.00,1.00,1.00,2.00,2.00,3.00,3.00,3.00,4.00,4.00,3.00,2.00,-9999,-9999,-9999,0.00,0.00,0.00,0.00,0.00,0.00
06/30/19,Smoke RMK 109 (Smoke #84),39.7144,-105.1239,https://wrcc.dri.edu/cgi-bin/rawMAIN4.pl?ids284+30+06+19+M,0,0,0,1.4,177,19.6,27.9,11.2,36,52,23,827.6,14.1,14.2,14.0,0.00,24:00,https://tools.airfire.org/monitor-qc-report/v2/wrcc?unitID=s284,0.00,0.00,0.00,0.00,0.00,0.00,0.00,0.00,0.00,0.00,0.00,0.00,0.00,0.00,0.00,0.00,0.00,0.00,0.00,0.00,0.00,0.00,0.00,0.00
06/30/19,Smoke RMK 115 (Smoke #20),37.7092,-108.7405,https://wrcc.dri.edu/cgi-bin/rawMAIN4.pl?idsm20+30+06+19+M,22,228,1,1.5,-9999,22.1,30.7,17.2,37,48,18,780.5,14.1,14.2,14.0,2.00,17:00,https://tools.airfire.org/monitor-qc-report/v2/wrcc?unitID=sm20,0.00,1.00,1.00,1.00,2.00,2.00,228.00,94.00,4.00,3.00,2.00,4.00,6.00,6.00,4.00,8.00,4.00,1.00,-9999,-9999,-9999,-9999,-9999,-9999
06/30/19,Smoke USFS R1-53,48.9712,-115.1951,https://wrcc.dri.edu/cgi-bin/rawMAIN4.pl?ids153+30+06+19+M,21,25,17,0.7,146,19.1,31.2,7.5,56,96,21,918.1,14.2,14.4,14.0,1.30,24:00,https://tools.airfire.org/monitor-qc-report/v4/wrcc?unitID=s153,25.00,24.00,25.00,25.00,24.00,22.00,22.00,22.00,17.00,19.00,18.00,18.00,18.00,17.00,17.00,18.00,20.00,20.00,19.00,20.00,22.00,23.00,24.00,25.00
06/30/19,Smoke USFS R2-69,38.9793,-105.353,https://wrcc.dri.edu/cgi-bin/rawMAIN4.pl?ids269+30+06+19+M,2,4,0,0.3,1,19.2,34.6,8.8,1,1,0,762.6,14.2,14.4,14.0,2.00,24:00,https://tools.airfire.org/monitor-qc-report/v4/wrcc?unitID=s269,1.00,1.00,1.00,1.00,2.00,2.00,4.00,4.00,4.00,4.00,4.00,4.00,4.00,4.00,3.00,3.00,2.00,0.00,0.00,0.00,0.00,1.00,2.00,2.00
06/30/19,Smoke RMK 412 (EBAM #840),37.4772,-108.487,https://wrcc.dri.edu/cgi-bin/rawMAIN4.pl?ide840+30+06+19+M,4,12,-5,0.6,5,18.2,28.6,6.0,43,78,20,-9999,14.3,14.4,14.3,16.70,24:00,https://tools.airfire.org/monitor-qc-report/v2/wrcc?unitID=e840,3.00,-4.00,-5.00,1.00,-4.00,4.00,10.00,4.00,0.00,7.00,-1.00,3.00,9.00,-1.00,7.00,12.00,9.00,9.00,1.00,7.00,4.00,5.00,1.00,4.00
06/30/19,Smoke RMK 414 (EBAM #882),37.5112,-108.4835,https://wrcc.dri.edu/cgi-bin/rawMAIN4.pl?ide882+30+06+19+M,3,9,-3,1.0,152,18.7,25.7,9.5,37,66,19,-9999,14.1,14.1,14.0,16.70,24:00,https://tools.airfire.org/monitor-qc-report/v2/wrcc?unitID=e882,5.00,0.00,6.00,-2.00,2.00,4.00,2.00,7.00,4.00,1.00,2.00,9.00,2.00,2.00,-3.00,4.00,4.00,3.00,0.00,5.00,5.00,5.00,-3.00,8.00
06/30/19,Smoke RMK 415 (EBAM #925),39.7143,-105.124,https://wrcc.dri.edu/cgi-bin/rawMAIN4.pl?ide925+30+06+19+M,12,114,1,1.3,231,24.5,30.9,17.8,31,47,17,-9999,14.3,14.4,14.2,16.25,24:00,https://tools.airfire.org/monitor-qc-report/v2/wrcc?unitID=e925,2.00,12.00,9.00,4.00,5.00,5.00,6.00,7.00,7.00,7.00,3.00,11.00,1.00,1.00,5.00,9.00,1.00,9.00,18.00,114.00,10.00,9.00,6.00,10.00
