,,Position (Deg.),,,Concentration (µg/m3),,,Wind,,Air Temperature (Deg. C.),,,Humidity (Percent),,,Barometer,Battery Voltage (volts),,,Air Flow (totalizer),,,Concentration by Hour,,,,,,,,,,,,,,,,,,,,,,,
Date,Station,Latitude,Longitude,Station Chart Link,Mean,Max,Min,Ave Vel. (m/s),V. Dir. (Deg),Mean,Max,Min,Mean,Max,Min,Baro. Pressure (mbars),Mean,Max,Min,Mean,Time of latest ob,Airfire QC Report Link,0:00,1:00,2:00,3:00,4:00,5:00,6:00,7:00,8:00,9:00,10:00,11:00,12:00,13:00,14:00,15:00,16:00,17:00,18:00,19:00,20:00,21:00,22:00,23:00
03/27/20,Smoke RMK 105 (Smoke #17),39.4065,-105.4825,https://wrcc.dri.edu/cgi-bin/rawMAIN4.pl?idsm17+27+03+20+M,3,6,0,1.2,265,5.4,15.0,-0.2,53,74,10,751.1,14.4,14.4,14.3,2.00,24:00,https://tools.airfire.org/monitor-qc-report/v2/wrcc?unitID=sm17,0.00,0.00,0.00,3.00,5.00,6.00,5.00,5.00,4.00,5.00,5.00,4.00,3.00,2.00,4.00,4.00,4.00,1.00,0.00,0.00,0.00,1.00,2.00,3.00
03/27/20,Smoke RMK 107 (Smoke #67),39.389,-105.2734,https://wrcc.dri.edu/cgi-bin/rawMAIN4.pl?idsm67+27+03+20+M,1,8,0,0.9,181,5.3,16.8,-1.0,76,96,30,780.6,14.3,14.4,14.1,2.00,24:00,https://tools.airfire.org/monitor-qc-report/v2/wrcc?unitID=sm67,0.00,0.00,0.00,0.00,0.00,0.00,0.00,0.00,0.00,0.00,0.00,0.00,0.00,0.00,0.00,0.00,0.00,0.00,0.00,0.00,2.00,5.00,8.00,7.00
03/27/20,Smoke RMK 114 (Smoke #19),37.4697,-88.1585,https://wrcc.dri.edu/cgi-bin/rawMAIN4.pl?idsm19+27+03+20+M,7,14,4,0.8,-9999,21.6,25.5,18.2,70,83,54,-9999,14.1,14.2,14.1,2.00,24:00,https://tools.airfire.org/monitor-qc-report/v2/wrcc?unitID=sm19,7.00,7.00,5.00,5.00,-9999,4.00,4.00,4.00,-9999,4.00,4.00,4.00,4.00,5.00,7.00,7.00,7.00,8.00,12.00,13.00,14.00,-9999,-9999,11.00
03/27/20,Smoke RMK 115 (Smoke #20),39.5948,-106.0067,https://wrcc.dri.edu/cgi-bin/rawMAIN4.pl?idsm20+27+03+20+M,4,18,0,1.4,168,0.1,9.0,-9.8,52,80,24,713.5,14.4,14.4,14.3,2.00,24:00,https://tools.airfire.org/monitor-qc-report/v2/wrcc?unitID=sm20,0.00,0.00,0.00,0.00,1.00,3.00,6.00,5.00,8.00,7.00,18.00,4.00,4.00,7.00,7.00,6.00,5.00,2.00,0.00,0.00,0.00,1.00,1.00,1.00
03/27/20,Smoke USFS R9-16,39.4629,-82.1918,https://wrcc.dri.edu/cgi-bin/rawMAIN4.pl?ids916+27+03+20+M,3,5,1,1.1,182,13.9,17.1,12.9,91,98,70,985.8,14.2,14.2,14.2,2.00,24:00,https://tools.airfire.org/monitor-qc-report/v4/wrcc?unitID=s916,2.00,2.00,1.00,1.00,2.00,1.00,1.00,2.00,3.00,3.00,3.00,3.00,4.00,3.00,4.00,4.00,4.00,3.00,3.00,4.00,3.00,4.00,4.00,4.00
03/27/20,Smoke USFS R2-69,38.9793,-105.353,https://wrcc.dri.edu/cgi-bin/rawMAIN4.pl?ids269+27+03+20+M,3,8,0,0.3,1,7.0,15.3,0.2,0,1,0,742.9,14.3,14.4,14.2,2.00,24:00,https://tools.airfire.org/monitor-qc-report/v4/wrcc?unitID=s269,0.00,0.00,0.00,1.00,1.00,2.00,5.00,7.00,7.00,6.00,8.00,6.00,3.00,3.00,3.00,3.00,2.00,1.00,1.00,1.00,1.00,1.00,1.00,1.00
03/27/20,Smoke RMK 409 (EBAM #592),40.7768,-111.9459,https://wrcc.dri.edu/cgi-bin/rawMAIN4.pl?ide592+27+03+20+M,4,16,-3,0.8,-9999,-0.3,4.0,-3.5,58,70,39,-9999,14.2,14.2,14.2,16.68,16:00,https://tools.airfire.org/monitor-qc-report/v2/wrcc?unitID=e592,0.00,-3.00,4.00,-1.00,0.00,6.00,2.00,4.00,5.00,5.00,6.00,10.00,6.00,16.00,7.00,-2.00,2.00,-9999,-9999,-9999,-9999,-9999,-9999,-9999
03/27/20,Smoke QD Test,39.3891,-105.2734,https://wrcc.dri.edu/cgi-bin/rawMAIN4.pl?idsqdt+27+03+20+M,0,1,0,1.0,27,-9999,-9999,-9999,-9999,-9999,-9999,796.1,13.2,14.1,12.7,-9999,-9999,-9999,0.00,1.00,1.00,1.00,1.00,1.00,1.00,0.00,0.00,0.00,0.00,0.00,0.00,0.00,0.00,0.00,0.00,0.00,0.00,0.00,1.00,1.00,1.00,1.00
