,,Position (Deg.),,,Concentration (µg/m3),,,Wind,,Air Temperature (Deg. C.),,,Humidity (Percent),,,Barometer,Battery Voltage (volts),,,Air Flow (totalizer),,,Concentration by Hour,,,,,,,,,,,,,,,,,,,,,,,
Date,Station,Latitude,Longitude,Station Chart Link,Mean,Max,Min,Ave Vel. (m/s),V. Dir. (Deg),Mean,Max,Min,Mean,Max,Min,Baro. Pressure (mbars),Mean,Max,Min,Mean,Time of latest ob,Airfire QC Report Link,0:00,1:00,2:00,3:00,4:00,5:00,6:00,7:00,8:00,9:00,10:00,11:00,12:00,13:00,14:00,15:00,16:00,17:00,18:00,19:00,20:00,21:00,22:00,23:00
11/22/18,Smoke RMK 116 (Smoke #21),39.7144,-105.124,https://wrcc.dri.edu/cgi-bin/rawMAIN4.pl?idsm21+22+11+18+M,1,3,0,1.2,82,9.8,17.7,4.5,23,30,13,-9999,14.4,14.4,14.3,2.00,24:00,https://tools.airfire.org/monitor-qc-report/v2/wrcc?unitID=sm21,0.00,1.00,1.00,2.00,2.00,2.00,2.00,2.00,3.00,3.00,3.00,2.00,2.00,2.00,2.00,2.00,1.00,0.00,0.00,0.00,0.00,0.00,0.00,0.00
11/22/18,Smoke RMK 125 (Smoke #216),39.5141,-105.5038,https://wrcc.dri.edu/cgi-bin/rawMAIN4.pl?ids216+22+11+18+M,2,7,0,1.1,294,-1.1,12.2,-9.1,41,63,13,730.8,14.4,14.4,14.3,2.00,24:00,https://tools.airfire.org/monitor-qc-report/v2/wrcc?unitID=s216,8.00,6.00,0.00,0.00,4.00,2.00,0.00,4.00,0.00,0.00,0.00,2.00,1.00,1.00,7.00,0.00,2.00,4.00,0.00,0.00,1.00,0.00,1.00,2.00
11/22/18,Smoke RMK 131 (USFS R2-924),39.389,-105.2734,https://wrcc.dri.edu/cgi-bin/rawMAIN4.pl?id2924+22+11+18+M,1,5,0,0.6,203,-1.3,14.9,-10.8,60,87,16,796.2,14.4,14.4,14.2,2.00,24:00,https://tools.airfire.org/monitor-qc-report/v2/wrcc?unitID=2924,1.00,1.00,0.00,2.00,1.00,0.00,0.00,0.00,0.00,0.00,0.00,0.00,0.00,0.00,0.00,5.00,5.00,0.00,1.00,0.00,1.00,1.00,1.00,1.00
11/22/18,Smoke USFS R2-69,38.9793,-105.353,https://wrcc.dri.edu/cgi-bin/rawMAIN4.pl?ids269+22+11+18+M,4,9,0,0.3,1,-2.2,10.3,-10.9,0,1,0,755.6,14.4,14.4,14.4,2.00,24:00,https://tools.airfire.org/monitor-qc-report/v4/wrcc?unitID=s269,0.00,0.00,4.00,6.00,6.00,6.00,7.00,7.00,9.00,6.00,6.00,7.00,5.00,7.00,7.00,9.00,9.00,4.00,1.00,0.00,0.00,0.00,0.00,0.00
11/22/18,Smoke USFS R3-86,35.687,-105.8956,https://wrcc.dri.edu/cgi-bin/rawMAIN4.pl?ids386+22+11+18+M,2,22,-5,0.3,314,6.4,13.8,2.0,0,1,0,-9999,14.4,14.4,14.4,16.70,24:00,https://tools.airfire.org/monitor-qc-report/v4/wrcc?unitID=s386,3.00,-2.00,10.00,-5.00,7.00,-5.00,-5.00,-5.00,-5.00,-5.00,-5.00,22.00,3.00,-4.00,19.00,-1.00,4.00,-5.00,-5.00,-5.00,6.00,12.00,18.00,17.00
11/22/18,Smoke RMK 407 (EBAM #231),39.7144,-105.1239,https://wrcc.dri.edu/cgi-bin/rawMAIN4.pl?ide231+22+11+18+M,4,31,-5,1.3,215,4.6,9.8,-0.9,22,29,12,-9999,13.7,13.8,13.7,16.63,24:00,https://tools.airfire.org/monitor-qc-report/v2/wrcc?unitID=e231,5.00,31.00,3.00,12.00,2.00,15.00,4.00,-5.00,4.00,2.00,-5.00,10.00,-5.00,3.00,-5.00,-5.00,-5.00,13.00,-1.00,17.00,-5.00,-5.00,21.00,-5.00
11/22/18,Smoke RMK 413 (EBAM #866),39.7144,-105.124,https://wrcc.dri.edu/cgi-bin/rawMAIN4.pl?ide866+22+11+18+M,3,8,-4,1.2,175,3.6,10.2,-2.1,22,29,13,-9999,13.9,14.0,13.9,16.70,24:00,https://tools.airfire.org/monitor-qc-report/v2/wrcc?unitID=e866,1.00,5.00,5.00,8.00,1.00,5.00,0.00,5.00,3.00,-4.00,4.00,4.00,2.00,7.00,-2.00,-3.00,4.00,6.00,0.00,4.00,-1.00,0.00,4.00,5.00
11/22/18,Smoke RMK 415 (EBAM #925),37.4611,-108.5158,https://wrcc.dri.edu/cgi-bin/rawMAIN4.pl?ide925+22+11+18+M,3,17,-5,2.2,4,-2.8,4.3,-8.6,40,89,15,-9999,14.3,14.3,14.3,16.70,24:00,https://tools.airfire.org/monitor-qc-report/v2/wrcc?unitID=e925,1.00,-4.00,-1.00,0.00,9.00,0.00,0.00,5.00,1.00,0.00,2.00,6.00,-2.00,-2.00,-2.00,3.00,6.00,0.00,6.00,17.00,2.00,-5.00,8.00,12.00
