,,Position (Deg.),,,Concentration (µg/m3),,,Wind,,Air Temperature (Deg. C.),,,Humidity (Percent),,,Barometer,Battery Voltage (volts),,,Air Flow (totalizer),,,Concentration by Hour,,,,,,,,,,,,,,,,,,,,,,,
Date,Station,Latitude,Longitude,Station Chart Link,Mean,Max,Min,Ave Vel. (m/s),V. Dir. (Deg),Mean,Max,Min,Mean,Max,Min,Baro. Pressure (mbars),Mean,Max,Min,Mean,Time of latest ob,Airfire QC Report Link,0:00,1:00,2:00,3:00,4:00,5:00,6:00,7:00,8:00,9:00,10:00,11:00,12:00,13:00,14:00,15:00,16:00,17:00,18:00,19:00,20:00,21:00,22:00,23:00
01/18/19,Smoke #13,40.1156,-105.3859,https://wrcc.dri.edu/cgi-bin/rawMAIN4.pl?idsm13+18+01+19+M,2,13,0,1.1,349,3.4,7.5,0.8,67,86,38,775.2,14.4,14.4,14.4,2.00,24:00,https://tools.airfire.org/monitor-qc-report/v4/wrcc?unitID=sm13,0.00,0.00,0.00,3.00,9.00,9.00,13.00,0.00,0.00,0.00,0.00,0.00,0.00,0.00,0.00,1.00,1.00,0.00,0.00,0.00,0.00,0.00,0.00,0.00
01/18/19,Smoke RMK 108 (Smoke #456),39.7144,-105.1239,https://wrcc.dri.edu/cgi-bin/rawMAIN4.pl?ids456+18+01+19+M,2,10,0,1.1,118,3.7,11.0,0.8,70,100,44,818.4,14.4,14.4,14.3,2.00,24:00,https://tools.airfire.org/monitor-qc-report/v2/wrcc?unitID=s456,1.00,3.00,4.00,5.00,5.00,4.00,6.00,10.00,4.00,2.00,0.00,2.00,1.00,0.00,1.00,3.00,2.00,2.00,0.00,0.00,0.00,0.00,0.00,0.00
01/18/19,Smoke RMK 125 (Smoke #216),39.4065,-105.4826,https://wrcc.dri.edu/cgi-bin/rawMAIN4.pl?ids216+18+01+19+M,0,1,0,1.5,289,2.4,6.7,-0.4,58,85,27,752.2,14.4,14.4,14.4,2.00,24:00,https://tools.airfire.org/monitor-qc-report/v2/wrcc?unitID=s216,1.00,0.00,0.00,0.00,0.00,0.00,0.00,0.00,0.00,0.00,0.00,0.00,0.00,0.00,0.00,0.00,0.00,0.00,0.00,0.00,0.00,0.00,0.00,0.00
01/18/19,Smoke RMK 131 (USFS R2-924),39.3889,-105.2734,https://wrcc.dri.edu/cgi-bin/rawMAIN4.pl?id2924+18+01+19+M,3,17,0,1.0,171,1.7,9.8,-4.0,73,92,27,788.1,14.4,14.4,14.3,2.00,24:00,https://tools.airfire.org/monitor-qc-report/v2/wrcc?unitID=2924,0.00,0.00,0.00,1.00,3.00,1.00,10.00,6.00,17.00,9.00,0.00,0.00,0.00,0.00,4.00,5.00,10.00,10.00,3.00,0.00,0.00,0.00,0.00,0.00
01/18/19,Smoke USFS R2-69,38.9793,-105.353,https://wrcc.dri.edu/cgi-bin/rawMAIN4.pl?ids269+18+01+19+M,4,10,0,0.3,1,-1.4,5.1,-6.1,0,-9999,-9999,747.5,14.4,14.4,14.4,2.00,24:00,https://tools.airfire.org/monitor-qc-report/v4/wrcc?unitID=s269,0.00,0.00,0.00,1.00,1.00,1.00,3.00,3.00,4.00,6.00,8.00,9.00,7.00,10.00,10.00,7.00,6.00,2.00,0.00,0.00,1.00,1.00,2.00,5.00
01/18/19,Smoke USFS R3-86,35.687,-105.8956,https://wrcc.dri.edu/cgi-bin/rawMAIN4.pl?ids386+18+01+19+M,6,35,-5,0.3,33,5.4,8.2,2.8,0,-9999,-9999,-9999,14.4,14.4,14.3,16.70,24:00,https://tools.airfire.org/monitor-qc-report/v4/wrcc?unitID=s386,6.00,4.00,-3.00,10.00,-1.00,14.00,-3.00,2.00,4.00,17.00,24.00,16.00,8.00,-5.00,35.00,-5.00,15.00,-5.00,-5.00,19.00,17.00,-5.00,-5.00,-5.00
01/18/19,Smoke RMK 411 (EBAM #794),39.7144,-105.124,https://wrcc.dri.edu/cgi-bin/rawMAIN4.pl?ide794+18+01+19+M,9,39,-5,0.9,176,1.7,7.3,-1.5,0,-9999,-9999,-9999,14.4,14.4,14.3,16.67,24:00,https://tools.airfire.org/monitor-qc-report/v2/wrcc?unitID=e794,8.00,13.00,11.00,13.00,15.00,9.00,14.00,23.00,7.00,8.00,-2.00,8.00,2.00,-1.00,6.00,9.00,2.00,7.00,18.00,15.00,-5.00,-5.00,-2.00,10.00
01/18/19,Smoke RMK 415 (EBAM #925),37.4611,-108.5157,https://wrcc.dri.edu/cgi-bin/rawMAIN4.pl?ide925+18+01+19+M,4,35,-5,1.7,289,-5.1,-3.0,-7.9,86,97,57,-9999,14.3,14.3,14.1,16.70,24:00,https://tools.airfire.org/monitor-qc-report/v2/wrcc?unitID=e925,15.00,-5.00,4.00,3.00,11.00,0.00,-5.00,35.00,-5.00,-5.00,-5.00,15.00,26.00,22.00,-2.00,3.00,3.00,-5.00,2.00,-5.00,-2.00,-4.00,5.00,-5.00
