,,Position (Deg.),,,Concentration (µg/m3),,,Wind,,Air Temperature (Deg. C.),,,Humidity (Percent),,,Barometer,Battery Voltage (volts),,,Air Flow (totalizer),,,Concentration by Hour,,,,,,,,,,,,,,,,,,,,,,,
Date,Station,Latitude,Longitude,Station Chart Link,Mean,Max,Min,Ave Vel. (m/s),V. Dir. (Deg),Mean,Max,Min,Mean,Max,Min,Baro. Pressure (mbars),Mean,Max,Min,Mean,Time of latest ob,Airfire QC Report Link,0:00,1:00,2:00,3:00,4:00,5:00,6:00,7:00,8:00,9:00,10:00,11:00,12:00,13:00,14:00,15:00,16:00,17:00,18:00,19:00,20:00,21:00,22:00,23:00
08/26/19,Smoke RMK 104 (Smoke #15),37.2261,-107.3409,https://wrcc.dri.edu/cgi-bin/rawMAIN4.pl?idsm15+26+08+19+M,2,4,0,1.0,321,21.5,36.4,8.5,30,51,11,799.2,14.0,14.2,13.9,2.00,24:00,https://tools.airfire.org/monitor-qc-report/v2/wrcc?unitID=sm15,0.00,1.00,2.00,4.00,2.00,3.00,2.00,2.00,2.00,2.00,2.00,2.00,3.00,3.00,3.00,2.00,1.00,0.00,0.00,0.00,0.00,0.00,0.00,0.00
08/26/19,Smoke RMK 107 (Smoke #67),37.0241,-107.4144,https://wrcc.dri.edu/cgi-bin/rawMAIN4.pl?idsm67+26+08+19+M,1,2,1,2.2,298,19.8,31.2,7.3,29,55,10,808.7,14.0,14.2,13.9,2.00,24:00,https://tools.airfire.org/monitor-qc-report/v2/wrcc?unitID=sm67,1.00,1.00,1.00,1.00,2.00,2.00,2.00,2.00,2.00,2.00,2.00,2.00,2.00,2.00,2.00,1.00,1.00,1.00,1.00,1.00,1.00,1.00,1.00,1.00
08/26/19,Smoke RMK 108 (Smoke #456),37.3234,-107.1293,https://wrcc.dri.edu/cgi-bin/rawMAIN4.pl?ids456+26+08+19+M,2,13,0,1.0,272,20.3,32.0,7.6,100,-9999,-9999,766.2,14.2,14.4,14.0,2.00,24:00,https://tools.airfire.org/monitor-qc-report/v2/wrcc?unitID=s456,1.00,13.00,2.00,2.00,1.00,3.00,2.00,2.00,2.00,2.00,2.00,2.00,2.00,2.00,3.00,3.00,2.00,3.00,2.00,2.00,1.00,2.00,0.00,0.00
08/26/19,Smoke RMK 109 (Smoke #84),39.7144,-105.1239,https://wrcc.dri.edu/cgi-bin/rawMAIN4.pl?ids284+26+08+19+M,1,18,0,1.8,180,24.3,33.4,14.5,34,68,10,823.5,14.1,14.3,14.0,2.00,24:00,https://tools.airfire.org/monitor-qc-report/v2/wrcc?unitID=s284,6.00,0.00,0.00,0.00,0.00,0.00,0.00,0.00,0.00,0.00,0.00,0.00,0.00,0.00,0.00,0.00,0.00,0.00,18.00,9.00,5.00,2.00,1.00,1.00
08/26/19,Smoke RMK 111 (Smoke #455),39.7144,-105.124,https://wrcc.dri.edu/cgi-bin/rawMAIN4.pl?ids455+26+08+19+M,2,5,0,1.9,-9999,25.5,38.1,15.6,31,68,9,823.2,14.1,14.3,14.0,2.00,18:00,https://tools.airfire.org/monitor-qc-report/v2/wrcc?unitID=s455,1.00,0.00,1.00,1.00,2.00,2.00,2.00,3.00,2.00,2.00,2.00,2.00,5.00,3.00,2.00,2.00,1.00,1.00,2.00,-9999,-9999,-9999,-9999,-9999
08/26/19,Smoke RMK 114 (Smoke #19),37.4697,-88.1586,https://wrcc.dri.edu/cgi-bin/rawMAIN4.pl?idsm19+26+08+19+M,0,2,0,0.7,192,25.2,29.0,23.3,86,92,72,-9999,14.1,14.1,14.0,2.00,24:00,https://tools.airfire.org/monitor-qc-report/v2/wrcc?unitID=sm19,3.00,0.00,0.00,0.00,0.00,1.00,2.00,1.00,0.00,0.00,0.00,0.00,0.00,0.00,0.00,0.00,0.00,0.00,0.00,0.00,1.00,0.00,0.00,0.00
08/26/19,Smoke RMK 115 (Smoke #20),39.7143,-105.1239,https://wrcc.dri.edu/cgi-bin/rawMAIN4.pl?idsm20+26+08+19+M,3,6,0,1.5,187,26.3,39.2,15.6,33,70,9,823.8,14.0,14.2,13.9,2.00,24:00,https://tools.airfire.org/monitor-qc-report/v2/wrcc?unitID=sm20,0.00,0.00,1.00,1.00,2.00,2.00,3.00,3.00,3.00,2.00,3.00,3.00,6.00,5.00,4.00,4.00,4.00,3.00,3.00,3.00,3.00,3.00,2.00,2.00
08/26/19,Smoke RMK 119 (Smoke #24),37.4771,-108.4869,https://wrcc.dri.edu/cgi-bin/rawMAIN4.pl?idsm24+26+08+19+M,1,5,0,0.7,288,23.7,40.1,11.1,35,60,10,785.7,14.2,14.4,14.0,2.00,24:00,https://tools.airfire.org/monitor-qc-report/v2/wrcc?unitID=sm24,1.00,1.00,2.00,4.00,5.00,2.00,2.00,1.00,1.00,1.00,1.00,1.00,1.00,1.00,1.00,1.00,0.00,1.00,1.00,1.00,1.00,1.00,1.00,1.00
08/26/19,Smoke RMK 124 (Smoke #210),39.7144,-105.1239,https://wrcc.dri.edu/cgi-bin/rawMAIN4.pl?ids210+26+08+19+M,2,4,1,1.2,357,80.3,95.8,25.0,34,70,11,823.9,14.2,14.3,14.0,2.00,24:00,https://tools.airfire.org/monitor-qc-report/v2/wrcc?unitID=s210,1.00,1.00,1.00,1.00,2.00,2.00,2.00,2.00,2.00,1.00,1.00,2.00,4.00,2.00,2.00,1.00,1.00,1.00,1.00,2.00,2.00,2.00,2.00,2.00
08/26/19,Smoke RMK 126 (Smoke #217),48.3087,-120.6555,https://wrcc.dri.edu/cgi-bin/rawMAIN4.pl?ids217+26+08+19+M,1,2,0,1.2,327,20.6,33.9,13.2,44,65,21,974.7,14.2,14.3,14.0,2.00,24:00,https://tools.airfire.org/monitor-qc-report/v2/wrcc?unitID=s217,0.00,0.00,0.00,0.00,1.00,1.00,1.00,1.00,1.00,1.00,1.00,2.00,1.00,2.00,2.00,2.00,2.00,2.00,2.00,1.00,2.00,2.00,1.00,0.00
08/26/19,Smoke USFS R1-53,46.9269,-114.0961,https://wrcc.dri.edu/cgi-bin/rawMAIN4.pl?ids153+26+08+19+M,4,4,3,1.7,-9999,27.3,28.9,25.0,22,24,21,894.1,14.0,14.1,13.8,1.93,24:00,https://tools.airfire.org/monitor-qc-report/v4/wrcc?unitID=s153,-9999,-9999,-9999,-9999,-9999,-9999,-9999,-9999,-9999,-9999,-9999,-9999,-9999,-9999,-9999,-9999,-9999,-9999,-9999,-9999,-9999,-9999,4.00,4.00
08/26/19,Smoke NPS Yosemite 01,37.7966,-119.8608,https://wrcc.dri.edu/cgi-bin/rawMAIN4.pl?idsmy1+26+08+19+M,13,61,-5,0.5,221,19.1,31.0,10.0,57,95,12,-9999,14.4,14.4,14.4,16.68,24:00,https://tools.airfire.org/monitor-qc-report/v4/wrcc?unitID=smy1,4.00,6.00,1.00,10.00,10.00,28.00,49.00,61.00,40.00,20.00,9.00,11.00,10.00,15.00,11.00,-1.00,-5.00,5.00,23.00,8.00,2.00,2.00,3.00,-5.00
08/26/19,Smoke RMK 414 (EBAM #882),37.5112,-108.4835,https://wrcc.dri.edu/cgi-bin/rawMAIN4.pl?ide882+26+08+19+M,3,11,-4,1.0,68,17.2,28.3,6.6,29,53,5,-9999,14.1,14.1,14.1,16.70,24:00,https://tools.airfire.org/monitor-qc-report/v2/wrcc?unitID=e882,0.00,2.00,1.00,2.00,2.00,1.00,5.00,4.00,7.00,1.00,2.00,5.00,6.00,2.00,1.00,-4.00,8.00,11.00,0.00,6.00,1.00,3.00,4.00,5.00
08/26/19,Smoke USFS 3015,47.838,-115.5969,https://wrcc.dri.edu/cgi-bin/rawMAIN4.pl?ids315+26+08+19+M,1,2,0,1.0,-9999,24.9,29.0,15.5,33,60,20,935.0,14.2,14.4,14.1,2.00,24:00,https://tools.airfire.org/monitor-qc-report/v4/wrcc?unitID=s315,1.00,0.00,1.00,2.00,-9999,-9999,-9999,-9999,-9999,-9999,-9999,-9999,-9999,-9999,-9999,-9999,-9999,1.00,1.00,0.00,0.00,0.00,1.00,1.00
08/26/19,Smoke USFS 3016,48.1479,-116.1762,https://wrcc.dri.edu/cgi-bin/rawMAIN4.pl?ids316+26+08+19+M,0,0,0,0.8,164,18.9,32.6,7.9,53,87,18,941.3,14.1,14.2,13.9,2.00,24:00,https://tools.airfire.org/monitor-qc-report/v4/wrcc?unitID=s316,1.00,0.00,0.00,0.00,0.00,0.00,0.00,0.00,0.00,0.00,0.00,0.00,0.00,0.00,0.00,0.00,0.00,0.00,0.00,0.00,0.00,0.00,0.00,0.00
08/26/19,Lolo NF Smoke #1,46.8985,-113.9639,https://wrcc.dri.edu/cgi-bin/rawMAIN4.pl?idsml1+26+08+19+M,0,1,0,1.1,337,17.1,26.8,10.2,57,88,25,900.4,14.2,14.3,14.0,2.00,24:00,https://tools.airfire.org/monitor-qc-report/v4/wrcc?unitID=sml1,2.00,0.00,0.00,0.00,0.00,0.00,0.00,0.00,0.00,0.00,0.00,0.00,0.00,0.00,0.00,1.00,1.00,1.00,1.00,1.00,0.00,0.00,0.00,0.00
08/26/19,Smoke QD Test,39.7144,-105.1239,https://wrcc.dri.edu/cgi-bin/rawMAIN4.pl?idsqdt+26+08+19+M,2,10,1,4.7,23,-9999,-9999,-9999,-9999,-9999,-9999,834.0,13.0,13.9,12.7,-9999,-9999,-9999,1.00,2.00,2.00,2.00,1.00,2.00,2.00,2.00,2.00,1.00,10.00,4.00,1.00,1.00,1.00,1.00,1.00,1.00,1.00,2.00,2.00,3.00,2.00,3.00
08/26/19,Smoke BLM NV-WID #2 PM10,40.7793,-119.2091,https://wrcc.dri.edu/cgi-bin/rawMAIN4.pl?idsnv2+26+08+19+M,293,2336,37,1.5,3,23.7,33.6,12.8,0,1,0,-9999,14.4,14.4,14.4,16.67,24:00,https://tools.airfire.org/monitor-qc-report/v4/wrcc?unitID=snv2,811.00,2336.00,1152.00,413.00,141.00,191.00,356.00,115.00,208.00,371.00,159.00,162.00,159.00,101.00,123.00,144.00,37.00,55.00,57.00,63.00,83.00,95.00,141.00,163.00
