,,Position (Deg.),,,Concentration (µg/m3),,,Wind,,Air Temperature (Deg. C.),,,Humidity (Percent),,,Barometer,Battery Voltage (volts),,,Air Flow (totalizer),,,Concentration by Hour,,,,,,,,,,,,,,,,,,,,,,,
Date,Station,Latitude,Longitude,Station Chart Link,Mean,Max,Min,Ave Vel. (m/s),V. Dir. (Deg),Mean,Max,Min,Mean,Max,Min,Baro. Pressure (mbars),Mean,Max,Min,Mean,Time of latest ob,Airfire QC Report Link,0:00,1:00,2:00,3:00,4:00,5:00,6:00,7:00,8:00,9:00,10:00,11:00,12:00,13:00,14:00,15:00,16:00,17:00,18:00,19:00,20:00,21:00,22:00,23:00
06/18/15,Smoke #13,43.878,-121.4535,https://wrcc.dri.edu/cgi-bin/rawMAIN4.pl?idsm13+18+06+15+M,0,0,0,1.9,233,18.1,28.9,7.5,49,88,18,870.1,14.1,14.3,13.9,2.00,24:00,https://tools.airfire.org/monitor-qc-report/v4/wrcc?unitID=sm13,1.00,0.00,0.00,0.00,0.00,0.00,0.00,0.00,0.00,0.00,0.00,0.00,0.00,0.00,0.00,0.00,0.00,0.00,0.00,0.00,0.00,0.00,0.00,0.00
06/18/15,Smoke RMK 129 (USFS R2-922),46.927,-114.096,https://wrcc.dri.edu/cgi-bin/rawMAIN4.pl?id2922+18+06+15+M,5,11,0,1.0,-9999,25.9,35.2,18.2,31,51,13,-9999,14.1,14.2,14.0,2.00,24:00,https://tools.airfire.org/monitor-qc-report/v2/wrcc?unitID=2922,0.00,3.00,3.00,3.00,3.00,4.00,4.00,5.00,7.00,5.00,7.00,7.00,8.00,8.00,10.00,10.00,11.00,11.00,-9999,-9999,2.00,0.00,0.00,0.00
06/18/15,Smoke RMK 130 (USFS R2-923),46.9268,-114.0962,https://wrcc.dri.edu/cgi-bin/rawMAIN4.pl?id2923+18+06+15+M,2,4,1,0.9,-9999,25.9,34.7,18.4,31,49,14,-9999,14.2,14.3,14.1,2.00,24:00,https://tools.airfire.org/monitor-qc-report/v2/wrcc?unitID=2923,2.00,2.00,2.00,2.00,2.00,2.00,2.00,1.00,2.00,2.00,2.00,2.00,2.00,3.00,4.00,4.00,4.00,4.00,4.00,3.00,-9999,-9999,1.00,1.00
06/18/15,Smoke RMK 131 (USFS R2-924),46.9268,-114.0961,https://wrcc.dri.edu/cgi-bin/rawMAIN4.pl?id2924+18+06+15+M,61,102,0,0.9,-9999,22.4,32.1,3.0,34,48,14,-9999,14.2,14.3,13.9,1.99,24:00,https://tools.airfire.org/monitor-qc-report/v2/wrcc?unitID=2924,-9999,2.00,-9999,-9999,-9999,-9999,-9999,85.00,-9999,-9999,-9999,95.00,-9999,102.00,101.00,100.00,97.00,91.00,-9999,-9999,-9999,-9999,0.00,0.00
06/18/15,Smoke USFS R9-60,47.999,-91.9514,https://wrcc.dri.edu/cgi-bin/rawMAIN4.pl?ids960+18+06+15+M,1,2,0,1.6,-9999,17.7,27.0,13.0,62,93,34,964.2,14.1,14.2,14.0,2.00,24:00,https://tools.airfire.org/monitor-qc-report/v4/wrcc?unitID=s960,0.00,1.00,1.00,2.00,2.00,2.00,2.00,1.00,1.00,-9999,1.00,1.00,1.00,1.00,1.00,1.00,1.00,1.00,1.00,1.00,1.00,0.00,1.00,0.00
06/18/15,Smoke USFS R9-16,47.9004,-91.8723,https://wrcc.dri.edu/cgi-bin/rawMAIN4.pl?ids916+18+06+15+M,1,3,0,2.2,147,18.9,25.5,13.2,57,85,32,960.9,14.2,14.3,14.1,2.00,24:00,https://tools.airfire.org/monitor-qc-report/v4/wrcc?unitID=s916,0.00,1.00,1.00,2.00,1.00,1.00,1.00,1.00,1.00,3.00,2.00,1.00,1.00,1.00,1.00,1.00,0.00,0.00,1.00,0.00,0.00,0.00,0.00,0.00
06/18/15,Smoke USFS R2-65,44.037,-121.3397,https://wrcc.dri.edu/cgi-bin/rawMAIN4.pl?ids265+18+06+15+M,4,11,1,1.5,-9999,18.7,34.1,11.6,99,100,98,882.8,14.0,14.1,13.9,2.00,17:00,https://tools.airfire.org/monitor-qc-report/v4/wrcc?unitID=s265,1.00,1.00,1.00,2.00,3.00,4.00,5.00,7.00,11.00,7.00,4.00,4.00,4.00,4.00,4.00,4.00,4.00,3.00,-9999,-9999,-9999,-9999,-9999,-9999
06/18/15,Smoke NPS Yosemite 01,37.7488,-119.5871,https://wrcc.dri.edu/cgi-bin/rawMAIN4.pl?idsmy1+18+06+15+M,7,18,-1,0.3,-9999,19.0,28.4,13.0,29,49,10,-10.0,14.4,14.4,14.4,16.69,17:00,https://tools.airfire.org/monitor-qc-report/v4/wrcc?unitID=smy1,6.00,-1.00,2.00,5.00,6.00,18.00,14.00,11.00,4.00,9.00,2.00,-9999,-9999,4.00,6.00,6.00,-1.00,13.00,-9999,-9999,-9999,-9999,-9999,-9999
