,,Position (Deg.),,,Concentration (µg/m3),,,Wind,,Air Temperature (Deg. C.),,,Humidity (Percent),,,Barometer,Battery Voltage (volts),,,Air Flow (totalizer),,,Concentration by Hour,,,,,,,,,,,,,,,,,,,,,,,
Date,Station,Latitude,Longitude,Station Chart Link,Mean,Max,Min,Ave Vel. (m/s),V. Dir. (Deg),Mean,Max,Min,Mean,Max,Min,Baro. Pressure (mbars),Mean,Max,Min,Mean,Time of latest ob,Airfire QC Report Link,0:00,1:00,2:00,3:00,4:00,5:00,6:00,7:00,8:00,9:00,10:00,11:00,12:00,13:00,14:00,15:00,16:00,17:00,18:00,19:00,20:00,21:00,22:00,23:00
06/03/20,Smoke RMK 115 (Smoke #20),39.5948,-106.0068,https://wrcc.dri.edu/cgi-bin/rawMAIN4.pl?idsm20+03+06+20+M,0,3,0,1.5,-9999,21.8,26.1,11.3,27,55,18,732.1,14.1,14.3,14.0,2.00,23:00,https://tools.airfire.org/monitor-qc-report/v2/wrcc?unitID=sm20,0.00,0.00,0.00,-9999,-9999,-9999,-9999,-9999,-9999,-9999,-9999,-9999,-9999,-9999,-9999,3.00,1.00,0.00,0.00,0.00,0.00,0.00,0.00,0.00
06/03/20,Smoke RMK 118 (Smoke #23),39.7144,-105.1239,https://wrcc.dri.edu/cgi-bin/rawMAIN4.pl?idsm23+03+06+20+M,0,0,0,1.0,-9999,37.4,-9999,-9999,16,-9999,-9999,825.1,12.7,12.7,12.7,2.00,23:00,https://tools.airfire.org/monitor-qc-report/v2/wrcc?unitID=sm23,-9999,-9999,-9999,-9999,-9999,-9999,-9999,-9999,-9999,-9999,-9999,-9999,-9999,-9999,-9999,-9999,-9999,-9999,-9999,-9999,-9999,-9999,-9999,0.00
06/03/20,Smoke RMK 128 (Smoke #457),39.7144,-105.124,https://wrcc.dri.edu/cgi-bin/rawMAIN4.pl?ids457+03+06+20+M,0,3,0,1.0,179,25.3,34.4,16.3,41,67,20,824.6,14.1,14.2,14.0,2.00,24:00,https://tools.airfire.org/monitor-qc-report/v2/wrcc?unitID=s457,0.00,0.00,3.00,0.00,0.00,0.00,0.00,0.00,0.00,0.00,0.00,0.00,0.00,0.00,0.00,0.00,0.00,0.00,0.00,0.00,0.00,0.00,0.00,0.00
06/03/20,Smoke USFS R2-65,39.7144,-105.1239,https://wrcc.dri.edu/cgi-bin/rawMAIN4.pl?ids265+03+06+20+M,2,5,1,1.2,-9999,29.6,34.4,20.9,30,46,17,826.6,14.1,14.2,14.1,2.00,21:00,https://tools.airfire.org/monitor-qc-report/v4/wrcc?unitID=s265,-9999,-9999,-9999,-9999,-9999,-9999,-9999,-9999,-9999,-9999,-9999,-9999,-9999,-9999,-9999,5.00,4.00,2.00,2.00,1.00,1.00,2.00,-9999,-9999
06/03/20,Smoke USFS R2-69,38.9792,-105.353,https://wrcc.dri.edu/cgi-bin/rawMAIN4.pl?ids269+03+06+20+M,1,3,0,0.3,-9999,19.2,30.8,8.0,1,1,0,760.6,14.1,14.3,14.0,2.00,23:00,https://tools.airfire.org/monitor-qc-report/v4/wrcc?unitID=s269,0.00,1.00,1.00,2.00,1.00,-9999,2.00,2.00,2.00,2.00,3.00,3.00,3.00,3.00,3.00,2.00,1.00,0.00,0.00,0.00,0.00,0.00,0.00,0.00
06/03/20,Smoke RMK 408 (EBAM #418),39.7144,-105.1239,https://wrcc.dri.edu/cgi-bin/rawMAIN4.pl?ide418+03+06+20+M,5,21,-5,1.2,32,22.2,29.4,14.9,32,56,11,-9999,13.8,13.9,13.6,16.70,24:00,https://tools.airfire.org/monitor-qc-report/v2/wrcc?unitID=e418,3.00,-1.00,10.00,1.00,2.00,8.00,-4.00,21.00,-5.00,19.00,10.00,2.00,-5.00,19.00,7.00,4.00,4.00,6.00,4.00,8.00,0.00,10.00,-2.00,11.00
06/03/20,Smoke RMK 409 (EBAM #592),39.7144,-105.124,https://wrcc.dri.edu/cgi-bin/rawMAIN4.pl?ide592+03+06+20+M,4,11,-5,1.1,177,27.8,28.0,27.5,32,60,8,-9999,14.3,14.3,14.2,16.70,24:00,https://tools.airfire.org/monitor-qc-report/v2/wrcc?unitID=e592,2.00,0.00,8.00,5.00,4.00,7.00,7.00,3.00,8.00,2.00,2.00,2.00,7.00,-1.00,9.00,0.00,3.00,3.00,0.00,9.00,1.00,9.00,-5.00,11.00
06/03/20,Smoke QD Test,39.389,-105.2734,https://wrcc.dri.edu/cgi-bin/rawMAIN4.pl?idsqdt+03+06+20+M,1,3,0,1.0,151,-9999,-9999,-9999,-9999,-9999,-9999,810.6,13.1,13.8,12.7,-9999,-9999,-9999,2.00,2.00,2.00,1.00,1.00,1.00,1.00,0.00,0.00,0.00,0.00,0.00,0.00,0.00,1.00,1.00,1.00,1.00,1.00,1.00,1.00,1.00,1.00,1.00
