,,Position (Deg.),,,Concentration (µg/m3),,,Wind,,Air Temperature (Deg. C.),,,Humidity (Percent),,,Barometer,Battery Voltage (volts),,,Air Flow (totalizer),,,Concentration by Hour,,,,,,,,,,,,,,,,,,,,,,,
Date,Station,Latitude,Longitude,Station Chart Link,Mean,Max,Min,Ave Vel. (m/s),V. Dir. (Deg),Mean,Max,Min,Mean,Max,Min,Baro. Pressure (mbars),Mean,Max,Min,Mean,Time of latest ob,Airfire QC Report Link,0:00,1:00,2:00,3:00,4:00,5:00,6:00,7:00,8:00,9:00,10:00,11:00,12:00,13:00,14:00,15:00,16:00,17:00,18:00,19:00,20:00,21:00,22:00,23:00
08/30/23,Smoke RMK 101 (Smoke #660),37.5827,-106.1537,https://wrcc.dri.edu/cgi-bin/rawMAIN4.pl?ids660+30+08+23+M,3,4,1,0.9,115,17.0,27.2,7.9,56,84,24,775.3,14.6,14.6,14.5,2.00,24:00,https://tools.airfire.org/monitor-qc-report/v2/wrcc?unitID=s660,2.00,1.00,2.00,2.00,3.00,3.00,3.00,4.00,4.00,3.00,3.00,3.00,3.00,3.00,3.00,3.00,3.00,3.00,3.00,2.00,3.00,2.00,2.00,2.00
08/30/23,Smoke RMK 104 (Smoke #15),39.7143,-105.1239,https://wrcc.dri.edu/cgi-bin/rawMAIN4.pl?idsm15+30+08+23+M,3,4,1,1.0,153,23.4,34.2,14.0,41,66,17,829.3,14.5,14.5,14.5,2.00,24:00,https://tools.airfire.org/monitor-qc-report/v2/wrcc?unitID=sm15,1.00,2.00,4.00,4.00,4.00,4.00,4.00,3.00,3.00,3.00,3.00,3.00,3.00,3.00,3.00,2.00,2.00,2.00,2.00,1.00,1.00,1.00,2.00,1.00
08/30/23,Smoke RMK 107 (Smoke #67),44.1788,-122.119,https://wrcc.dri.edu/cgi-bin/rawMAIN4.pl?idsm67+30+08+23+M,51,131,5,0.8,40,17.5,25.9,13.4,70,90,33,968.4,14.5,14.5,14.4,2.00,24:00,https://tools.airfire.org/monitor-qc-report/v2/wrcc?unitID=sm67,3.00,6.00,5.00,5.00,10.00,19.00,19.00,47.00,71.00,94.00,130.00,131.00,120.00,110.00,102.00,88.00,52.00,9.00,5.00,11.00,46.00,66.00,64.00,16.00
08/30/23,Smoke RMK 111 (Smoke #455),38.7173,-108.0539,https://wrcc.dri.edu/cgi-bin/rawMAIN4.pl?ids455+30+08+23+M,2,4,1,0.8,177,23.4,36.3,12.0,40,72,14,845.6,14.5,14.5,14.4,2.00,24:00,https://tools.airfire.org/monitor-qc-report/v2/wrcc?unitID=s455,1.00,1.00,1.00,1.00,2.00,2.00,2.00,2.00,2.00,2.00,2.00,2.00,2.00,2.00,2.00,3.00,4.00,4.00,3.00,2.00,2.00,2.00,1.00,1.00
08/30/23,Smoke RMK 115 (Smoke #20),39.7144,-105.124,https://wrcc.dri.edu/cgi-bin/rawMAIN4.pl?idsm20+30+08+23+M,4,11,1,1.2,-9999,28.8,31.1,26.3,38,68,11,827.0,14.1,14.2,13.9,2.00,24:00,https://tools.airfire.org/monitor-qc-report/v2/wrcc?unitID=sm20,-9999,-9999,4.00,-9999,-9999,4.00,-9999,4.00,5.00,4.00,2.00,4.00,-9999,4.00,-9999,5.00,3.00,1.00,11.00,7.00,1.00,3.00,3.00,3.00
08/30/23,Smoke RMK 118 (Smoke #23),39.7143,-105.1239,https://wrcc.dri.edu/cgi-bin/rawMAIN4.pl?idsm23+30+08+23+M,0,1,0,1.0,173,23.0,36.2,12.2,66,96,40,830.1,14.1,14.2,13.9,2.00,24:00,https://tools.airfire.org/monitor-qc-report/v2/wrcc?unitID=sm23,0.00,0.00,0.00,0.00,0.00,0.00,0.00,0.00,0.00,0.00,0.00,0.00,0.00,0.00,0.00,0.00,0.00,0.00,0.00,0.00,0.00,0.00,1.00,1.00
08/30/23,Smoke RMK 122 (Smoke #69),40.7514,-105.4347,https://wrcc.dri.edu/cgi-bin/rawMAIN4.pl?idsm69+30+08+23+M,1,1,1,1.4,225,25.5,38.8,14.8,58,99,14,780.0,14.2,14.3,14.0,2.00,24:00,https://tools.airfire.org/monitor-qc-report/v2/wrcc?unitID=sm69,1.00,1.00,1.00,1.00,1.00,1.00,1.00,1.00,1.00,1.00,1.00,1.00,1.00,1.00,1.00,1.00,1.00,1.00,1.00,1.00,1.00,1.00,1.00,1.00
08/30/23,Smoke RMK 126 (Smoke #217),30.7456,-93.5362,https://wrcc.dri.edu/cgi-bin/rawMAIN4.pl?ids217+30+08+23+M,6,8,4,0.3,-9999,38.8,39.5,38.0,22,26,19,1002.0,14.0,14.0,14.0,1.95,24:00,https://tools.airfire.org/monitor-qc-report/v2/wrcc?unitID=s217,-9999,-9999,-9999,-9999,-9999,-9999,-9999,-9999,-9999,-9999,-9999,-9999,-9999,-9999,-9999,-9999,-9999,-9999,-9999,-9999,-9999,4.00,5.00,5.00
08/30/23,Smoke RMK 129 (USFS R2-922),30.8552,-93.2919,https://wrcc.dri.edu/cgi-bin/rawMAIN4.pl?id2922+30+08+23+M,10,19,5,1.9,1,33.3,41.5,26.4,42,68,18,1001.0,14.0,14.1,14.0,2.00,24:00,https://tools.airfire.org/monitor-qc-report/v2/wrcc?unitID=2922,4.00,6.00,6.00,9.00,9.00,8.00,9.00,9.00,10.00,11.00,15.00,13.00,18.00,15.00,19.00,15.00,12.00,7.00,7.00,5.00,5.00,5.00,5.00,7.00
08/30/23,Smoke USFS R3-28,35.6715,-105.9556,https://wrcc.dri.edu/cgi-bin/rawMAIN4.pl?ids328+30+08+23+M,6,119,-5,2.1,77,21.2,30.4,12.5,0,1,0,-9999,14.2,14.2,14.1,16.70,24:00,https://tools.airfire.org/monitor-qc-report/v4/wrcc?unitID=s328,-5.00,17.00,-5.00,-5.00,-5.00,-5.00,-5.00,-5.00,-5.00,-2.00,-5.00,-5.00,-5.00,-5.00,119.00,82.00,17.00,-5.00,-5.00,-5.00,10.00,-5.00,-5.00,-5.00
08/30/23,Smoke RMK 408 (EBAM #418),37.4716,-108.5163,https://wrcc.dri.edu/cgi-bin/rawMAIN4.pl?ide418+30+08+23+M,2,9,-2,1.6,78,22.9,33.1,14.3,36,54,12,-9999,14.4,14.4,14.3,16.69,24:00,https://tools.airfire.org/monitor-qc-report/v2/wrcc?unitID=e418,-4.00,4.00,1.00,3.00,-2.00,5.00,1.00,3.00,4.00,3.00,5.00,1.00,3.00,3.00,1.00,-1.00,2.00,3.00,9.00,0.00,3.00,1.00,4.00,1.00
08/30/23,Smoke RMK 402 (EBAM #493),40.6232,-111.2283,https://wrcc.dri.edu/cgi-bin/rawMAIN4.pl?ide493+30+08+23+M,2,16,-12,1.3,86,19.9,30.3,11.3,39,60,19,-9999,11.8,11.8,11.8,12.50,24:00,https://tools.airfire.org/monitor-qc-report/v2/wrcc?unitID=e493,4.00,3.00,10.00,13.00,14.00,13.00,3.00,16.00,7.00,-6.00,-4.00,0.00,-4.00,7.00,-2.00,-10.00,-12.00,-4.00,0.00,4.00,2.00,-3.00,0.00,1.00
08/30/23,Smoke RMK 403 (EBAM #494),47.7792,-116.6851,https://wrcc.dri.edu/cgi-bin/rawMAIN4.pl?ide494+30+08+23+M,4,41,-17,1.4,170,15.6,23.3,13.4,80,91,54,-9999,11.6,11.6,11.5,16.70,24:00,https://tools.airfire.org/monitor-qc-report/v2/wrcc?unitID=e494,26.00,9.00,17.00,11.00,24.00,41.00,23.00,-8.00,-7.00,-16.00,3.00,12.00,-4.00,-13.00,1.00,2.00,1.00,0.00,25.00,19.00,-17.00,-10.00,-6.00,-5.00
08/30/23,Smoke RMK 411 (EBAM #794),37.6517,-108.2946,https://wrcc.dri.edu/cgi-bin/rawMAIN4.pl?ide794+30+08+23+M,2,20,-5,0.8,106,16.7,29.7,6.9,53,75,15,-9999,14.4,14.4,14.3,16.70,24:00,https://tools.airfire.org/monitor-qc-report/v2/wrcc?unitID=e794,5.00,4.00,3.00,1.00,2.00,4.00,2.00,11.00,-3.00,7.00,2.00,-5.00,20.00,2.00,2.00,3.00,-4.00,-5.00,-3.00,5.00,-3.00,0.00,4.00,2.00
08/30/23,Smoke RMK 414 (EBAM #882),37.3501,-108.2908,https://wrcc.dri.edu/cgi-bin/rawMAIN4.pl?ide882+30+08+23+M,2,9,-5,0.3,69,19.5,28.7,10.2,30,60,10,-9999,13.6,13.7,13.5,16.70,24:00,https://tools.airfire.org/monitor-qc-report/v2/wrcc?unitID=e882,2.00,-4.00,5.00,-5.00,2.00,3.00,-3.00,0.00,5.00,3.00,-1.00,7.00,3.00,5.00,-3.00,4.00,9.00,-5.00,6.00,1.00,3.00,4.00,4.00,0.00
08/30/23,Smoke USFS R1-307,46.5842,-112.042,https://wrcc.dri.edu/cgi-bin/rawMAIN4.pl?id1307+30+08+23+M,2,11,0,1.1,342,21.5,33.5,15.5,49,77,16,-9999,14.1,14.2,13.9,2.00,24:00,https://tools.airfire.org/monitor-qc-report/v4/wrcc?unitID=1307,1.00,0.00,1.00,1.00,0.00,1.00,0.00,0.00,0.00,0.00,0.00,1.00,1.00,1.00,2.00,2.00,6.00,11.00,10.00,7.00,4.00,1.00,1.00,1.00
08/30/23,Lolo NF Smoke #1,47.1954,-114.8943,https://wrcc.dri.edu/cgi-bin/rawMAIN4.pl?idsml1+30+08+23+M,2,5,0,0.8,118,17.5,20.7,15.2,81,95,56,922.3,14.2,14.2,14.1,2.00,24:00,https://tools.airfire.org/monitor-qc-report/v4/wrcc?unitID=sml1,8.00,4.00,2.00,2.00,2.00,2.00,1.00,1.00,1.00,1.00,1.00,1.00,1.00,2.00,4.00,5.00,5.00,4.00,3.00,2.00,0.00,0.00,0.00,0.00
08/30/23,AQB Smoke EBAM T-1,36.2403,-106.429,https://wrcc.dri.edu/cgi-bin/rawMAIN4.pl?ideat1+30+08+23+M,6,37,-5,1.6,92,23.7,32.9,15.5,0,1,0,-9999,14.4,14.4,14.4,16.70,24:00,https://tools.airfire.org/monitor-qc-report/v4/wrcc?unitID=eat1,13.00,-5.00,-5.00,-5.00,-5.00,-2.00,-5.00,-2.00,-5.00,-5.00,-4.00,-5.00,-5.00,0.00,-1.00,1.00,17.00,16.00,24.00,37.00,26.00,36.00,26.00,12.00
08/30/23,AQB Smoke EBAM T-3,36.7563,-106.5596,https://wrcc.dri.edu/cgi-bin/rawMAIN4.pl?ideat3+30+08+23+M,9,110,-5,1.0,-9999,17.5,29.7,6.0,1,1,0,-9999,14.1,14.3,14.1,16.12,24:00,https://tools.airfire.org/monitor-qc-report/v4/wrcc?unitID=eat3,-9999,-9999,110.00,4.00,-3.00,4.00,-1.00,0.00,1.00,4.00,3.00,-1.00,10.00,-1.00,6.00,-5.00,22.00,18.00,20.00,-1.00,1.00,9.00,6.00,1.00
