,,Position (Deg.),,,Concentration (µg/m3),,,Wind,,Air Temperature (Deg. C.),,,Humidity (Percent),,,Barometer,Battery Voltage (volts),,,Air Flow (totalizer),,,Concentration by Hour,,,,,,,,,,,,,,,,,,,,,,,
Date,Station,Latitude,Longitude,Station Chart Link,Mean,Max,Min,Ave Vel. (m/s),V. Dir. (Deg),Mean,Max,Min,Mean,Max,Min,Baro. Pressure (mbars),Mean,Max,Min,Mean,Time of latest ob,Airfire QC Report Link,0:00,1:00,2:00,3:00,4:00,5:00,6:00,7:00,8:00,9:00,10:00,11:00,12:00,13:00,14:00,15:00,16:00,17:00,18:00,19:00,20:00,21:00,22:00,23:00
09/11/23,Smoke RMK 100 (Smoke #659),39.7143,-105.124,https://wrcc.dri.edu/cgi-bin/rawMAIN4.pl?ids659+11+09+23+M,9,10,8,0.9,-9999,22.1,22.9,20.6,54,60,50,829.9,14.5,14.5,14.5,1.88,24:00,https://tools.airfire.org/monitor-qc-report/v2/wrcc?unitID=s659,-9999,-9999,-9999,-9999,-9999,-9999,-9999,-9999,-9999,-9999,-9999,-9999,-9999,-9999,-9999,-9999,-9999,-9999,-9999,-9999,-9999,10.00,9.00,9.00
09/11/23,Smoke RMK 104 (Smoke #15),45.3856,-122.0947,https://wrcc.dri.edu/cgi-bin/rawMAIN4.pl?idsm15+11+09+23+M,2,4,0,1.4,-9999,17.9,26.0,8.0,64,98,0,982.2,13.9,14.5,5.8,1.88,24:00,https://tools.airfire.org/monitor-qc-report/v2/wrcc?unitID=sm15,3.00,3.00,3.00,3.00,3.00,4.00,3.00,-9999,-9999,-9999,-9999,-9999,-9999,0.00,3.00,3.00,3.00,3.00,3.00,3.00,2.00,1.00,1.00,1.00
09/11/23,Smoke RMK 105 (Smoke #17),37.2272,-107.601,https://wrcc.dri.edu/cgi-bin/rawMAIN4.pl?idsm17+11+09+23+M,0,0,0,0.5,180,18.4,26.3,11.7,56,91,23,797.1,14.6,14.6,14.5,0.00,24:00,https://tools.airfire.org/monitor-qc-report/v2/wrcc?unitID=sm17,0.00,0.00,0.00,0.00,0.00,0.00,0.00,0.00,0.00,0.00,0.00,0.00,0.00,0.00,0.00,0.00,0.00,0.00,0.00,0.00,0.00,0.00,0.00,0.00
09/11/23,Smoke RMK 107 (Smoke #67),44.1788,-122.119,https://wrcc.dri.edu/cgi-bin/rawMAIN4.pl?idsm67+11+09+23+M,17,44,3,0.8,89,20.1,29.7,12.0,67,93,34,965.3,14.5,14.5,14.4,2.00,24:00,https://tools.airfire.org/monitor-qc-report/v2/wrcc?unitID=sm67,5.00,5.00,5.00,5.00,4.00,6.00,9.00,13.00,15.00,17.00,15.00,21.00,20.00,26.00,24.00,32.00,22.00,31.00,44.00,32.00,23.00,16.00,7.00,5.00
09/11/23,Smoke RMK 109 (Smoke #84),39.7143,-105.1239,https://wrcc.dri.edu/cgi-bin/rawMAIN4.pl?ids284+11+09+23+M,5,10,2,0.1,-9999,22.3,24.8,21.1,88,96,74,831.7,14.4,14.5,14.4,1.98,17:00,https://tools.airfire.org/monitor-qc-report/v2/wrcc?unitID=s284,18.00,10.00,5.00,4.00,5.00,5.00,5.00,5.00,5.00,5.00,3.00,2.00,4.00,7.00,6.00,5.00,2.00,3.00,-9999,-9999,-9999,-9999,-9999,-9999
09/11/23,Smoke RMK 111 (Smoke #455),38.7173,-108.0539,https://wrcc.dri.edu/cgi-bin/rawMAIN4.pl?ids455+11+09+23+M,2,4,1,1.0,177,20.9,30.0,12.6,54,89,19,847.0,14.5,14.5,14.4,2.00,24:00,https://tools.airfire.org/monitor-qc-report/v2/wrcc?unitID=s455,1.00,1.00,2.00,1.00,2.00,2.00,2.00,2.00,2.00,2.00,2.00,2.00,2.00,2.00,3.00,3.00,4.00,3.00,4.00,3.00,2.00,2.00,2.00,2.00
09/11/23,Smoke RMK 118 (Smoke #23),39.7143,-105.1239,https://wrcc.dri.edu/cgi-bin/rawMAIN4.pl?idsm23+11+09+23+M,0,4,0,0.7,-9999,11.8,14.9,10.2,98,100,87,834.0,14.2,14.2,14.1,2.00,17:00,https://tools.airfire.org/monitor-qc-report/v2/wrcc?unitID=sm23,4.00,4.00,1.00,0.00,0.00,0.00,0.00,0.00,0.00,0.00,0.00,0.00,0.00,0.00,0.00,0.00,0.00,0.00,-9999,-9999,-9999,-9999,-9999,-9999
09/11/23,Smoke RMK 122 (Smoke #69),40.7514,-105.4346,https://wrcc.dri.edu/cgi-bin/rawMAIN4.pl?idsm69+11+09+23+M,1,3,0,1.1,180,19.4,25.9,15.1,86,99,53,782.4,14.2,14.3,14.1,2.00,24:00,https://tools.airfire.org/monitor-qc-report/v2/wrcc?unitID=sm69,0.00,1.00,1.00,1.00,1.00,1.00,1.00,1.00,1.00,1.00,3.00,1.00,1.00,1.00,1.00,1.00,1.00,1.00,1.00,0.00,0.00,1.00,0.00,0.00
09/11/23,Smoke RMK 123 (Smoke #209),39.7144,-105.1239,https://wrcc.dri.edu/cgi-bin/rawMAIN4.pl?ids209+11+09+23+M,7,12,2,1.2,-9999,18.5,23.5,13.7,100,-9999,-9999,831.7,14.3,14.4,14.3,2.00,24:00,https://tools.airfire.org/monitor-qc-report/v2/wrcc?unitID=s209,-9999,-9999,-9999,-9999,-9999,-9999,-9999,-9999,-9999,-9999,-9999,-9999,-9999,-9999,-9999,-9999,5.00,3.00,2.00,3.00,6.00,12.00,12.00,8.00
09/11/23,Smoke USFS R3-28,35.6715,-105.9556,https://wrcc.dri.edu/cgi-bin/rawMAIN4.pl?ids328+11+09+23+M,2,55,-5,1.6,118,17.8,22.9,12.5,0,1,0,-9999,14.2,14.2,14.0,16.70,24:00,https://tools.airfire.org/monitor-qc-report/v4/wrcc?unitID=s328,-5.00,-5.00,-5.00,-5.00,-1.00,-5.00,-5.00,-5.00,19.00,-5.00,-5.00,-4.00,-4.00,-5.00,-5.00,55.00,25.00,24.00,-3.00,-5.00,-5.00,-5.00,-5.00,8.00
09/11/23,Smoke RMK 408 (EBAM #418),37.4715,-108.5162,https://wrcc.dri.edu/cgi-bin/rawMAIN4.pl?ide418+11+09+23+M,3,20,-5,1.2,89,18.3,26.1,12.1,60,84,27,-9999,14.3,14.4,14.2,16.70,24:00,https://tools.airfire.org/monitor-qc-report/v2/wrcc?unitID=e418,0.00,3.00,2.00,3.00,4.00,-5.00,9.00,-2.00,19.00,-5.00,20.00,-5.00,11.00,-5.00,6.00,-5.00,4.00,2.00,8.00,2.00,3.00,0.00,5.00,-3.00
09/11/23,Smoke RMK 402 (EBAM #493),40.6233,-111.2282,https://wrcc.dri.edu/cgi-bin/rawMAIN4.pl?ide493+11+09+23+M,2,15,-7,1.1,323,14.0,24.5,5.1,57,84,29,-9999,11.7,11.7,11.6,12.50,24:00,https://tools.airfire.org/monitor-qc-report/v2/wrcc?unitID=e493,6.00,15.00,7.00,1.00,5.00,5.00,8.00,4.00,0.00,-1.00,-7.00,-1.00,1.00,-2.00,4.00,-7.00,-4.00,7.00,3.00,-2.00,10.00,-5.00,8.00,0.00
09/11/23,Smoke RMK 411 (EBAM #794),37.6517,-108.2946,https://wrcc.dri.edu/cgi-bin/rawMAIN4.pl?ide794+11+09+23+M,2,16,-5,0.7,128,14.3,23.2,8.0,67,89,23,-9999,14.3,14.4,14.2,16.70,24:00,https://tools.airfire.org/monitor-qc-report/v2/wrcc?unitID=e794,-1.00,0.00,4.00,16.00,7.00,-5.00,-2.00,4.00,13.00,-1.00,3.00,-3.00,5.00,4.00,0.00,-4.00,-5.00,13.00,4.00,-5.00,1.00,2.00,-1.00,2.00
09/11/23,Smoke RMK 414 (EBAM #882),37.3501,-108.2908,https://wrcc.dri.edu/cgi-bin/rawMAIN4.pl?ide882+11+09+23+M,2,13,-5,0.3,74,14.6,21.9,8.1,50,80,21,-9999,13.6,13.7,13.6,16.70,24:00,https://tools.airfire.org/monitor-qc-report/v2/wrcc?unitID=e882,4.00,2.00,-1.00,3.00,2.00,4.00,3.00,10.00,-5.00,5.00,0.00,3.00,1.00,7.00,-2.00,-5.00,-5.00,-5.00,6.00,0.00,13.00,-4.00,4.00,0.00
09/11/23,Smoke RMK 405 (EBAM #947),39.7144,-105.1239,https://wrcc.dri.edu/cgi-bin/rawMAIN4.pl?ide947+11+09+23+M,4,18,-3,0.9,-9999,16.2,19.2,15.1,90,97,78,-9999,11.5,11.6,11.5,16.69,15:00,https://tools.airfire.org/monitor-qc-report/v2/wrcc?unitID=e947,12.00,11.00,18.00,-3.00,-2.00,1.00,6.00,4.00,6.00,8.00,4.00,2.00,1.00,-3.00,1.00,1.00,-9999,-9999,-9999,-9999,-9999,-9999,-9999,-9999
09/11/23,Smoke USFS R1-307,46.5842,-112.042,https://wrcc.dri.edu/cgi-bin/rawMAIN4.pl?id1307+11+09+23+M,3,5,1,0.9,342,18.7,34.2,9.5,56,83,27,-9999,14.1,14.3,13.9,2.00,24:00,https://tools.airfire.org/monitor-qc-report/v4/wrcc?unitID=1307,2.00,2.00,3.00,3.00,2.00,3.00,3.00,3.00,3.00,3.00,3.00,3.00,3.00,3.00,3.00,4.00,4.00,5.00,4.00,3.00,2.00,2.00,2.00,1.00
09/11/23,Lolo NF Smoke #1,47.1954,-114.8943,https://wrcc.dri.edu/cgi-bin/rawMAIN4.pl?idsml1+11+09+23+M,2,6,1,0.7,82,19.8,33.5,9.3,57,90,20,925.8,14.2,14.3,14.0,2.00,24:00,https://tools.airfire.org/monitor-qc-report/v4/wrcc?unitID=sml1,2.00,1.00,1.00,2.00,2.00,2.00,2.00,2.00,3.00,2.00,2.00,2.00,3.00,3.00,3.00,2.00,4.00,6.00,6.00,3.00,2.00,2.00,1.00,1.00
09/11/23,EPA R8 EBAM 001 Smoke,39.665,-105.3398,https://wrcc.dri.edu/cgi-bin/rawMAIN4.pl?idse01+11+09+23+M,1,9,-5,0.5,12,9.4,13.2,7.7,84,92,64,-9999,11.5,11.5,11.5,12.50,24:00,https://tools.airfire.org/monitor-qc-report/v4/wrcc?unitID=se01,12.00,9.00,1.00,-2.00,-2.00,0.00,-2.00,-2.00,-5.00,-5.00,4.00,2.00,0.00,8.00,0.00,1.00,-2.00,3.00,-1.00,4.00,-4.00,-3.00,6.00,4.00
