,,Position (Deg.),,,Concentration (µg/m3),,,Wind,,Air Temperature (Deg. C.),,,Humidity (Percent),,,Barometer,Battery Voltage (volts),,,Air Flow (totalizer),,,Concentration by Hour,,,,,,,,,,,,,,,,,,,,,,,
Date,Station,Latitude,Longitude,Station Chart Link,Mean,Max,Min,Ave Vel. (m/s),V. Dir. (Deg),Mean,Max,Min,Mean,Max,Min,Baro. Pressure (mbars),Mean,Max,Min,Mean,Time of latest ob,Airfire QC Report Link,0:00,1:00,2:00,3:00,4:00,5:00,6:00,7:00,8:00,9:00,10:00,11:00,12:00,13:00,14:00,15:00,16:00,17:00,18:00,19:00,20:00,21:00,22:00,23:00
08/27/13,Smoke #13,43.8051,-115.1307,https://wrcc.dri.edu/cgi-bin/rawMAIN4.pl?idsm13+27+08+13+M,49,228,4,0.3,2,19.4,31.9,7.4,51,90,18,835.8,14.1,14.3,13.9,2.00,24:00,https://tools.airfire.org/monitor-qc-report/v4/wrcc?unitID=sm13,20.00,16.00,14.00,13.00,9.00,10.00,12.00,29.00,46.00,56.00,64.00,60.00,89.00,106.00,116.00,123.00,228.00,119.00,27.00,6.00,6.00,4.00,6.00,5.00
08/27/13,Smoke RMK 112 (Smoke #11),43.5651,-116.2087,https://wrcc.dri.edu/cgi-bin/rawMAIN4.pl?idsm11+27+08+13+M,11,27,3,1.0,-9999,37.6,44.0,27.4,22,33,18,910.8,13.7,13.8,13.4,1.94,24:00,https://tools.airfire.org/monitor-qc-report/v2/wrcc?unitID=sm11,-9999,-9999,-9999,-9999,-9999,-9999,-9999,-9999,-9999,-9999,-9999,-9999,-9999,-9999,-9999,-9999,-9999,22.00,27.00,12.00,8.00,7.00,6.00,5.00
08/27/13,Smoke RMK 116 (Smoke #21),44.5044,-114.2225,https://wrcc.dri.edu/cgi-bin/rawMAIN4.pl?idsm21+27+08+13+M,11,27,2,1.4,224,23.0,34.6,12.6,36,63,15,-9999,14.2,14.4,14.0,2.00,24:00,https://tools.airfire.org/monitor-qc-report/v2/wrcc?unitID=sm21,6.00,8.00,18.00,13.00,11.00,13.00,27.00,21.00,13.00,12.00,12.00,10.00,13.00,12.00,12.00,15.00,12.00,9.00,4.00,3.00,4.00,5.00,4.00,3.00
08/27/13,Smoke E-BAM 52,35.889,-78.8747,https://wrcc.dri.edu/cgi-bin/rawMAIN4.pl?idsm52+27+08+13+M,19,60,-5,0.6,203,24.0,28.7,20.6,0,1,0,-10.0,14.1,14.1,14.0,16.67,24:00,https://tools.airfire.org/monitor-qc-report/v4/wrcc?unitID=sm52,9.00,14.00,31.00,60.00,15.00,20.00,23.00,13.00,8.00,7.00,13.00,-5.00,16.00,-5.00,12.00,14.00,19.00,20.00,19.00,22.00,16.00,24.00,18.00,26.00
08/27/13,Smoke #86,46.9273,-114.097,https://wrcc.dri.edu/cgi-bin/rawMAIN4.pl?idsm86+27+08+13+M,14,22,4,1.2,341,22.2,36.0,11.4,45,76,14,902.5,12.9,13.2,12.6,2.00,24:00,https://tools.airfire.org/monitor-qc-report/v4/wrcc?unitID=sm86,10.00,7.00,6.00,7.00,4.00,6.00,7.00,12.00,12.00,15.00,13.00,15.00,17.00,17.00,18.00,19.00,15.00,17.00,17.00,17.00,17.00,15.00,20.00,22.00
08/27/13,Smoke USFS R1-52,46.7534,-114.0903,https://wrcc.dri.edu/cgi-bin/rawMAIN4.pl?ids152+27+08+13+M,43,84,15,1.1,241,20.1,32.4,10.2,50,74,26,902.7,14.1,14.3,13.9,2.00,24:00,https://tools.airfire.org/monitor-qc-report/v4/wrcc?unitID=s152,19.00,16.00,15.00,16.00,25.00,36.00,46.00,57.00,54.00,57.00,63.00,66.00,67.00,66.00,71.00,77.00,84.00,43.00,31.00,29.00,26.00,20.00,15.00,19.00
08/27/13,Smoke USFS R1-53,47.8271,-112.1965,https://wrcc.dri.edu/cgi-bin/rawMAIN4.pl?ids153+27+08+13+M,79,113,8,1.3,33,21.5,35.7,8.8,51,89,13,880.8,12.1,12.2,12.0,2.00,24:00,https://tools.airfire.org/monitor-qc-report/v4/wrcc?unitID=s153,53.00,8.00,9.00,11.00,15.00,14.00,12.00,60.00,103.00,102.00,101.00,102.00,104.00,107.00,108.00,113.00,112.00,112.00,103.00,97.00,100.00,97.00,96.00,98.00
08/27/13,Smoke USFS R1-39,47.4929,-112.3973,https://wrcc.dri.edu/cgi-bin/rawMAIN4.pl?ids139+27+08+13+M,18,25,10,1.4,174,20.6,32.1,7.7,46,82,14,873.6,14.2,14.4,14.0,2.00,24:00,https://tools.airfire.org/monitor-qc-report/v4/wrcc?unitID=s139,14.00,11.00,10.00,11.00,15.00,15.00,17.00,25.00,25.00,24.00,23.00,22.00,22.00,21.00,22.00,23.00,21.00,21.00,16.00,11.00,13.00,12.00,14.00,17.00
