,,Position (Deg.),,,Concentration (µg/m3),,,Wind,,Air Temperature (Deg. C.),,,Humidity (Percent),,,Barometer,Battery Voltage (volts),,,Air Flow (totalizer),,,Concentration by Hour,,,,,,,,,,,,,,,,,,,,,,,
Date,Station,Latitude,Longitude,Station Chart Link,Mean,Max,Min,Ave Vel. (m/s),V. Dir. (Deg),Mean,Max,Min,Mean,Max,Min,Baro. Pressure (mbars),Mean,Max,Min,Mean,Time of latest ob,Airfire QC Report Link,0:00,1:00,2:00,3:00,4:00,5:00,6:00,7:00,8:00,9:00,10:00,11:00,12:00,13:00,14:00,15:00,16:00,17:00,18:00,19:00,20:00,21:00,22:00,23:00
04/10/24,Smoke RMK 100 (Smoke #659),44.0219,-121.2601,https://wrcc.dri.edu/cgi-bin/rawMAIN4.pl?ids659+10+04+24+M,2,6,0,0.9,179,6.1,19.7,-5.0,66,100,24,895.0,14.4,14.4,14.3,2.00,24:00,https://tools.airfire.org/monitor-qc-report/v2/wrcc?unitID=s659,2.00,2.00,1.00,0.00,1.00,1.00,3.00,2.00,3.00,4.00,4.00,6.00,3.00,3.00,3.00,4.00,4.00,2.00,1.00,1.00,2.00,1.00,1.00,1.00
04/10/24,Smoke RMK 102 (Smoke #661),37.3054,-107.4882,https://wrcc.dri.edu/cgi-bin/rawMAIN4.pl?ids661+10+04+24+M,0,0,0,1.0,327,6.4,15.1,-1.3,30,47,19,765.9,14.5,14.5,14.5,0.00,24:00,https://tools.airfire.org/monitor-qc-report/v2/wrcc?unitID=s661,0.00,0.00,0.00,0.00,0.00,0.00,0.00,0.00,0.00,0.00,0.00,0.00,0.00,0.00,0.00,0.00,0.00,0.00,0.00,0.00,0.00,0.00,0.00,0.00
04/10/24,Smoke RMK 104 (Smoke #15),39.7144,-105.124,https://wrcc.dri.edu/cgi-bin/rawMAIN4.pl?idsm15+10+04+24+M,1,2,1,1.9,338,13.5,18.0,9.0,32,45,20,6.2,14.5,14.5,14.4,2.00,24:00,https://tools.airfire.org/monitor-qc-report/v2/wrcc?unitID=sm15,3.00,2.00,1.00,1.00,1.00,1.00,1.00,2.00,2.00,1.00,1.00,1.00,1.00,1.00,1.00,1.00,1.00,1.00,1.00,2.00,2.00,1.00,2.00,2.00
04/10/24,Smoke RMK 111 (Smoke #455),39.7144,-105.124,https://wrcc.dri.edu/cgi-bin/rawMAIN4.pl?ids455+10+04+24+M,2,3,1,2.2,315,14.4,19.6,9.8,29,42,18,6.2,14.4,14.5,14.4,2.00,24:00,https://tools.airfire.org/monitor-qc-report/v2/wrcc?unitID=s455,3.00,3.00,2.00,2.00,1.00,1.00,2.00,2.00,2.00,2.00,2.00,1.00,1.00,1.00,1.00,1.00,1.00,1.00,2.00,1.00,1.00,1.00,1.00,2.00
04/10/24,Smoke RMK 112 (Smoke #11),39.7144,-105.124,https://wrcc.dri.edu/cgi-bin/rawMAIN4.pl?idsm11+10+04+24+M,1,2,1,1.9,318,14.6,19.0,10.2,33,46,22,823.9,14.4,14.4,14.3,2.00,24:00,https://tools.airfire.org/monitor-qc-report/v2/wrcc?unitID=sm11,3.00,2.00,1.00,1.00,1.00,1.00,1.00,1.00,1.00,1.00,1.00,1.00,1.00,1.00,1.00,1.00,1.00,1.00,1.00,1.00,1.00,1.00,1.00,2.00
04/10/24,Smoke RMK 122 (Smoke #69),43.9979,-121.4053,https://wrcc.dri.edu/cgi-bin/rawMAIN4.pl?idsm69+10+04+24+M,1,2,1,1.2,-9999,12.8,19.0,1.7,40,82,19,879.8,14.4,14.5,14.3,2.00,24:00,https://tools.airfire.org/monitor-qc-report/v2/wrcc?unitID=sm69,-9999,-9999,-9999,-9999,-9999,-9999,-9999,-9999,-9999,-9999,-9999,-9999,-9999,-9999,-9999,-9999,1.00,1.00,1.00,1.00,1.00,1.00,2.00,1.00
04/10/24,Smoke RMK 123 (Smoke #209),39.9427,-105.2493,https://wrcc.dri.edu/cgi-bin/rawMAIN4.pl?ids209+10+04+24+M,1,2,1,2.6,-9999,16.0,16.5,15.5,29,33,25,829.0,14.5,14.5,14.4,1.87,24:00,https://tools.airfire.org/monitor-qc-report/v2/wrcc?unitID=s209,-9999,-9999,-9999,-9999,-9999,-9999,-9999,-9999,-9999,-9999,-9999,-9999,-9999,-9999,-9999,-9999,-9999,-9999,-9999,-9999,-9999,-9999,1.00,1.00
04/10/24,Smoke USFS R3-86,35.687,-105.8956,https://wrcc.dri.edu/cgi-bin/rawMAIN4.pl?ids386+10+04+24+M,2,9,-5,0.5,8,-2.6,9.2,-10.5,1,1,0,-9999,13.9,13.9,13.9,16.70,24:00,https://tools.airfire.org/monitor-qc-report/v4/wrcc?unitID=s386,-5.00,2.00,9.00,2.00,5.00,3.00,4.00,3.00,-1.00,5.00,0.00,1.00,1.00,-1.00,-1.00,-5.00,4.00,2.00,4.00,6.00,0.00,1.00,6.00,-1.00
04/10/24,Smoke RMK 401 (EBAM #488),39.7143,-105.124,https://wrcc.dri.edu/cgi-bin/rawMAIN4.pl?ide488+10+04+24+M,1,10,-7,2.0,15,13.8,18.2,9.3,28,41,17,-9999,11.8,11.8,11.8,12.50,24:00,https://tools.airfire.org/monitor-qc-report/v2/wrcc?unitID=e488,4.00,7.00,3.00,1.00,-1.00,2.00,4.00,2.00,-3.00,7.00,-4.00,-3.00,1.00,1.00,-1.00,-7.00,-3.00,1.00,-5.00,-4.00,2.00,-1.00,3.00,10.00
04/10/24,Smoke USFS R1-307,46.5841,-112.0421,https://wrcc.dri.edu/cgi-bin/rawMAIN4.pl?id1307+10+04+24+M,0,0,0,0.7,66,9.7,18.8,4.6,56,79,25,-9999,14.3,14.4,14.1,2.00,24:00,https://tools.airfire.org/monitor-qc-report/v4/wrcc?unitID=1307,0.00,0.00,0.00,0.00,0.00,0.00,0.00,0.00,0.00,0.00,0.00,0.00,0.00,0.00,0.00,0.00,0.00,0.00,0.00,0.00,0.00,0.00,0.00,0.00
04/10/24,Smoke USFS R2-264,40.742,-105.5085,https://wrcc.dri.edu/cgi-bin/rawMAIN4.pl?id2264+10+04+24+M,1,1,0,2.9,-9999,10.7,12.2,9.4,41,50,33,772.3,14.2,14.3,14.1,1.90,24:00,https://tools.airfire.org/monitor-qc-report/v4/wrcc?unitID=2264,-9999,-9999,-9999,-9999,-9999,-9999,-9999,-9999,-9999,-9999,-9999,-9999,-9999,-9999,-9999,-9999,0.00,0.00,0.00,0.00,1.00,1.00,1.00,1.00
04/10/24,Smoke USFS R2-265,39.7144,-105.1239,https://wrcc.dri.edu/cgi-bin/rawMAIN4.pl?id2265+10+04+24+M,2,2,1,1.9,322,14.8,19.3,10.3,28,41,17,6.2,14.5,14.5,14.5,2.00,24:00,https://tools.airfire.org/monitor-qc-report/v4/wrcc?unitID=2265,3.00,2.00,2.00,2.00,2.00,2.00,2.00,2.00,2.00,2.00,1.00,1.00,1.00,1.00,1.00,1.00,1.00,1.00,2.00,2.00,2.00,2.00,2.00,2.00
