,,Position (Deg.),,,Concentration (µg/m3),,,Wind,,Air Temperature (Deg. C.),,,Humidity (Percent),,,Barometer,Battery Voltage (volts),,,Air Flow (totalizer),,,Concentration by Hour,,,,,,,,,,,,,,,,,,,,,,,
Date,Station,Latitude,Longitude,Station Chart Link,Mean,Max,Min,Ave Vel. (m/s),V. Dir. (Deg),Mean,Max,Min,Mean,Max,Min,Baro. Pressure (mbars),Mean,Max,Min,Mean,Time of latest ob,Airfire QC Report Link,0:00,1:00,2:00,3:00,4:00,5:00,6:00,7:00,8:00,9:00,10:00,11:00,12:00,13:00,14:00,15:00,16:00,17:00,18:00,19:00,20:00,21:00,22:00,23:00
01/15/19,Smoke #13,40.1157,-105.3858,https://wrcc.dri.edu/cgi-bin/rawMAIN4.pl?idsm13+15+01+19+M,5,18,0,0.8,332,-0.7,11.0,-8.5,62,81,34,784.2,14.4,14.4,14.4,2.00,24:00,https://tools.airfire.org/monitor-qc-report/v4/wrcc?unitID=sm13,12.00,7.00,8.00,15.00,14.00,3.00,2.00,0.00,0.00,2.00,0.00,13.00,1.00,1.00,1.00,16.00,0.00,0.00,0.00,0.00,17.00,0.00,1.00,2.00
01/15/19,Smoke RMK 108 (Smoke #456),39.7144,-105.124,https://wrcc.dri.edu/cgi-bin/rawMAIN4.pl?ids456+15+01+19+M,2,10,0,1.3,116,1.1,14.0,-5.4,49,64,24,827.9,14.4,14.4,14.3,2.00,24:00,https://tools.airfire.org/monitor-qc-report/v2/wrcc?unitID=s456,0.00,1.00,2.00,2.00,2.00,3.00,4.00,3.00,3.00,2.00,1.00,1.00,0.00,0.00,1.00,2.00,3.00,10.00,4.00,2.00,2.00,0.00,1.00,3.00
01/15/19,Smoke RMK 125 (Smoke #216),39.4065,-105.4825,https://wrcc.dri.edu/cgi-bin/rawMAIN4.pl?ids216+15+01+19+M,0,1,0,0.6,256,-5.6,15.0,-15.8,69,86,27,761.0,14.4,14.4,14.2,2.00,24:00,https://tools.airfire.org/monitor-qc-report/v2/wrcc?unitID=s216,0.00,0.00,0.00,0.00,0.00,0.00,0.00,0.00,0.00,0.00,0.00,0.00,0.00,0.00,0.00,0.00,0.00,0.00,0.00,0.00,0.00,0.00,0.00,0.00
01/15/19,Smoke RMK 131 (USFS R2-924),39.389,-105.2734,https://wrcc.dri.edu/cgi-bin/rawMAIN4.pl?id2924+15+01+19+M,0,2,0,0.4,184,-7.7,16.1,-21.1,68,91,27,798.4,14.4,14.4,14.2,2.00,24:00,https://tools.airfire.org/monitor-qc-report/v2/wrcc?unitID=2924,1.00,0.00,0.00,0.00,0.00,0.00,0.00,0.00,0.00,0.00,0.00,1.00,0.00,1.00,1.00,0.00,2.00,2.00,1.00,1.00,0.00,0.00,0.00,0.00
01/15/19,Smoke USFS R2-69,38.9793,-105.3531,https://wrcc.dri.edu/cgi-bin/rawMAIN4.pl?ids269+15+01+19+M,10,34,0,0.3,1,-10.0,9.7,-21.3,0,1,0,756.6,14.4,14.4,14.4,2.00,24:00,https://tools.airfire.org/monitor-qc-report/v4/wrcc?unitID=s269,0.00,0.00,1.00,5.00,16.00,31.00,33.00,34.00,34.00,20.00,10.00,10.00,8.00,6.00,9.00,7.00,8.00,6.00,1.00,0.00,0.00,0.00,0.00,0.00
01/15/19,Smoke USFS R3-86,35.687,-105.8956,https://wrcc.dri.edu/cgi-bin/rawMAIN4.pl?ids386+15+01+19+M,2,22,-5,0.3,49,3.4,12.5,-3.4,0,-9999,-9999,-9999,14.4,14.4,14.4,16.70,24:00,https://tools.airfire.org/monitor-qc-report/v4/wrcc?unitID=s386,13.00,-5.00,2.00,12.00,22.00,-5.00,-5.00,9.00,4.00,2.00,-5.00,11.00,17.00,-5.00,-5.00,-5.00,6.00,-1.00,-5.00,-4.00,-5.00,-4.00,-5.00,10.00
01/15/19,Smoke RMK 411 (EBAM #794),39.7144,-105.124,https://wrcc.dri.edu/cgi-bin/rawMAIN4.pl?ide794+15+01+19+M,3,14,-4,1.3,176,-0.6,11.9,-6.7,0,-9999,-9999,-9999,14.4,14.4,14.4,16.67,24:00,https://tools.airfire.org/monitor-qc-report/v2/wrcc?unitID=e794,7.00,8.00,3.00,4.00,3.00,6.00,9.00,9.00,-1.00,4.00,3.00,2.00,-1.00,0.00,2.00,9.00,-4.00,14.00,2.00,2.00,1.00,-3.00,6.00,1.00
01/15/19,Smoke RMK 415 (EBAM #925),37.4611,-108.5157,https://wrcc.dri.edu/cgi-bin/rawMAIN4.pl?ide925+15+01+19+M,3,10,-5,1.7,31,-5.0,1.8,-10.3,71,86,58,-9999,14.3,14.3,14.3,16.70,24:00,https://tools.airfire.org/monitor-qc-report/v2/wrcc?unitID=e925,3.00,4.00,8.00,6.00,-1.00,3.00,2.00,5.00,2.00,0.00,7.00,-5.00,5.00,5.00,1.00,1.00,3.00,3.00,5.00,4.00,2.00,10.00,3.00,-1.00
