,,Position (Deg.),,,Concentration (µg/m3),,,Wind,,Air Temperature (Deg. C.),,,Humidity (Percent),,,Barometer,Battery Voltage (volts),,,Air Flow (totalizer),,,Concentration by Hour,,,,,,,,,,,,,,,,,,,,,,,
Date,Station,Latitude,Longitude,Station Chart Link,Mean,Max,Min,Ave Vel. (m/s),V. Dir. (Deg),Mean,Max,Min,Mean,Max,Min,Baro. Pressure (mbars),Mean,Max,Min,Mean,Time of latest ob,Airfire QC Report Link,0:00,1:00,2:00,3:00,4:00,5:00,6:00,7:00,8:00,9:00,10:00,11:00,12:00,13:00,14:00,15:00,16:00,17:00,18:00,19:00,20:00,21:00,22:00,23:00
05/19/21,Smoke RMK 107 (Smoke #67),40.0735,-106.0981,https://wrcc.dri.edu/cgi-bin/rawMAIN4.pl?idsm67+19+05+21+M,1,8,0,1.2,345,11.2,19.1,2.9,66,94,36,761.9,13.7,14.4,12.5,2.00,24:00,https://tools.airfire.org/monitor-qc-report/v2/wrcc?unitID=sm67,1.00,0.00,0.00,0.00,0.00,0.00,0.00,0.00,0.00,0.00,1.00,2.00,0.00,2.00,3.00,6.00,8.00,2.00,1.00,0.00,1.00,0.00,0.00,4.00
05/19/21,Smoke RMK 110 (Smoke #215),39.7144,-105.124,https://wrcc.dri.edu/cgi-bin/rawMAIN4.pl?ids215+19+05+21+M,0,0,0,3.0,-9999,23.2,24.1,22.1,36,39,33,821.0,14.2,14.2,14.2,1.95,24:00,https://tools.airfire.org/monitor-qc-report/v2/wrcc?unitID=s215,-9999,-9999,-9999,-9999,-9999,-9999,-9999,-9999,-9999,-9999,-9999,-9999,-9999,-9999,-9999,-9999,-9999,-9999,-9999,-9999,-9999,0.00,0.00,0.00
05/19/21,Smoke RMK 116 (Smoke #21),39.389,-105.2734,https://wrcc.dri.edu/cgi-bin/rawMAIN4.pl?idsm21+19+05+21+M,1,2,0,0.9,237,11.6,23.4,1.7,66,90,27,-9999,14.3,14.4,14.1,1.89,24:00,https://tools.airfire.org/monitor-qc-report/v2/wrcc?unitID=sm21,0.00,0.00,1.00,1.00,2.00,1.00,1.00,1.00,1.00,1.00,1.00,1.00,1.00,2.00,2.00,1.00,0.00,0.00,0.00,0.00,0.00,0.00,1.00,0.00
05/19/21,Smoke RMK 123 (Smoke #209),40.0771,-105.9295,https://wrcc.dri.edu/cgi-bin/rawMAIN4.pl?ids209+19+05+21+M,1,2,0,1.1,5,10.1,22.7,0.7,61,91,25,757.1,14.4,14.4,14.2,2.00,24:00,https://tools.airfire.org/monitor-qc-report/v2/wrcc?unitID=s209,0.00,0.00,0.00,1.00,1.00,1.00,1.00,0.00,1.00,0.00,1.00,0.00,0.00,1.00,1.00,2.00,2.00,0.00,1.00,1.00,1.00,1.00,1.00,0.00
05/19/21,Smoke RMK 124 (Smoke #210),39.5996,-105.9886,https://wrcc.dri.edu/cgi-bin/rawMAIN4.pl?ids210+19+05+21+M,1,1,0,1.8,93,7.2,15.2,-0.5,64,91,31,722.0,14.4,14.4,14.3,2.00,24:00,https://tools.airfire.org/monitor-qc-report/v2/wrcc?unitID=s210,0.00,0.00,0.00,0.00,0.00,0.00,0.00,0.00,0.00,0.00,0.00,0.00,1.00,1.00,1.00,1.00,1.00,1.00,1.00,1.00,1.00,1.00,1.00,1.00
05/19/21,Smoke RMK 130 (USFS R2-923),39.7144,-105.1239,https://wrcc.dri.edu/cgi-bin/rawMAIN4.pl?id2923+19+05+21+M,1,2,0,0.9,-9999,15.3,26.5,8.8,69,88,35,819.1,14.3,14.4,14.1,2.00,19:00,https://tools.airfire.org/monitor-qc-report/v2/wrcc?unitID=2923,1.00,0.00,0.00,0.00,1.00,0.00,1.00,1.00,1.00,1.00,0.00,1.00,1.00,1.00,1.00,1.00,1.00,1.00,1.00,2.00,-9999,-9999,-9999,-9999
05/19/21,Smoke RMK 131 (USFS R2-924),39.7144,-105.1239,https://wrcc.dri.edu/cgi-bin/rawMAIN4.pl?id2924+19+05+21+M,1,1,0,0.9,-9999,12.6,23.3,7.0,73,91,38,820.4,14.2,14.3,13.6,2.00,18:00,https://tools.airfire.org/monitor-qc-report/v2/wrcc?unitID=2924,1.00,1.00,1.00,0.00,1.00,0.00,1.00,1.00,1.00,0.00,0.00,1.00,1.00,1.00,1.00,1.00,1.00,1.00,1.00,-9999,-9999,-9999,-9999,-9999
05/19/21,Smoke USFS R1-39,46.9269,-114.0961,https://wrcc.dri.edu/cgi-bin/rawMAIN4.pl?ids139+19+05+21+M,2,2,1,1.1,-9999,15.2,16.8,13.6,38,42,33,901.0,14.0,14.2,13.8,1.90,20:00,https://tools.airfire.org/monitor-qc-report/v4/wrcc?unitID=s139,-9999,-9999,-9999,-9999,-9999,-9999,-9999,-9999,-9999,-9999,-9999,-9999,-9999,-9999,-9999,-9999,-9999,-9999,-9999,1.00,2.00,-9999,-9999,-9999
05/19/21,Smoke USFS R2-78,39.7144,-105.1239,https://wrcc.dri.edu/cgi-bin/rawMAIN4.pl?ids278+19+05+21+M,1,1,0,2.3,-9999,22.4,26.0,19.8,39,42,37,820.2,14.1,14.1,14.0,2.00,24:00,https://tools.airfire.org/monitor-qc-report/v4/wrcc?unitID=s278,-9999,-9999,-9999,-9999,-9999,-9999,-9999,-9999,-9999,-9999,-9999,-9999,-9999,-9999,-9999,-9999,-9999,-9999,-9999,-9999,1.00,1.00,1.00,1.00
05/19/21,Smoke USFS R3-28,35.6715,-105.9557,https://wrcc.dri.edu/cgi-bin/rawMAIN4.pl?ids328+19+05+21+M,13,88,-5,1.6,67,10.2,-9999,-9999,0,-9999,-9999,-9999,14.1,14.2,14.0,16.70,24:00,https://tools.airfire.org/monitor-qc-report/v4/wrcc?unitID=s328,-5.00,9.00,6.00,-5.00,5.00,-5.00,-5.00,-4.00,-5.00,6.00,3.00,-5.00,-5.00,3.00,40.00,88.00,86.00,31.00,24.00,15.00,9.00,29.00,-5.00,-5.00
05/19/21,Smoke RMK 412 (EBAM #840),39.7143,-105.1239,https://wrcc.dri.edu/cgi-bin/rawMAIN4.pl?ide840+19+05+21+M,2,9,-1,2.7,-9999,13.6,17.5,6.4,38,46,33,-9999,14.4,14.4,14.3,12.40,24:00,https://tools.airfire.org/monitor-qc-report/v2/wrcc?unitID=e840,-9999,-9999,-9999,-9999,-9999,-9999,-9999,-9999,-9999,-9999,-9999,-9999,-9999,-9999,-9999,-9999,-9999,-9999,-9999,-9999,-9999,-1.00,0.00,9.00
