,,Position (Deg.),,,Concentration (µg/m3),,,Wind,,Air Temperature (Deg. C.),,,Humidity (Percent),,,Barometer,Battery Voltage (volts),,,Air Flow (totalizer),,,Concentration by Hour,,,,,,,,,,,,,,,,,,,,,,,
Date,Station,Latitude,Longitude,Station Chart Link,Mean,Max,Min,Ave Vel. (m/s),V. Dir. (Deg),Mean,Max,Min,Mean,Max,Min,Baro. Pressure (mbars),Mean,Max,Min,Mean,Time of latest ob,Airfire QC Report Link,0:00,1:00,2:00,3:00,4:00,5:00,6:00,7:00,8:00,9:00,10:00,11:00,12:00,13:00,14:00,15:00,16:00,17:00,18:00,19:00,20:00,21:00,22:00,23:00
02/03/17,Smoke RMK 105 (Smoke #17),39.378,-105.0936,https://wrcc.dri.edu/cgi-bin/rawMAIN4.pl?idsm17+03+02+17+M,8,18,0,0.7,268,-2.4,8.2,-8.3,75,86,44,767.7,14.4,14.4,14.4,2.00,24:00,https://tools.airfire.org/monitor-qc-report/v2/wrcc?unitID=sm17,7.00,6.00,6.00,4.00,0.00,1.00,0.00,1.00,8.00,9.00,6.00,7.00,6.00,9.00,13.00,13.00,14.00,12.00,7.00,8.00,7.00,11.00,17.00,9.00
02/03/17,Smoke RMK 117 (Smoke #22),39.389,-105.2734,https://wrcc.dri.edu/cgi-bin/rawMAIN4.pl?idsm22+03+02+17+M,8,17,0,1.1,137,0.2,15.5,-5.4,63,84,18,795.1,14.4,14.4,14.2,2.00,24:00,https://tools.airfire.org/monitor-qc-report/v2/wrcc?unitID=sm22,1.00,2.00,3.00,4.00,5.00,2.00,0.00,7.00,17.00,7.00,11.00,8.00,10.00,12.00,11.00,12.00,14.00,14.00,15.00,15.00,11.00,5.00,2.00,0.00
02/03/17,Smoke RMK 121 (Smoke #68),37.0557,-88.12,https://wrcc.dri.edu/cgi-bin/rawMAIN4.pl?idsm68+03+02+17+M,2,3,0,1.6,343,-1.5,2.8,-4.6,53,72,37,1010.0,14.4,14.4,14.4,2.00,24:00,https://tools.airfire.org/monitor-qc-report/v2/wrcc?unitID=sm68,2.00,1.00,1.00,1.00,1.00,2.00,3.00,3.00,3.00,2.00,2.00,2.00,3.00,2.00,3.00,3.00,3.00,2.00,2.00,3.00,1.00,0.00,0.00,1.00
02/03/17,Smoke USFS R9-60,35.7234,-82.089,https://wrcc.dri.edu/cgi-bin/rawMAIN4.pl?ids960+03+02+17+M,3,7,1,0.3,-9999,8.0,10.6,4.8,1,1,0,971.0,14.3,14.4,14.3,2.00,24:00,https://tools.airfire.org/monitor-qc-report/v4/wrcc?unitID=s960,2.00,2.00,3.00,3.00,2.00,2.00,1.00,1.00,1.00,1.00,1.00,1.00,1.00,2.00,2.00,3.00,3.00,6.00,7.00,7.00,-9999,5.00,-9999,-9999
02/03/17,Smoke USFS R2-69,38.9792,-105.3531,https://wrcc.dri.edu/cgi-bin/rawMAIN4.pl?ids269+03+02+17+M,3,4,0,0.3,1,1.0,12.0,-7.6,0,1,0,754.2,14.4,14.4,14.3,1.77,24:00,https://tools.airfire.org/monitor-qc-report/v4/wrcc?unitID=s269,1.00,2.00,2.00,3.00,2.00,3.00,4.00,4.00,4.00,4.00,4.00,4.00,4.00,4.00,4.00,4.00,4.00,2.00,1.00,1.00,1.00,0.00,0.00,0.00
02/03/17,Smoke USFS R8-35,35.6899,-82.0736,https://wrcc.dri.edu/cgi-bin/rawMAIN4.pl?ids835+03+02+17+M,5,18,1,0.3,1,8.0,11.0,6.1,0,-9999,-9999,-9999,14.4,14.4,14.3,2.00,24:00,https://tools.airfire.org/monitor-qc-report/v4/wrcc?unitID=s835,2.00,5.00,3.00,11.00,18.00,5.00,5.00,5.00,2.00,2.00,3.00,4.00,3.00,2.00,3.00,3.00,4.00,3.00,5.00,5.00,6.00,8.00,9.00,8.00
02/03/17,Smoke USFS R8-56,35.7683,-82.0419,https://wrcc.dri.edu/cgi-bin/rawMAIN4.pl?ids856+03+02+17+M,2,5,0,0.3,2,7.5,11.2,3.9,0,1,0,-9999,14.4,14.4,14.4,2.00,24:00,https://tools.airfire.org/monitor-qc-report/v4/wrcc?unitID=s856,2.00,2.00,1.00,2.00,2.00,2.00,1.00,1.00,0.00,0.00,0.00,1.00,1.00,2.00,2.00,3.00,3.00,4.00,4.00,4.00,5.00,1.00,1.00,2.00
02/03/17,Smoke USFS R2-265,40.7421,-105.5083,https://wrcc.dri.edu/cgi-bin/rawMAIN4.pl?id2265+03+02+17+M,3438,10000,0,1.8,-9999,-2.2,12.9,-9.3,84,92,37,711.5,14.4,14.4,14.3,7.67,22:00,https://tools.airfire.org/monitor-qc-report/v4/wrcc?unitID=2265,-9999,-9999,0.00,-9999,3000.00,0.00,0.00,0.00,0.00,0.00,-9999,6000.00,7000.00,7000.00,2000.00,10000.00,9000.00,-9999,-9999,8000.00,-9999,-9999,1000.00,2000.00
