,,Position (Deg.),,,Concentration (µg/m3),,,Wind,,Air Temperature (Deg. C.),,,Humidity (Percent),,,Barometer,Battery Voltage (volts),,,Air Flow (totalizer),,,Concentration by Hour,,,,,,,,,,,,,,,,,,,,,,,
Date,Station,Latitude,Longitude,Station Chart Link,Mean,Max,Min,Ave Vel. (m/s),V. Dir. (Deg),Mean,Max,Min,Mean,Max,Min,Baro. Pressure (mbars),Mean,Max,Min,Mean,Time of latest ob,Airfire QC Report Link,0:00,1:00,2:00,3:00,4:00,5:00,6:00,7:00,8:00,9:00,10:00,11:00,12:00,13:00,14:00,15:00,16:00,17:00,18:00,19:00,20:00,21:00,22:00,23:00
10/17/16,Smoke RMK 107 (Smoke #67),39.0003,-105.0667,https://wrcc.dri.edu/cgi-bin/rawMAIN4.pl?idsm67+17+10+16+M,0,1,0,3.2,1,14.8,20.2,9.5,1,-9999,-9999,736.7,14.2,14.3,14.1,2.00,24:00,https://tools.airfire.org/monitor-qc-report/v2/wrcc?unitID=sm67,0.00,0.00,1.00,0.00,0.00,0.00,0.00,0.00,0.00,0.00,0.00,0.00,0.00,0.00,0.00,0.00,0.00,1.00,1.00,1.00,1.00,0.00,0.00,0.00
10/17/16,Smoke RMK 112 (Smoke #11),39.1441,-105.1636,https://wrcc.dri.edu/cgi-bin/rawMAIN4.pl?idsm11+17+10+16+M,1,4,0,2.0,219,14.2,24.2,2.3,22,41,12,760.5,14.1,14.4,14.0,2.00,24:00,https://tools.airfire.org/monitor-qc-report/v2/wrcc?unitID=sm11,1.00,1.00,0.00,1.00,2.00,3.00,3.00,4.00,4.00,2.00,1.00,1.00,0.00,1.00,1.00,0.00,0.00,0.00,3.00,2.00,3.00,0.00,0.00,1.00
10/17/16,Smoke RMK 114 (Smoke #19),39.4854,-105.0939,https://wrcc.dri.edu/cgi-bin/rawMAIN4.pl?idsm19+17+10+16+M,1,5,0,1.4,238,13.5,29.0,2.1,41,73,7,-9999,14.2,14.4,14.0,2.00,24:00,https://tools.airfire.org/monitor-qc-report/v2/wrcc?unitID=sm19,0.00,0.00,0.00,0.00,0.00,0.00,0.00,0.00,0.00,0.00,0.00,0.00,0.00,0.00,0.00,0.00,0.00,0.00,5.00,1.00,2.00,2.00,3.00,2.00
10/17/16,Smoke RMK 117 (Smoke #22),37.4611,-108.5158,https://wrcc.dri.edu/cgi-bin/rawMAIN4.pl?idsm22+17+10+16+M,1,2,0,2.3,340,14.9,23.0,8.4,32,42,19,781.5,14.2,14.4,14.0,2.00,24:00,https://tools.airfire.org/monitor-qc-report/v2/wrcc?unitID=sm22,0.00,1.00,0.00,1.00,1.00,1.00,1.00,1.00,1.00,2.00,1.00,1.00,1.00,1.00,1.00,1.00,1.00,0.00,0.00,0.00,0.00,0.00,0.00,1.00
10/17/16,Smoke RMK 118 (Smoke #23),40.872,-109.5397,https://wrcc.dri.edu/cgi-bin/rawMAIN4.pl?idsm23+17+10+16+M,0,3,0,1.2,337,4.2,8.6,-0.9,70,94,32,755.7,14.3,14.4,14.2,2.00,24:00,https://tools.airfire.org/monitor-qc-report/v2/wrcc?unitID=sm23,0.00,0.00,0.00,0.00,0.00,0.00,3.00,0.00,0.00,0.00,0.00,0.00,0.00,0.00,0.00,0.00,0.00,0.00,0.00,0.00,0.00,0.00,0.00,0.00
10/17/16,Smoke RMK 121 (Smoke #68),39.7143,-105.1239,https://wrcc.dri.edu/cgi-bin/rawMAIN4.pl?idsm68+17+10+16+M,4,6,1,1.4,50,14.6,25.0,7.0,42,62,16,815.6,14.3,14.4,14.2,2.00,24:00,https://tools.airfire.org/monitor-qc-report/v2/wrcc?unitID=sm68,0.00,1.00,3.00,4.00,5.00,6.00,6.00,6.00,5.00,5.00,5.00,5.00,5.00,5.00,5.00,5.00,3.00,3.00,3.00,2.00,2.00,4.00,4.00,3.00
10/17/16,FWS Smoke #1,48.3441,-117.2723,https://wrcc.dri.edu/cgi-bin/rawMAIN4.pl?idsmf1+17+10+16+M,1,11,0,1.5,91,2.4,4.8,1.1,0,-9999,-9999,924.9,14.4,14.4,14.4,2.00,24:00,https://tools.airfire.org/monitor-qc-report/v4/wrcc?unitID=smf1,3.00,1.00,0.00,0.00,1.00,0.00,0.00,0.00,1.00,4.00,8.00,11.00,1.00,1.00,0.00,0.00,0.00,0.00,0.00,0.00,0.00,0.00,1.00,1.00
10/17/16,Smoke USFS R1-52,48.8978,-115.0584,https://wrcc.dri.edu/cgi-bin/rawMAIN4.pl?ids152+17+10+16+M,4,10,0,0.8,125,8.3,11.9,6.0,85,96,66,907.5,14.3,14.4,14.2,2.00,24:00,https://tools.airfire.org/monitor-qc-report/v4/wrcc?unitID=s152,0.00,0.00,3.00,3.00,4.00,5.00,5.00,10.00,7.00,6.00,6.00,5.00,4.00,4.00,5.00,5.00,4.00,4.00,3.00,2.00,2.00,2.00,1.00,1.00
10/17/16,Smoke USFS R2-65,39.7143,-105.1239,https://wrcc.dri.edu/cgi-bin/rawMAIN4.pl?ids265+17+10+16+M,6,6,5,1.6,-9999,22.0,23.0,21.0,28,30,27,816.3,14.0,14.0,14.0,2.00,24:00,https://tools.airfire.org/monitor-qc-report/v4/wrcc?unitID=s265,-9999,-9999,-9999,-9999,-9999,-9999,-9999,-9999,-9999,-9999,-9999,-9999,-9999,-9999,-9999,-9999,-9999,-9999,-9999,-9999,-9999,-9999,-9999,5.00
10/17/16,Smoke USFS R2-69,38.9792,-105.3531,https://wrcc.dri.edu/cgi-bin/rawMAIN4.pl?ids269+17+10+16+M,2,7,0,0.3,1,15.1,24.5,5.6,1,1,0,747.9,14.3,14.4,14.1,2.00,24:00,https://tools.airfire.org/monitor-qc-report/v4/wrcc?unitID=s269,0.00,0.00,0.00,6.00,3.00,3.00,2.00,1.00,1.00,1.00,1.00,1.00,2.00,3.00,1.00,1.00,2.00,7.00,2.00,1.00,0.00,0.00,0.00,0.00
10/17/16,Smoke USFS R3-28,35.6715,-105.9557,https://wrcc.dri.edu/cgi-bin/rawMAIN4.pl?ids328+17+10+16+M,2,15,-3,2.0,-9999,15.9,23.0,9.2,0,-9999,-9999,-9999,14.4,14.4,14.3,16.70,24:00,https://tools.airfire.org/monitor-qc-report/v4/wrcc?unitID=s328,-3.00,-1.00,-3.00,2.00,1.00,0.00,2.00,-1.00,-1.00,1.00,-3.00,2.00,3.00,5.00,-9999,2.00,15.00,12.00,3.00,1.00,-1.00,1.00,0.00,-2.00
10/17/16,Smoke NPS Yosemite 01,37.5071,-119.6323,https://wrcc.dri.edu/cgi-bin/rawMAIN4.pl?idsmy1+17+10+16+M,2,9,-5,0.6,-9999,6.3,10.7,3.7,88,98,60,-9999,14.4,14.4,14.4,16.68,24:00,https://tools.airfire.org/monitor-qc-report/v4/wrcc?unitID=smy1,6.00,3.00,7.00,0.00,3.00,-9999,-4.00,1.00,-1.00,-5.00,5.00,-2.00,-1.00,3.00,1.00,4.00,0.00,3.00,9.00,6.00,0.00,-1.00,4.00,5.00
10/17/16,Smoke USFS R2-265,40.7421,-105.5082,https://wrcc.dri.edu/cgi-bin/rawMAIN4.pl?id2265+17+10+16+M,42,1000,0,2.6,-9999,9.9,18.4,1.8,52,78,25,728.1,14.3,14.4,14.2,2.00,24:00,https://tools.airfire.org/monitor-qc-report/v4/wrcc?unitID=2265,0.00,0.00,0.00,0.00,0.00,0.00,0.00,0.00,0.00,0.00,0.00,1000.00,0.00,0.00,0.00,0.00,0.00,0.00,0.00,0.00,0.00,0.00,0.00,0.00
