,,Position (Deg.),,,Concentration (µg/m3),,,Wind,,Air Temperature (Deg. C.),,,Humidity (Percent),,,Barometer,Battery Voltage (volts),,,Air Flow (totalizer),,,Concentration by Hour,,,,,,,,,,,,,,,,,,,,,,,
Date,Station,Latitude,Longitude,Station Chart Link,Mean,Max,Min,Ave Vel. (m/s),V. Dir. (Deg),Mean,Max,Min,Mean,Max,Min,Baro. Pressure (mbars),Mean,Max,Min,Mean,Time of latest ob,Airfire QC Report Link,0:00,1:00,2:00,3:00,4:00,5:00,6:00,7:00,8:00,9:00,10:00,11:00,12:00,13:00,14:00,15:00,16:00,17:00,18:00,19:00,20:00,21:00,22:00,23:00
09/04/13,Smoke #13,43.8051,-115.1305,https://wrcc.dri.edu/cgi-bin/rawMAIN4.pl?idsm13+04+09+13+M,12,32,2,0.3,2,19.4,30.5,12.1,71,96,32,839.3,14.1,14.2,13.9,2.00,24:00,https://tools.airfire.org/monitor-qc-report/v4/wrcc?unitID=sm13,9.00,6.00,10.00,26.00,19.00,14.00,7.00,8.00,8.00,7.00,8.00,11.00,15.00,17.00,22.00,23.00,32.00,17.00,9.00,5.00,6.00,3.00,4.00,5.00
09/04/13,Smoke RMK 104 (Smoke #15),43.565,-116.2088,https://wrcc.dri.edu/cgi-bin/rawMAIN4.pl?idsm15+04+09+13+M,0,2,0,2.0,-9999,36.0,39.9,29.7,27,38,21,913.8,13.8,13.9,13.6,1.88,24:00,https://tools.airfire.org/monitor-qc-report/v2/wrcc?unitID=sm15,-9999,-9999,-9999,-9999,-9999,-9999,-9999,-9999,-9999,-9999,-9999,-9999,-9999,-9999,-9999,-9999,-9999,-9999,-9999,-9999,2.00,0.00,0.00,0.00
09/04/13,Smoke RMK 107 (Smoke #67),43.565,-116.2087,https://wrcc.dri.edu/cgi-bin/rawMAIN4.pl?idsm67+04+09+13+M,5,20,1,2.3,-9999,34.9,40.6,26.5,32,56,20,915.0,13.8,13.9,13.3,1.91,24:00,https://tools.airfire.org/monitor-qc-report/v2/wrcc?unitID=sm67,-9999,-9999,-9999,-9999,-9999,-9999,-9999,-9999,-9999,-9999,-9999,-9999,-9999,-9999,-9999,-9999,-9999,20.00,6.00,3.00,2.00,1.00,1.00,2.00
09/04/13,Smoke RMK 115 (Smoke #20),43.5651,-116.2087,https://wrcc.dri.edu/cgi-bin/rawMAIN4.pl?idsm20+04+09+13+M,6,13,0,1.6,106,27.4,39.5,20.0,56,88,20,-9999,13.9,14.0,13.8,2.00,24:00,https://tools.airfire.org/monitor-qc-report/v2/wrcc?unitID=sm20,7.00,3.00,3.00,4.00,6.00,7.00,8.00,7.00,7.00,7.00,9.00,10.00,10.00,11.00,11.00,13.00,11.00,10.00,5.00,2.00,1.00,0.00,0.00,0.00
09/04/13,Smoke RMK 116 (Smoke #21),44.5044,-114.2224,https://wrcc.dri.edu/cgi-bin/rawMAIN4.pl?idsm21+04+09+13+M,4,7,1,0.7,338,20.4,33.0,14.7,73,92,34,-9999,14.2,14.3,14.0,2.00,24:00,https://tools.airfire.org/monitor-qc-report/v2/wrcc?unitID=sm21,2.00,2.00,2.00,3.00,5.00,3.00,3.00,3.00,4.00,4.00,4.00,4.00,4.00,5.00,5.00,5.00,6.00,6.00,7.00,6.00,4.00,3.00,2.00,1.00
09/04/13,Smoke E-BAM 52,35.889,-78.8747,https://wrcc.dri.edu/cgi-bin/rawMAIN4.pl?idsm52+04+09+13+M,21,80,-5,0.8,253,24.9,28.0,22.3,0,-9999,-9999,-10.0,14.1,14.1,14.0,16.67,24:00,https://tools.airfire.org/monitor-qc-report/v4/wrcc?unitID=sm52,21.00,80.00,50.00,24.00,28.00,36.00,34.00,7.00,25.00,16.00,5.00,33.00,4.00,-5.00,-5.00,14.00,13.00,18.00,9.00,19.00,14.00,19.00,18.00,14.00
09/04/13,Smoke USFS R1-52,46.7533,-114.0904,https://wrcc.dri.edu/cgi-bin/rawMAIN4.pl?ids152+04+09+13+M,15,22,2,0.9,228,22.0,36.2,13.6,62,85,25,906.3,14.1,14.2,13.9,2.00,24:00,https://tools.airfire.org/monitor-qc-report/v4/wrcc?unitID=s152,17.00,18.00,17.00,16.00,18.00,18.00,17.00,17.00,18.00,19.00,20.00,20.00,20.00,20.00,20.00,21.00,22.00,21.00,14.00,8.00,3.00,3.00,2.00,3.00
09/04/13,Smoke USFS R1-39,47.4929,-112.3972,https://wrcc.dri.edu/cgi-bin/rawMAIN4.pl?ids139+04+09+13+M,10,14,3,1.1,162,23.0,33.2,15.0,49,75,27,877.5,14.1,14.3,14.0,2.00,24:00,https://tools.airfire.org/monitor-qc-report/v4/wrcc?unitID=s139,11.00,12.00,10.00,10.00,9.00,9.00,9.00,12.00,12.00,12.00,13.00,14.00,13.00,12.00,12.00,12.00,14.00,13.00,9.00,6.00,5.00,4.00,4.00,4.00
