,,Position (Deg.),,,Concentration (µg/m3),,,Wind,,Air Temperature (Deg. C.),,,Humidity (Percent),,,Barometer,Battery Voltage (volts),,,Air Flow (totalizer),,,Concentration by Hour,,,,,,,,,,,,,,,,,,,,,,,
Date,Station,Latitude,Longitude,Station Chart Link,Mean,Max,Min,Ave Vel. (m/s),V. Dir. (Deg),Mean,Max,Min,Mean,Max,Min,Baro. Pressure (mbars),Mean,Max,Min,Mean,Time of latest ob,Airfire QC Report Link,0:00,1:00,2:00,3:00,4:00,5:00,6:00,7:00,8:00,9:00,10:00,11:00,12:00,13:00,14:00,15:00,16:00,17:00,18:00,19:00,20:00,21:00,22:00,23:00
09/21/23,Smoke RMK 105 (Smoke #17),37.0242,-107.4148,https://wrcc.dri.edu/cgi-bin/rawMAIN4.pl?idsm17+21+09+23+M,10,51,1,1.9,316,17.3,25.7,10.2,44,74,17,814.0,14.5,14.5,14.4,2.00,24:00,https://tools.airfire.org/monitor-qc-report/v2/wrcc?unitID=sm17,1.00,1.00,14.00,10.00,6.00,2.00,2.00,7.00,9.00,5.00,12.00,32.00,51.00,21.00,28.00,20.00,15.00,4.00,1.00,1.00,1.00,1.00,1.00,1.00
09/21/23,Smoke RMK 107 (Smoke #67),44.1788,-122.1189,https://wrcc.dri.edu/cgi-bin/rawMAIN4.pl?idsm67+21+09+23+M,18,50,2,0.6,95,12.6,20.8,6.8,78,95,44,964.7,14.4,14.5,14.4,2.00,24:00,https://tools.airfire.org/monitor-qc-report/v2/wrcc?unitID=sm67,11.00,13.00,3.00,2.00,3.00,6.00,9.00,11.00,13.00,16.00,16.00,16.00,18.00,22.00,20.00,28.00,22.00,30.00,50.00,42.00,37.00,24.00,22.00,5.00
09/21/23,Smoke RMK 108 (Smoke #456),39.7144,-105.124,https://wrcc.dri.edu/cgi-bin/rawMAIN4.pl?ids456+21+09+23+M,1,2,1,0.8,21,20.5,27.5,13.9,38,56,22,820.3,14.5,14.5,14.5,2.00,24:00,https://tools.airfire.org/monitor-qc-report/v2/wrcc?unitID=s456,1.00,1.00,1.00,1.00,1.00,1.00,2.00,1.00,1.00,1.00,1.00,1.00,2.00,2.00,2.00,2.00,1.00,1.00,1.00,2.00,2.00,1.00,1.00,1.00
09/21/23,Smoke RMK 110 (Smoke #215),37.3054,-107.4887,https://wrcc.dri.edu/cgi-bin/rawMAIN4.pl?ids215+21+09+23+M,0,0,0,1.2,30,12.8,20.9,6.5,58,87,24,770.8,14.6,14.6,14.6,0.00,24:00,https://tools.airfire.org/monitor-qc-report/v2/wrcc?unitID=s215,0.00,0.00,0.00,0.00,0.00,0.00,0.00,0.00,0.00,0.00,0.00,0.00,0.00,0.00,0.00,0.00,0.00,0.00,0.00,0.00,0.00,0.00,0.00,0.00
09/21/23,Smoke RMK 111 (Smoke #455),38.7173,-108.0539,https://wrcc.dri.edu/cgi-bin/rawMAIN4.pl?ids455+21+09+23+M,1,2,1,1.2,-9999,18.9,29.1,12.9,36,61,15,840.2,14.5,14.5,14.5,2.00,20:00,https://tools.airfire.org/monitor-qc-report/v2/wrcc?unitID=s455,1.00,1.00,1.00,1.00,1.00,1.00,1.00,1.00,1.00,1.00,1.00,1.00,1.00,1.00,2.00,2.00,2.00,2.00,2.00,2.00,2.00,-9999,-9999,-9999
09/21/23,Smoke RMK 113 (Smoke #16),39.7143,-105.124,https://wrcc.dri.edu/cgi-bin/rawMAIN4.pl?idsm16+21+09+23+M,2,3,1,1.0,-9999,27.2,28.0,25.8,20,21,19,819.0,14.1,14.1,14.1,1.90,24:00,https://tools.airfire.org/monitor-qc-report/v2/wrcc?unitID=sm16,-9999,-9999,-9999,-9999,-9999,-9999,-9999,-9999,-9999,-9999,-9999,-9999,-9999,-9999,-9999,-9999,-9999,-9999,-9999,-9999,-9999,-9999,1.00,2.00
09/21/23,Smoke RMK 122 (Smoke #69),40.7514,-105.4347,https://wrcc.dri.edu/cgi-bin/rawMAIN4.pl?idsm69+21+09+23+M,1,3,0,1.2,214,19.9,27.8,12.3,57,86,25,774.9,14.2,14.4,14.1,1.99,24:00,https://tools.airfire.org/monitor-qc-report/v2/wrcc?unitID=sm69,1.00,1.00,1.00,1.00,0.00,1.00,1.00,3.00,2.00,2.00,2.00,3.00,3.00,2.00,2.00,1.00,0.00,0.00,1.00,1.00,1.00,1.00,1.00,1.00
09/21/23,Smoke RMK 126 (Smoke #217),39.7144,-105.1239,https://wrcc.dri.edu/cgi-bin/rawMAIN4.pl?ids217+21+09+23+M,2,3,0,0.8,333,19.7,30.6,11.7,36,57,19,822.4,14.2,14.4,14.1,2.00,24:00,https://tools.airfire.org/monitor-qc-report/v2/wrcc?unitID=s217,0.00,1.00,2.00,3.00,3.00,3.00,3.00,3.00,3.00,2.00,3.00,3.00,3.00,3.00,3.00,3.00,2.00,1.00,0.00,0.00,0.00,0.00,0.00,0.00
09/21/23,Smoke RMK 129 (USFS R2-922),39.7144,-105.1239,https://wrcc.dri.edu/cgi-bin/rawMAIN4.pl?id2922+21+09+23+M,0,0,0,1.1,-9999,31.4,34.0,26.9,23,27,20,820.0,14.1,14.2,14.0,1.93,24:00,https://tools.airfire.org/monitor-qc-report/v2/wrcc?unitID=2922,-9999,-9999,-9999,-9999,-9999,-9999,-9999,-9999,-9999,-9999,-9999,-9999,-9999,-9999,-9999,-9999,-9999,-9999,0.00,0.00,0.00,0.00,0.00,0.00
09/21/23,Smoke USFS R3-86,35.687,-105.8956,https://wrcc.dri.edu/cgi-bin/rawMAIN4.pl?ids386+21+09+23+M,2,11,-5,0.5,306,16.0,24.9,8.7,1,-9999,-9999,-9999,14.3,14.3,14.2,16.70,24:00,https://tools.airfire.org/monitor-qc-report/v4/wrcc?unitID=s386,-1.00,0.00,-2.00,2.00,2.00,1.00,-1.00,3.00,1.00,2.00,0.00,0.00,1.00,4.00,-1.00,1.00,-5.00,5.00,11.00,6.00,-1.00,1.00,3.00,8.00
09/21/23,Smoke RMK 408 (EBAM #418),37.4715,-108.5163,https://wrcc.dri.edu/cgi-bin/rawMAIN4.pl?ide418+21+09+23+M,1,6,-4,1.6,67,18.2,25.7,10.7,32,60,7,-9999,14.3,14.4,14.3,16.70,24:00,https://tools.airfire.org/monitor-qc-report/v2/wrcc?unitID=e418,2.00,-4.00,-1.00,1.00,0.00,2.00,3.00,1.00,0.00,6.00,-3.00,6.00,1.00,4.00,4.00,1.00,-3.00,5.00,6.00,0.00,1.00,4.00,1.00,-1.00
09/21/23,Smoke RMK 400 (EBAM #487),38.5136,-106.0601,https://wrcc.dri.edu/cgi-bin/rawMAIN4.pl?ide487+21+09+23+M,1,19,-22,1.0,166,15.1,25.5,8.2,55,78,25,-9999,11.6,11.6,11.6,12.50,24:00,https://tools.airfire.org/monitor-qc-report/v2/wrcc?unitID=e487,6.00,19.00,10.00,-7.00,10.00,-6.00,-2.00,5.00,2.00,6.00,8.00,-9.00,-1.00,15.00,1.00,-12.00,-22.00,2.00,-3.00,-5.00,-4.00,0.00,9.00,1.00
09/21/23,Smoke RMK 401 (EBAM #488),38.5403,-105.9984,https://wrcc.dri.edu/cgi-bin/rawMAIN4.pl?ide488+21+09+23+M,1,41,-38,0.9,136,13.6,24.3,5.9,56,89,20,-9999,11.8,11.8,11.7,12.50,24:00,https://tools.airfire.org/monitor-qc-report/v2/wrcc?unitID=e488,11.00,8.00,11.00,15.00,11.00,-2.00,10.00,7.00,1.00,-10.00,3.00,15.00,41.00,-38.00,-17.00,-13.00,-19.00,-6.00,4.00,1.00,0.00,6.00,-6.00,0.00
09/21/23,Smoke RMK 402 (EBAM #493),40.6232,-111.2282,https://wrcc.dri.edu/cgi-bin/rawMAIN4.pl?ide493+21+09+23+M,2,15,-9,1.3,135,12.7,22.4,6.1,51,71,23,-9999,11.8,11.8,11.7,12.50,24:00,https://tools.airfire.org/monitor-qc-report/v2/wrcc?unitID=e493,1.00,-1.00,3.00,11.00,-6.00,3.00,-1.00,7.00,4.00,-4.00,1.00,5.00,7.00,-3.00,-8.00,2.00,-9.00,-2.00,-7.00,2.00,4.00,7.00,15.00,-6.00
09/21/23,Smoke RMK 404 (EBAM #513),39.7144,-105.124,https://wrcc.dri.edu/cgi-bin/rawMAIN4.pl?ide513+21+09+23+M,3,15,-4,1.1,-9999,17.5,25.1,13.3,43,55,25,-9999,11.7,11.7,11.7,12.49,15:00,https://tools.airfire.org/monitor-qc-report/v2/wrcc?unitID=e513,2.00,5.00,6.00,-3.00,6.00,-1.00,6.00,15.00,7.00,1.00,-4.00,-1.00,2.00,0.00,3.00,0.00,-9999,-9999,-9999,-9999,-9999,-9999,-9999,-9999
09/21/23,Smoke RMK 409 (EBAM #592),39.0194,-104.9843,https://wrcc.dri.edu/cgi-bin/rawMAIN4.pl?ide592+21+09+23+M,7,29,-5,1.0,-9999,17.1,19.6,14.1,25,32,19,-9999,14.4,14.4,14.4,14.34,24:00,https://tools.airfire.org/monitor-qc-report/v2/wrcc?unitID=e592,-9999,-9999,-9999,-9999,-9999,-9999,-9999,-9999,-9999,-9999,-9999,-9999,-9999,-9999,-9999,-9999,-9999,-9999,0.00,12.00,2.00,-5.00,29.00,14.00
09/21/23,Smoke RMK 411 (EBAM #794),37.6517,-108.2946,https://wrcc.dri.edu/cgi-bin/rawMAIN4.pl?ide794+21+09+23+M,1,9,-5,1.0,67,11.6,21.4,4.5,55,84,11,-9999,14.3,14.4,14.3,16.70,24:00,https://tools.airfire.org/monitor-qc-report/v2/wrcc?unitID=e794,3.00,4.00,-2.00,6.00,-2.00,4.00,2.00,-5.00,8.00,-4.00,-2.00,5.00,5.00,-5.00,0.00,1.00,9.00,-5.00,5.00,5.00,2.00,1.00,1.00,0.00
09/21/23,Smoke RMK 414 (EBAM #882),37.3502,-108.2908,https://wrcc.dri.edu/cgi-bin/rawMAIN4.pl?ide882+21+09+23+M,2,11,-5,0.6,140,13.8,20.2,7.5,28,51,3,-9999,13.7,13.7,13.7,16.70,24:00,https://tools.airfire.org/monitor-qc-report/v2/wrcc?unitID=e882,2.00,-3.00,3.00,-4.00,3.00,-1.00,7.00,-2.00,0.00,7.00,-1.00,9.00,-5.00,11.00,-5.00,6.00,7.00,-1.00,1.00,-2.00,5.00,3.00,2.00,-2.00
09/21/23,Smoke RMK 405 (EBAM #947),39.0183,-105.0436,https://wrcc.dri.edu/cgi-bin/rawMAIN4.pl?ide947+21+09+23+M,0,11,-9,1.2,107,13.2,20.9,5.5,50,73,29,-9999,11.8,11.8,11.7,12.50,24:00,https://tools.airfire.org/monitor-qc-report/v2/wrcc?unitID=e947,4.00,-6.00,0.00,7.00,-1.00,1.00,-2.00,-9.00,-1.00,-4.00,-5.00,-2.00,-3.00,6.00,0.00,5.00,-3.00,11.00,4.00,-2.00,0.00,-1.00,2.00,7.00
09/21/23,Smoke RMK 406 (EBAM #949),39.7144,-105.1239,https://wrcc.dri.edu/cgi-bin/rawMAIN4.pl?ide949+21+09+23+M,1,14,-10,1.1,-9999,19.2,25.0,15.6,44,55,30,-9999,11.8,11.8,11.8,12.49,15:00,https://tools.airfire.org/monitor-qc-report/v2/wrcc?unitID=e949,2.00,14.00,2.00,-3.00,1.00,5.00,4.00,3.00,-2.00,3.00,1.00,-3.00,2.00,3.00,-4.00,-10.00,-9999,-9999,-9999,-9999,-9999,-9999,-9999,-9999
09/21/23,Smoke USFS R1-307,46.5842,-112.0419,https://wrcc.dri.edu/cgi-bin/rawMAIN4.pl?id1307+21+09+23+M,2,6,0,1.0,144,10.1,17.1,6.4,69,89,35,-9999,14.3,14.3,14.1,2.00,24:00,https://tools.airfire.org/monitor-qc-report/v4/wrcc?unitID=1307,4.00,5.00,5.00,6.00,5.00,4.00,3.00,2.00,2.00,1.00,1.00,1.00,0.00,0.00,0.00,0.00,0.00,0.00,0.00,0.00,1.00,1.00,1.00,0.00
09/21/23,Lolo NF Smoke #1,47.1954,-114.8943,https://wrcc.dri.edu/cgi-bin/rawMAIN4.pl?idsml1+21+09+23+M,6,21,1,0.7,117,13.8,19.4,10.8,76,94,32,923.7,14.2,14.3,14.2,2.00,24:00,https://tools.airfire.org/monitor-qc-report/v4/wrcc?unitID=sml1,5.00,5.00,4.00,5.00,5.00,5.00,5.00,6.00,7.00,6.00,12.00,7.00,6.00,8.00,7.00,9.00,4.00,21.00,8.00,2.00,1.00,1.00,1.00,1.00
09/21/23,EPA R8 EBAM 001 Smoke,39.665,-105.3397,https://wrcc.dri.edu/cgi-bin/rawMAIN4.pl?idse01+21+09+23+M,11252,99999,-5,0.7,-9999,16.2,21.8,6.2,34,53,25,-9999,11.6,11.6,11.5,12.39,24:00,https://tools.airfire.org/monitor-qc-report/v4/wrcc?unitID=se01,-9999,-9999,-9999,-9999,-9999,-9999,-9999,-9999,-9999,-9999,-9999,-9999,-9999,99999.00,35000.00,-1.00,-5.00,1.00,9.00,6.00,-2.00,4.00,8.00,5.00
