,,Position (Deg.),,,Concentration (µg/m3),,,Wind,,Air Temperature (Deg. C.),,,Humidity (Percent),,,Barometer,Battery Voltage (volts),,,Air Flow (totalizer),,,Concentration by Hour,,,,,,,,,,,,,,,,,,,,,,,
Date,Station,Latitude,Longitude,Station Chart Link,Mean,Max,Min,Ave Vel. (m/s),V. Dir. (Deg),Mean,Max,Min,Mean,Max,Min,Baro. Pressure (mbars),Mean,Max,Min,Mean,Time of latest ob,Airfire QC Report Link,0:00,1:00,2:00,3:00,4:00,5:00,6:00,7:00,8:00,9:00,10:00,11:00,12:00,13:00,14:00,15:00,16:00,17:00,18:00,19:00,20:00,21:00,22:00,23:00
10/26/14,Smoke #13,44.4363,-118.1893,https://wrcc.dri.edu/cgi-bin/rawMAIN4.pl?idsm13+26+10+14+M,1,5,0,2.4,279,7.6,14.5,1.8,65,85,37,871.2,14.3,14.4,14.1,2.00,24:00,https://tools.airfire.org/monitor-qc-report/v4/wrcc?unitID=sm13,2.00,2.00,2.00,0.00,0.00,0.00,1.00,0.00,0.00,0.00,0.00,0.00,0.00,0.00,0.00,0.00,0.00,0.00,5.00,1.00,1.00,1.00,0.00,0.00
10/26/14,Smoke RMK 104 (Smoke #15),39.8859,-105.7635,https://wrcc.dri.edu/cgi-bin/rawMAIN4.pl?idsm15+26+10+14+M,0,0,0,2.8,196,7.2,19.0,-0.3,48,76,21,726.2,14.3,14.4,14.1,2.00,24:00,https://tools.airfire.org/monitor-qc-report/v2/wrcc?unitID=sm15,0.00,0.00,0.00,0.00,0.00,0.00,0.00,0.00,0.00,0.00,0.00,0.00,0.00,0.00,0.00,0.00,0.00,0.00,0.00,0.00,0.00,0.00,0.00,0.00
10/26/14,Smoke RMK 105 (Smoke #17),39.9101,-105.7978,https://wrcc.dri.edu/cgi-bin/rawMAIN4.pl?idsm17+26+10+14+M,1,5,0,0.3,2,7.4,20.8,-0.1,49,77,18,727.0,14.4,14.4,14.3,2.00,24:00,https://tools.airfire.org/monitor-qc-report/v2/wrcc?unitID=sm17,2.00,1.00,0.00,0.00,0.00,0.00,0.00,0.00,0.00,0.00,0.00,0.00,0.00,0.00,0.00,0.00,2.00,1.00,1.00,5.00,5.00,4.00,4.00,4.00
10/26/14,Smoke RMK 110 (Smoke #215),44.2609,-121.1469,https://wrcc.dri.edu/cgi-bin/rawMAIN4.pl?ids215+26+10+14+M,0,0,0,2.0,199,9.5,14.9,5.2,67,85,50,907.4,14.4,14.4,14.2,2.00,24:00,https://tools.airfire.org/monitor-qc-report/v2/wrcc?unitID=s215,1.00,0.00,0.00,0.00,0.00,0.00,0.00,0.00,0.00,0.00,0.00,0.00,0.00,0.00,0.00,0.00,0.00,0.00,0.00,0.00,0.00,0.00,0.00,0.00
10/26/14,Smoke RMK 112 (Smoke #11),38.6935,-108.1472,https://wrcc.dri.edu/cgi-bin/rawMAIN4.pl?idsm11+26+10+14+M,4,6,0,1.2,56,14.7,27.2,5.5,56,87,20,845.2,13.8,14.3,5.0,2.00,24:00,https://tools.airfire.org/monitor-qc-report/v2/wrcc?unitID=sm11,1.00,1.00,3.00,5.00,5.00,5.00,5.00,6.00,6.00,6.00,6.00,5.00,5.00,5.00,6.00,6.00,5.00,5.00,4.00,2.00,3.00,1.00,1.00,1.00
10/26/14,Smoke RMK 113 (Smoke #16),43.9033,-121.433,https://wrcc.dri.edu/cgi-bin/rawMAIN4.pl?idsm16+26+10+14+M,0,0,0,1.4,213,5.4,8.4,2.7,87,98,67,-9999,14.4,14.4,14.4,2.00,24:00,https://tools.airfire.org/monitor-qc-report/v2/wrcc?unitID=sm16,0.00,0.00,0.00,0.00,0.00,0.00,0.00,0.00,0.00,0.00,0.00,0.00,0.00,0.00,0.00,0.00,0.00,0.00,0.00,0.00,0.00,0.00,0.00,0.00
10/26/14,Smoke RMK 116 (Smoke #21),39.9191,-105.7845,https://wrcc.dri.edu/cgi-bin/rawMAIN4.pl?idsm21+26+10+14+M,2,5,0,1.8,24,8.5,20.3,0.1,46,77,16,-9999,14.3,14.4,14.2,2.00,24:00,https://tools.airfire.org/monitor-qc-report/v2/wrcc?unitID=sm21,1.00,4.00,5.00,3.00,3.00,2.00,2.00,2.00,2.00,2.00,2.00,2.00,2.00,2.00,3.00,3.00,3.00,2.00,2.00,1.00,1.00,1.00,2.00,0.00
10/26/14,Smoke RMK 117 (Smoke #22),39.1004,-105.0938,https://wrcc.dri.edu/cgi-bin/rawMAIN4.pl?idsm22+26+10+14+M,3,6,1,2.1,335,10.6,23.3,2.4,46,74,11,761.7,14.3,14.4,14.2,2.00,24:00,https://tools.airfire.org/monitor-qc-report/v2/wrcc?unitID=sm22,1.00,3.00,6.00,4.00,5.00,4.00,3.00,3.00,3.00,3.00,4.00,4.00,3.00,4.00,4.00,4.00,4.00,4.00,3.00,1.00,1.00,1.00,1.00,1.00
10/26/14,Smoke RMK 119 (Smoke #24),39.1443,-105.1636,https://wrcc.dri.edu/cgi-bin/rawMAIN4.pl?idsm24+26+10+14+M,1,5,0,1.5,179,13.1,24.6,5.1,35,60,12,765.7,14.3,14.4,14.1,2.00,24:00,https://tools.airfire.org/monitor-qc-report/v2/wrcc?unitID=sm24,0.00,0.00,1.00,0.00,0.00,1.00,1.00,1.00,3.00,5.00,5.00,2.00,2.00,1.00,1.00,1.00,1.00,0.00,0.00,0.00,0.00,0.00,0.00,0.00
10/26/14,Smoke USFS R1-53,47.5354,-113.7211,https://wrcc.dri.edu/cgi-bin/rawMAIN4.pl?ids153+26+10+14+M,1,3,0,0.9,168,9.8,12.6,7.5,64,79,47,879.0,14.4,14.4,14.3,2.00,24:00,https://tools.airfire.org/monitor-qc-report/v4/wrcc?unitID=s153,1.00,1.00,1.00,1.00,1.00,3.00,2.00,2.00,2.00,2.00,1.00,0.00,0.00,0.00,0.00,0.00,0.00,0.00,0.00,0.00,0.00,0.00,0.00,0.00
10/26/14,Smoke USFS R2-65,43.9861,-121.3984,https://wrcc.dri.edu/cgi-bin/rawMAIN4.pl?ids265+26+10+14+M,1,2,0,2.4,186,6.0,13.4,2.7,84,96,57,876.2,14.1,14.1,14.0,2.00,24:00,https://tools.airfire.org/monitor-qc-report/v4/wrcc?unitID=s265,0.00,0.00,0.00,0.00,0.00,0.00,0.00,1.00,1.00,1.00,1.00,1.00,1.00,2.00,2.00,1.00,1.00,1.00,1.00,0.00,0.00,0.00,0.00,0.00
