,,Position (Deg.),,,Concentration (µg/m3),,,Wind,,Air Temperature (Deg. C.),,,Humidity (Percent),,,Barometer,Battery Voltage (volts),,,Air Flow (totalizer),,,Concentration by Hour,,,,,,,,,,,,,,,,,,,,,,,
Date,Station,Latitude,Longitude,Station Chart Link,Mean,Max,Min,Ave Vel. (m/s),V. Dir. (Deg),Mean,Max,Min,Mean,Max,Min,Baro. Pressure (mbars),Mean,Max,Min,Mean,Time of latest ob,Airfire QC Report Link,0:00,1:00,2:00,3:00,4:00,5:00,6:00,7:00,8:00,9:00,10:00,11:00,12:00,13:00,14:00,15:00,16:00,17:00,18:00,19:00,20:00,21:00,22:00,23:00
09/01/14,Smoke #13,44.4364,-118.1893,https://wrcc.dri.edu/cgi-bin/rawMAIN4.pl?idsm13+01+09+14+M,0,2,0,1.0,318,15.3,30.9,3.7,58,92,24,875.6,14.1,14.4,13.9,2.00,24:00,https://tools.airfire.org/monitor-qc-report/v4/wrcc?unitID=sm13,3.00,0.00,0.00,0.00,0.00,0.00,0.00,0.00,0.00,0.00,0.00,0.00,0.00,0.00,0.00,0.00,0.00,0.00,0.00,0.00,0.00,1.00,1.00,2.00
09/01/14,Smoke RMK 110 (Smoke #215),44.2609,-121.1469,https://wrcc.dri.edu/cgi-bin/rawMAIN4.pl?ids215+01+09+14+M,0,1,0,1.5,64,18.1,31.9,7.9,55,84,27,910.8,14.2,14.4,14.0,2.00,24:00,https://tools.airfire.org/monitor-qc-report/v2/wrcc?unitID=s215,1.00,0.00,0.00,0.00,1.00,1.00,1.00,1.00,1.00,0.00,1.00,1.00,1.00,1.00,0.00,0.00,1.00,1.00,0.00,0.00,0.00,0.00,0.00,0.00
09/01/14,Smoke RMK 114 (Smoke #19),43.9145,-122.8224,https://wrcc.dri.edu/cgi-bin/rawMAIN4.pl?idsm19+01+09+14+M,4,32,0,1.1,166,19.8,33.5,9.6,65,92,31,-9999,14.2,14.4,14.0,2.00,24:00,https://tools.airfire.org/monitor-qc-report/v2/wrcc?unitID=sm19,3.00,1.00,1.00,1.00,1.00,0.00,0.00,0.00,0.00,0.00,0.00,0.00,0.00,0.00,1.00,2.00,6.00,32.00,30.00,3.00,1.00,1.00,2.00,1.00
09/01/14,Smoke RMK 115 (Smoke #20),43.7592,-122.5343,https://wrcc.dri.edu/cgi-bin/rawMAIN4.pl?idsm20+01+09+14+M,77,292,0,0.7,130,18.6,31.1,11.7,72,98,34,-9999,14.2,14.3,14.0,2.00,24:00,https://tools.airfire.org/monitor-qc-report/v2/wrcc?unitID=sm20,6.00,6.00,24.00,282.00,292.00,288.00,257.00,210.00,157.00,114.00,58.00,34.00,22.00,17.00,14.00,12.00,11.00,7.00,6.00,18.00,6.00,2.00,0.00,0.00
09/01/14,Smoke #25,46.9269,-114.0962,https://wrcc.dri.edu/cgi-bin/rawMAIN4.pl?idsm25+01+09+14+M,-999000,-99900,-999000,-998.9,81,-998.9,-99.9,-998.9,-999,-100,-999,-10.0,-999.0,-99.9,-999.0,-998.90,24:00,https://tools.airfire.org/monitor-qc-report/v4/wrcc?unitID=sm25,-999000.00,-999000.00,-999000.00,-999000.00,-999000.00,-999000.00,-999000.00,-999000.00,-999000.00,-999000.00,-999000.00,-999000.00,-999000.00,-999000.00,-999000.00,-999000.00,-999000.00,-999000.00,-999000.00,-999000.00,-999000.00,-999000.00,-999000.00,-999000.00
09/01/14,Smoke USFS R1-53,47.5354,-113.7211,https://wrcc.dri.edu/cgi-bin/rawMAIN4.pl?ids153+01+09+14+M,1,1,0,0.7,-9999,14.6,19.1,9.4,71,100,41,887.9,14.3,14.4,14.2,2.00,24:00,https://tools.airfire.org/monitor-qc-report/v4/wrcc?unitID=s153,0.00,0.00,0.00,-9999,-9999,-9999,-9999,-9999,-9999,-9999,-9999,-9999,-9999,-9999,-9999,1.00,1.00,-9999,1.00,1.00,1.00,-9999,1.00,1.00
09/01/14,Smoke USFS R1-39,46.9269,-114.0961,https://wrcc.dri.edu/cgi-bin/rawMAIN4.pl?ids139+01+09+14+M,1,3,0,1.0,246,15.9,27.6,8.7,56,82,23,903.8,14.4,14.4,14.2,2.00,24:00,https://tools.airfire.org/monitor-qc-report/v4/wrcc?unitID=s139,0.00,0.00,0.00,0.00,1.00,1.00,1.00,1.00,1.00,1.00,2.00,1.00,1.00,1.00,3.00,2.00,1.00,1.00,1.00,0.00,0.00,0.00,0.00,0.00
09/01/14,Smoke USFS R3-28,35.8034,-106.5887,https://wrcc.dri.edu/cgi-bin/rawMAIN4.pl?ids328+01+09+14+M,6,20,-3,0.8,176,15.8,25.1,7.6,0,1,0,-10.0,14.3,14.3,14.1,16.69,24:00,https://tools.airfire.org/monitor-qc-report/v4/wrcc?unitID=s328,0.00,11.00,4.00,2.00,4.00,2.00,1.00,5.00,5.00,0.00,5.00,3.00,5.00,5.00,0.00,-3.00,10.00,13.00,20.00,13.00,13.00,13.00,-3.00,0.00
