,,Position (Deg.),,,Concentration (µg/m3),,,Wind,,Air Temperature (Deg. C.),,,Humidity (Percent),,,Barometer,Battery Voltage (volts),,,Air Flow (totalizer),,,Concentration by Hour,,,,,,,,,,,,,,,,,,,,,,,
Date,Station,Latitude,Longitude,Station Chart Link,Mean,Max,Min,Ave Vel. (m/s),V. Dir. (Deg),Mean,Max,Min,Mean,Max,Min,Baro. Pressure (mbars),Mean,Max,Min,Mean,Time of latest ob,Airfire QC Report Link,0:00,1:00,2:00,3:00,4:00,5:00,6:00,7:00,8:00,9:00,10:00,11:00,12:00,13:00,14:00,15:00,16:00,17:00,18:00,19:00,20:00,21:00,22:00,23:00
09/13/15,Smoke RMK 107 (Smoke #67),48.6439,-118.7378,https://wrcc.dri.edu/cgi-bin/rawMAIN4.pl?idsm67+13+09+15+M,0,0,0,0.6,111,19.8,31.8,9.6,43,72,15,918.3,14.0,14.3,12.8,0.00,24:00,https://tools.airfire.org/monitor-qc-report/v2/wrcc?unitID=sm67,0.00,0.00,0.00,0.00,0.00,0.00,0.00,0.00,0.00,0.00,0.00,0.00,0.00,0.00,0.00,0.00,0.00,0.00,0.00,0.00,0.00,0.00,0.00,0.00
09/13/15,Smoke RMK 109 (Smoke #84),42.1964,-122.714,https://wrcc.dri.edu/cgi-bin/rawMAIN4.pl?ids284+13+09+15+M,5,8,4,0.8,255,25.9,38.8,16.2,44,69,18,942.5,14.1,14.2,13.9,2.00,24:00,https://tools.airfire.org/monitor-qc-report/v2/wrcc?unitID=s284,8.00,8.00,8.00,6.00,6.00,5.00,5.00,5.00,6.00,6.00,5.00,5.00,5.00,5.00,5.00,5.00,5.00,5.00,5.00,5.00,4.00,5.00,6.00,7.00
09/13/15,Smoke RMK 110 (Smoke #215),48.6439,-118.7378,https://wrcc.dri.edu/cgi-bin/rawMAIN4.pl?ids215+13+09+15+M,16,20,13,0.3,-9999,28.7,30.0,26.7,18,20,16,913.7,14.0,14.0,13.9,1.77,24:00,https://tools.airfire.org/monitor-qc-report/v2/wrcc?unitID=s215,-9999,-9999,-9999,-9999,-9999,-9999,-9999,-9999,-9999,-9999,-9999,-9999,-9999,-9999,-9999,-9999,-9999,-9999,-9999,-9999,-9999,-9999,13.00,14.00
09/13/15,Smoke RMK 113 (Smoke #16),48.7105,-119.4341,https://wrcc.dri.edu/cgi-bin/rawMAIN4.pl?idsm16+13+09+15+M,2,16,0,0.8,30,23.0,39.0,13.0,52,74,17,-9999,14.1,14.3,14.0,2.00,24:00,https://tools.airfire.org/monitor-qc-report/v2/wrcc?unitID=sm16,17.00,16.00,10.00,3.00,1.00,0.00,0.00,0.00,0.00,0.00,0.00,0.00,0.00,0.00,0.00,0.00,0.00,0.00,0.00,0.00,0.00,0.00,0.00,0.00
09/13/15,Smoke RMK 116 (Smoke #21),47.4687,-123.8471,https://wrcc.dri.edu/cgi-bin/rawMAIN4.pl?idsm21+13+09+15+M,4,7,2,0.7,356,19.9,28.2,16.1,76,92,45,-9999,14.2,14.3,14.1,2.00,24:00,https://tools.airfire.org/monitor-qc-report/v2/wrcc?unitID=sm21,0.00,2.00,5.00,6.00,6.00,6.00,6.00,6.00,5.00,5.00,2.00,2.00,2.00,2.00,3.00,4.00,4.00,5.00,7.00,7.00,6.00,5.00,4.00,3.00
09/13/15,Smoke RMK 119 (Smoke #24),47.8449,-120.0096,https://wrcc.dri.edu/cgi-bin/rawMAIN4.pl?idsm24+13+09+15+M,2,11,0,2.1,317,26.6,38.1,20.6,34,53,22,960.0,14.1,14.2,14.0,2.00,24:00,https://tools.airfire.org/monitor-qc-report/v2/wrcc?unitID=sm24,10.00,11.00,7.00,5.00,3.00,3.00,2.00,2.00,1.00,1.00,1.00,1.00,1.00,1.00,1.00,1.00,1.00,0.00,0.00,1.00,1.00,1.00,1.00,1.00
09/13/15,Smoke #25,36.739,-119.256,https://wrcc.dri.edu/cgi-bin/rawMAIN4.pl?idsm25+13+09+15+M,25,121,8,0.9,-9999,28.7,37.8,24.5,22,29,13,951.6,12.1,12.7,11.6,2.00,20:00,https://tools.airfire.org/monitor-qc-report/v4/wrcc?unitID=sm25,18.00,21.00,11.00,11.00,23.00,20.00,13.00,14.00,21.00,25.00,24.00,19.00,16.00,15.00,24.00,34.00,121.00,65.00,9.00,8.00,8.00,-9999,-9999,-9999
09/13/15,Smoke USFS R1-53,48.8978,-115.0585,https://wrcc.dri.edu/cgi-bin/rawMAIN4.pl?ids153+13+09+15+M,7,12,1,1.4,145,21.4,35.0,12.8,43,66,17,914.6,14.2,14.3,14.0,2.00,24:00,https://tools.airfire.org/monitor-qc-report/v4/wrcc?unitID=s153,1.00,2.00,2.00,4.00,6.00,6.00,6.00,9.00,11.00,12.00,12.00,12.00,12.00,12.00,12.00,12.00,11.00,9.00,4.00,3.00,2.00,2.00,1.00,2.00
09/13/15,Smoke NPS Yosemite 01,37.8931,-119.8418,https://wrcc.dri.edu/cgi-bin/rawMAIN4.pl?idsmy1+13+09+15+M,36,50,19,0.3,-9999,31.9,32.1,31.9,33,41,24,-10.0,14.4,14.4,14.4,16.66,24:00,https://tools.airfire.org/monitor-qc-report/v4/wrcc?unitID=smy1,51.00,27.00,27.00,24.00,27.00,28.00,30.00,43.00,42.00,40.00,41.00,44.00,38.00,43.00,43.00,40.00,45.00,49.00,50.00,-9999,-9999,-9999,-9999,19.00
09/13/15,Smoke RMK 407 (EBAM #231),47.8915,-120.1537,https://wrcc.dri.edu/cgi-bin/rawMAIN4.pl?ide231+13+09+15+M,1,23,-5,1.6,281,21.4,29.3,16.9,31,50,14,-9999,13.9,13.9,13.9,16.69,24:00,https://tools.airfire.org/monitor-qc-report/v2/wrcc?unitID=e231,26.00,-5.00,-5.00,-5.00,-1.00,6.00,3.00,7.00,3.00,5.00,1.00,0.00,7.00,-3.00,-5.00,5.00,-3.00,1.00,1.00,0.00,-2.00,2.00,23.00,-5.00
09/13/15,Smoke RMK 412 (EBAM #840),44.4561,-118.7094,https://wrcc.dri.edu/cgi-bin/rawMAIN4.pl?ide840+13+09+15+M,-999000,-99900,-999000,-998.9,81,-998.9,-99.9,-998.9,-999,-100,-999,-9999,-999.0,-99.9,-999.0,-998.90,24:00,https://tools.airfire.org/monitor-qc-report/v2/wrcc?unitID=e840,-999000.00,-999000.00,-999000.00,-999000.00,-999000.00,-999000.00,-999000.00,-999000.00,-999000.00,-999000.00,-999000.00,-999000.00,-999000.00,-999000.00,-999000.00,-999000.00,-999000.00,-999000.00,-999000.00,-999000.00,-999000.00,-999000.00,-999000.00,-999000.00
09/13/15,Smoke RMK 413 (EBAM #866),48.0889,-119.7843,https://wrcc.dri.edu/cgi-bin/rawMAIN4.pl?ide866+13+09+15+M,8,32,-1,1.3,16,22.4,28.6,16.9,36,57,7,-9999,14.0,14.1,14.0,16.69,24:00,https://tools.airfire.org/monitor-qc-report/v2/wrcc?unitID=e866,22.00,19.00,32.00,10.00,7.00,4.00,9.00,9.00,8.00,13.00,4.00,10.00,9.00,12.00,4.00,6.00,-1.00,8.00,7.00,3.00,2.00,-1.00,8.00,5.00
09/13/15,Smoke USFS R1-306,45.4119,-116.3294,https://wrcc.dri.edu/cgi-bin/rawMAIN4.pl?id1306+13+09+15+M,14,51,5,1.0,222,26.2,39.8,15.7,32,55,11,-9999,13.6,14.2,2.0,12.58,24:00,https://tools.airfire.org/monitor-qc-report/v4/wrcc?unitID=1306,15.00,11.00,12.00,10.00,12.00,10.00,9.00,9.00,11.00,11.00,12.00,12.00,13.00,15.00,16.00,15.00,15.00,13.00,22.00,51.00,26.00,11.00,9.00,7.00
09/13/15,Smoke USFS R1-307,45.2048,-112.6435,https://wrcc.dri.edu/cgi-bin/rawMAIN4.pl?id1307+13+09+15+M,7,11,2,2.7,187,21.6,33.0,12.2,30,47,11,-9999,14.2,14.4,14.1,2.00,24:00,https://tools.airfire.org/monitor-qc-report/v4/wrcc?unitID=1307,2.00,2.00,3.00,4.00,5.00,5.00,5.00,5.00,6.00,7.00,7.00,7.00,7.00,8.00,9.00,9.00,9.00,9.00,9.00,11.00,10.00,8.00,7.00,6.00
