,,Position (Deg.),,,Concentration (µg/m3),,,Wind,,Air Temperature (Deg. C.),,,Humidity (Percent),,,Barometer,Battery Voltage (volts),,,Air Flow (totalizer),,,Concentration by Hour,,,,,,,,,,,,,,,,,,,,,,,
Date,Station,Latitude,Longitude,Station Chart Link,Mean,Max,Min,Ave Vel. (m/s),V. Dir. (Deg),Mean,Max,Min,Mean,Max,Min,Baro. Pressure (mbars),Mean,Max,Min,Mean,Time of latest ob,Airfire QC Report Link,0:00,1:00,2:00,3:00,4:00,5:00,6:00,7:00,8:00,9:00,10:00,11:00,12:00,13:00,14:00,15:00,16:00,17:00,18:00,19:00,20:00,21:00,22:00,23:00
04/25/22,Smoke RMK 102 (Smoke #661),39.7143,-105.124,https://wrcc.dri.edu/cgi-bin/rawMAIN4.pl?ids661+25+04+22+M,2,2,1,1.3,180,7.6,14.8,2.5,58,89,27,830.9,14.5,14.5,14.4,2.00,24:00,https://tools.airfire.org/monitor-qc-report/v2/wrcc?unitID=s661,0.00,1.00,1.00,1.00,1.00,1.00,1.00,2.00,2.00,2.00,2.00,2.00,2.00,1.00,2.00,1.00,1.00,2.00,2.00,2.00,2.00,2.00,2.00,2.00
04/25/22,Smoke RMK 115 (Smoke #20),37.2625,-107.8798,https://wrcc.dri.edu/cgi-bin/rawMAIN4.pl?idsm20+25+04+22+M,0,0,0,1.5,277,4.0,16.5,-5.5,50,71,17,804.6,14.3,14.4,14.1,2.00,24:00,https://tools.airfire.org/monitor-qc-report/v2/wrcc?unitID=sm20,0.00,0.00,0.00,0.00,0.00,0.00,0.00,0.00,0.00,0.00,0.00,0.00,0.00,0.00,0.00,0.00,0.00,0.00,0.00,0.00,0.00,0.00,0.00,0.00
04/25/22,Smoke RMK 116 (Smoke #21),37.3022,-107.8711,https://wrcc.dri.edu/cgi-bin/rawMAIN4.pl?idsm21+25+04+22+M,1,6,0,0.7,325,8.8,21.8,-2.6,44,73,13,-9999,14.3,14.4,14.2,2.00,24:00,https://tools.airfire.org/monitor-qc-report/v2/wrcc?unitID=sm21,1.00,0.00,1.00,1.00,1.00,1.00,1.00,2.00,2.00,2.00,3.00,2.00,3.00,6.00,2.00,0.00,0.00,0.00,0.00,0.00,0.00,0.00,0.00,0.00
04/25/22,Smoke RMK 118 (Smoke #23),35.8806,-78.8692,https://wrcc.dri.edu/cgi-bin/rawMAIN4.pl?idsm23+25+04+22+M,0,4,0,0.3,185,26.2,40.8,17.8,61,100,27,1006.0,14.1,14.2,13.9,2.00,24:00,https://tools.airfire.org/monitor-qc-report/v2/wrcc?unitID=sm23,3.00,4.00,0.00,0.00,1.00,0.00,0.00,0.00,0.00,0.00,0.00,0.00,0.00,0.00,0.00,0.00,0.00,0.00,0.00,0.00,0.00,0.00,0.00,0.00
04/25/22,Smoke RMK 122 (Smoke #69),39.7143,-105.1239,https://wrcc.dri.edu/cgi-bin/rawMAIN4.pl?idsm69+25+04+22+M,1,2,0,1.2,180,11.2,20.2,5.9,61,97,27,832.0,14.3,14.4,14.1,2.00,24:00,https://tools.airfire.org/monitor-qc-report/v2/wrcc?unitID=sm69,1.00,0.00,0.00,0.00,0.00,0.00,0.00,0.00,1.00,1.00,1.00,1.00,2.00,2.00,2.00,1.00,0.00,0.00,0.00,1.00,1.00,1.00,1.00,1.00
04/25/22,Smoke RMK 128 (Smoke #457),39.7143,-105.124,https://wrcc.dri.edu/cgi-bin/rawMAIN4.pl?ids457+25+04+22+M,1,1,1,1.6,-9999,10.4,13.0,8.0,39,43,32,827.2,14.2,14.2,14.1,1.95,24:00,https://tools.airfire.org/monitor-qc-report/v2/wrcc?unitID=s457,-9999,-9999,-9999,-9999,-9999,-9999,-9999,-9999,-9999,-9999,-9999,-9999,-9999,-9999,-9999,-9999,-9999,-9999,-9999,-9999,-9999,1.00,1.00,1.00
04/25/22,Smoke RMK 129 (USFS R2-922),39.7143,-105.1239,https://wrcc.dri.edu/cgi-bin/rawMAIN4.pl?id2922+25+04+22+M,0,1,0,0.8,-9999,7.4,17.3,4.1,63,87,31,831.0,14.4,14.4,14.2,2.00,19:00,https://tools.airfire.org/monitor-qc-report/v2/wrcc?unitID=2922,0.00,0.00,0.00,0.00,0.00,0.00,0.00,1.00,1.00,1.00,1.00,1.00,1.00,0.00,0.00,0.00,0.00,0.00,0.00,1.00,-9999,-9999,-9999,-9999
04/25/22,Smoke USFS R2-65,37.2996,-107.8801,https://wrcc.dri.edu/cgi-bin/rawMAIN4.pl?ids265+25+04+22+M,1,4,0,0.6,41,4.3,18.7,-6.6,46,68,12,795.5,14.3,14.4,14.2,2.00,24:00,https://tools.airfire.org/monitor-qc-report/v4/wrcc?unitID=s265,0.00,0.00,0.00,0.00,0.00,0.00,2.00,1.00,2.00,2.00,4.00,4.00,3.00,3.00,3.00,3.00,2.00,1.00,0.00,0.00,0.00,0.00,0.00,0.00
04/25/22,Smoke USFS R2-78,39.7144,-105.1239,https://wrcc.dri.edu/cgi-bin/rawMAIN4.pl?ids278+25+04+22+M,2,14,0,0.9,-9999,2.2,11.2,-1.0,69,94,36,827.9,14.4,14.4,14.2,2.00,19:00,https://tools.airfire.org/monitor-qc-report/v4/wrcc?unitID=s278,0.00,0.00,0.00,1.00,1.00,1.00,1.00,1.00,1.00,1.00,1.00,1.00,1.00,1.00,1.00,1.00,1.00,14.00,1.00,1.00,-9999,-9999,-9999,-9999
04/25/22,Smoke USFS R3-28,35.6715,-105.9557,https://wrcc.dri.edu/cgi-bin/rawMAIN4.pl?ids328+25+04+22+M,-2,30,-5,2.4,77,12.8,20.0,7.9,0,1,0,-9999,14.2,14.2,14.2,16.70,24:00,https://tools.airfire.org/monitor-qc-report/v4/wrcc?unitID=s328,25.00,-5.00,-3.00,-5.00,-2.00,4.00,-2.00,-5.00,0.00,-5.00,-5.00,-5.00,-5.00,-5.00,-3.00,30.00,-5.00,-5.00,-4.00,-5.00,-5.00,-5.00,7.00,-5.00
04/25/22,Smoke USFS R8-35,37.5268,-79.6803,https://wrcc.dri.edu/cgi-bin/rawMAIN4.pl?ids835+25+04+22+M,5,22,2,0.9,170,26.0,37.1,15.9,52,88,25,-9999,14.2,14.4,14.1,2.00,24:00,https://tools.airfire.org/monitor-qc-report/v4/wrcc?unitID=s835,3.00,3.00,2.00,2.00,3.00,3.00,3.00,3.00,3.00,3.00,3.00,3.00,3.00,3.00,4.00,3.00,4.00,4.00,4.00,10.00,22.00,10.00,6.00,5.00
04/25/22,Smoke USFS R8-55,37.3851,-79.7302,https://wrcc.dri.edu/cgi-bin/rawMAIN4.pl?ids855+25+04+22+M,5,47,2,0.3,2,25.2,36.1,14.1,54,92,28,-9999,14.2,14.3,14.0,2.00,24:00,https://tools.airfire.org/monitor-qc-report/v4/wrcc?unitID=s855,2.00,2.00,3.00,4.00,3.00,2.00,2.00,2.00,2.00,2.00,2.00,3.00,3.00,3.00,3.00,7.00,47.00,12.00,4.00,4.00,4.00,4.00,3.00,3.00
04/25/22,Smoke USFS R8-56,37.4546,-79.6021,https://wrcc.dri.edu/cgi-bin/rawMAIN4.pl?ids856+25+04+22+M,4,15,1,1.6,179,21.8,31.2,16.2,48,66,31,-9999,14.3,14.4,14.2,2.00,24:00,https://tools.airfire.org/monitor-qc-report/v4/wrcc?unitID=s856,3.00,2.00,1.00,1.00,1.00,2.00,1.00,2.00,2.00,2.00,2.00,2.00,3.00,3.00,4.00,4.00,4.00,6.00,15.00,7.00,5.00,5.00,4.00,4.00
04/25/22,AQB Smoke EBAM T-1,36.0884,-104.6904,https://wrcc.dri.edu/cgi-bin/rawMAIN4.pl?ideat1+25+04+22+M,7,23,-5,2.1,-9999,5.1,11.5,0.4,0,-9999,-9999,-9999,14.4,14.4,14.3,16.70,24:00,https://tools.airfire.org/monitor-qc-report/v4/wrcc?unitID=eat1,7.00,6.00,17.00,-3.00,15.00,12.00,10.00,5.00,6.00,-9999,7.00,7.00,2.00,5.00,1.00,-5.00,2.00,6.00,1.00,22.00,23.00,12.00,8.00,-1.00
