,,Position (Deg.),,,Concentration (µg/m3),,,Wind,,Air Temperature (Deg. C.),,,Humidity (Percent),,,Barometer,Battery Voltage (volts),,,Air Flow (totalizer),,,Concentration by Hour,,,,,,,,,,,,,,,,,,,,,,,
Date,Station,Latitude,Longitude,Station Chart Link,Mean,Max,Min,Ave Vel. (m/s),V. Dir. (Deg),Mean,Max,Min,Mean,Max,Min,Baro. Pressure (mbars),Mean,Max,Min,Mean,Time of latest ob,Airfire QC Report Link,0:00,1:00,2:00,3:00,4:00,5:00,6:00,7:00,8:00,9:00,10:00,11:00,12:00,13:00,14:00,15:00,16:00,17:00,18:00,19:00,20:00,21:00,22:00,23:00
08/02/22,Smoke RMK 104 (Smoke #15),39.7143,-105.1239,https://wrcc.dri.edu/cgi-bin/rawMAIN4.pl?idsm15+02+08+22+M,3,6,1,1.4,164,28.6,34.8,22.5,32,44,22,825.5,14.5,14.5,14.5,2.00,24:00,https://tools.airfire.org/monitor-qc-report/v2/wrcc?unitID=sm15,2.00,3.00,3.00,3.00,3.00,2.00,3.00,2.00,2.00,3.00,3.00,3.00,4.00,5.00,6.00,6.00,4.00,4.00,5.00,5.00,4.00,3.00,2.00,1.00
08/02/22,Smoke RMK 110 (Smoke #215),39.7143,-105.1239,https://wrcc.dri.edu/cgi-bin/rawMAIN4.pl?ids215+02+08+22+M,3,6,1,1.5,178,24.3,30.6,18.1,32,43,22,825.5,14.5,14.5,14.5,2.00,24:00,https://tools.airfire.org/monitor-qc-report/v2/wrcc?unitID=s215,3.00,3.00,3.00,3.00,3.00,3.00,3.00,3.00,3.00,3.00,3.00,3.00,4.00,5.00,6.00,6.00,4.00,4.00,5.00,5.00,4.00,3.00,2.00,1.00
08/02/22,Smoke RMK 114 (Smoke #19),45.2539,-113.8884,https://wrcc.dri.edu/cgi-bin/rawMAIN4.pl?idsm19+02+08+22+M,42,203,7,1.4,117,19.9,30.0,11.7,54,83,15,879.7,14.1,14.2,14.0,2.00,24:00,https://tools.airfire.org/monitor-qc-report/v2/wrcc?unitID=sm19,15.00,8.00,8.00,9.00,8.00,8.00,7.00,11.00,11.00,11.00,12.00,13.00,14.00,32.00,30.00,48.00,73.00,136.00,203.00,112.00,69.00,63.00,55.00,39.00
08/02/22,Smoke RMK 121 (Smoke #68),44.8519,-113.6193,https://wrcc.dri.edu/cgi-bin/rawMAIN4.pl?idsm68+02+08+22+M,15,20,10,1.3,172,23.7,31.9,16.0,68,94,42,842.1,14.2,14.3,14.1,2.00,24:00,https://tools.airfire.org/monitor-qc-report/v2/wrcc?unitID=sm68,9.00,10.00,10.00,11.00,15.00,15.00,16.00,14.00,12.00,13.00,13.00,14.00,14.00,14.00,14.00,14.00,15.00,14.00,17.00,17.00,20.00,20.00,16.00,15.00
08/02/22,Smoke RMK 126 (Smoke #217),45.0879,-114.2409,https://wrcc.dri.edu/cgi-bin/rawMAIN4.pl?ids217+02+08+22+M,8,13,3,0.3,2,24.6,35.0,15.4,37,67,14,844.2,13.7,14.3,12.7,2.00,24:00,https://tools.airfire.org/monitor-qc-report/v2/wrcc?unitID=s217,12.00,10.00,7.00,5.00,5.00,6.00,7.00,7.00,8.00,8.00,10.00,10.00,11.00,11.00,12.00,12.00,13.00,13.00,9.00,6.00,4.00,4.00,4.00,3.00
08/02/22,Smoke USFS R2-78,39.7144,-105.1238,https://wrcc.dri.edu/cgi-bin/rawMAIN4.pl?ids278+02+08+22+M,2,3,1,0.3,-9999,34.0,36.2,32.8,0,-9999,-9999,827.0,14.1,14.1,14.1,2.00,3:00,https://tools.airfire.org/monitor-qc-report/v4/wrcc?unitID=s278,1.00,1.00,1.00,3.00,-9999,-9999,-9999,-9999,-9999,-9999,-9999,-9999,-9999,-9999,-9999,-9999,-9999,-9999,-9999,-9999,-9999,-9999,-9999,-9999
08/02/22,Smoke RMK 400 (EBAM #487),39.7143,-105.1239,https://wrcc.dri.edu/cgi-bin/rawMAIN4.pl?ide487+02+08+22+M,4,23,-20,1.4,175,25.2,31.6,19.2,37,46,30,-9999,11.7,11.7,11.7,12.50,24:00,https://tools.airfire.org/monitor-qc-report/v2/wrcc?unitID=e487,8.00,11.00,5.00,12.00,-2.00,4.00,5.00,10.00,7.00,7.00,23.00,10.00,7.00,-15.00,11.00,4.00,-20.00,-5.00,-1.00,0.00,1.00,5.00,-1.00,20.00
08/02/22,Smoke RMK 410 (EBAM #787),39.7143,-105.1239,https://wrcc.dri.edu/cgi-bin/rawMAIN4.pl?ide787+02+08+22+M,5,13,-5,1.5,177,31.8,31.8,31.7,28,41,17,-9999,14.4,14.4,14.4,16.70,24:00,https://tools.airfire.org/monitor-qc-report/v2/wrcc?unitID=e787,2.00,3.00,5.00,-1.00,5.00,6.00,2.00,5.00,2.00,6.00,3.00,4.00,4.00,4.00,4.00,7.00,13.00,4.00,5.00,13.00,7.00,8.00,4.00,3.00
