,,Position (Deg.),,,Concentration (µg/m3),,,Wind,,Air Temperature (Deg. C.),,,Humidity (Percent),,,Barometer,Battery Voltage (volts),,,Air Flow (totalizer),,,Concentration by Hour,,,,,,,,,,,,,,,,,,,,,,,
Date,Station,Latitude,Longitude,Station Chart Link,Mean,Max,Min,Ave Vel. (m/s),V. Dir. (Deg),Mean,Max,Min,Mean,Max,Min,Baro. Pressure (mbars),Mean,Max,Min,Mean,Time of latest ob,Airfire QC Report Link,0:00,1:00,2:00,3:00,4:00,5:00,6:00,7:00,8:00,9:00,10:00,11:00,12:00,13:00,14:00,15:00,16:00,17:00,18:00,19:00,20:00,21:00,22:00,23:00
03/15/19,Smoke #13,40.1157,-105.386,https://wrcc.dri.edu/cgi-bin/rawMAIN4.pl?idsm13+15+03+19+M,2,13,0,0.9,342,-1.7,14.8,-11.1,65,82,30,787.1,14.3,14.4,13.5,2.00,24:00,https://tools.airfire.org/monitor-qc-report/v4/wrcc?unitID=sm13,4.00,5.00,7.00,4.00,5.00,5.00,6.00,13.00,6.00,3.00,0.00,0.00,0.00,0.00,0.00,0.00,0.00,0.00,0.00,0.00,0.00,0.00,1.00,2.00
03/15/19,Smoke RMK 125 (Smoke #216),39.4065,-105.4825,https://wrcc.dri.edu/cgi-bin/rawMAIN4.pl?ids216+15+03+19+M,1,4,0,0.8,109,-4.0,13.4,-18.2,66,87,34,763.4,14.4,14.4,14.3,2.00,24:00,https://tools.airfire.org/monitor-qc-report/v2/wrcc?unitID=s216,3.00,2.00,2.00,1.00,2.00,2.00,2.00,2.00,2.00,2.00,0.00,1.00,0.00,0.00,0.00,0.00,1.00,0.00,0.00,0.00,1.00,0.00,0.00,1.00
03/15/19,Smoke RMK 131 (USFS R2-924),39.389,-105.2734,https://wrcc.dri.edu/cgi-bin/rawMAIN4.pl?id2924+15+03+19+M,3,18,0,0.5,168,-4.4,18.5,-20.8,65,90,28,801.0,14.4,14.4,14.2,2.00,24:00,https://tools.airfire.org/monitor-qc-report/v2/wrcc?unitID=2924,2.00,1.00,1.00,18.00,14.00,12.00,5.00,1.00,3.00,2.00,3.00,2.00,2.00,2.00,1.00,9.00,2.00,1.00,1.00,0.00,0.00,0.00,0.00,0.00
03/15/19,Smoke USFS R2-69,38.9793,-105.353,https://wrcc.dri.edu/cgi-bin/rawMAIN4.pl?ids269+15+03+19+M,5,19,0,0.3,1,-5.4,14.3,-21.2,0,1,0,758.0,14.4,14.4,14.3,2.00,24:00,https://tools.airfire.org/monitor-qc-report/v4/wrcc?unitID=s269,0.00,1.00,1.00,5.00,4.00,3.00,4.00,4.00,4.00,4.00,6.00,9.00,18.00,19.00,16.00,10.00,9.00,2.00,0.00,0.00,0.00,0.00,0.00,0.00
03/15/19,Smoke USFS R3-86,35.687,-105.8956,https://wrcc.dri.edu/cgi-bin/rawMAIN4.pl?ids386+15+03+19+M,1,19,-5,0.4,35,5.7,14.1,-0.7,0,1,0,-9999,14.4,14.4,14.4,16.67,24:00,https://tools.airfire.org/monitor-qc-report/v4/wrcc?unitID=s386,14.00,12.00,4.00,1.00,-5.00,-5.00,2.00,10.00,-5.00,-5.00,2.00,-5.00,1.00,6.00,-5.00,-5.00,-5.00,-5.00,-5.00,-5.00,19.00,12.00,-5.00,-5.00
03/15/19,Smoke RMK 411 (EBAM #794),39.7144,-105.124,https://wrcc.dri.edu/cgi-bin/rawMAIN4.pl?ide794+15+03+19+M,-0,3,-5,1.4,-9999,7.0,9.0,4.3,20,24,15,-9999,14.4,14.4,14.4,16.70,24:00,https://tools.airfire.org/monitor-qc-report/v2/wrcc?unitID=e794,-9999,-9999,-9999,-9999,-9999,-9999,-9999,-9999,-9999,-9999,-9999,-9999,-9999,-9999,-9999,-9999,-9999,-9999,-9999,-5.00,3.00,-1.00,2.00,0.00
03/15/19,Smoke RMK 412 (EBAM #840),39.7144,-105.124,https://wrcc.dri.edu/cgi-bin/rawMAIN4.pl?ide840+15+03+19+M,13,67,-5,1.3,-9999,7.2,9.2,4.6,21,26,16,-9999,14.2,14.2,14.2,16.70,24:00,https://tools.airfire.org/monitor-qc-report/v2/wrcc?unitID=e840,-9999,-9999,-9999,-9999,-9999,-9999,-9999,-9999,-9999,-9999,-9999,-9999,-9999,-9999,-9999,-9999,-9999,-9999,67.00,15.00,6.00,8.00,-2.00,3.00
03/15/19,Smoke RMK 415 (EBAM #925),37.4611,-108.5157,https://wrcc.dri.edu/cgi-bin/rawMAIN4.pl?ide925+15+03+19+M,3,14,-5,2.4,350,-7.7,2.6,-17.7,56,76,32,-9999,14.3,14.3,14.2,16.70,24:00,https://tools.airfire.org/monitor-qc-report/v2/wrcc?unitID=e925,3.00,0.00,1.00,0.00,2.00,6.00,2.00,5.00,2.00,3.00,4.00,1.00,-1.00,8.00,-3.00,-2.00,-1.00,8.00,14.00,4.00,4.00,0.00,10.00,-5.00
