,,Position (Deg.),,,Concentration (µg/m3),,,Wind,,Air Temperature (Deg. C.),,,Humidity (Percent),,,Barometer,Battery Voltage (volts),,,Air Flow (totalizer),,,Concentration by Hour,,,,,,,,,,,,,,,,,,,,,,,
Date,Station,Latitude,Longitude,Station Chart Link,Mean,Max,Min,Ave Vel. (m/s),V. Dir. (Deg),Mean,Max,Min,Mean,Max,Min,Baro. Pressure (mbars),Mean,Max,Min,Mean,Time of latest ob,Airfire QC Report Link,0:00,1:00,2:00,3:00,4:00,5:00,6:00,7:00,8:00,9:00,10:00,11:00,12:00,13:00,14:00,15:00,16:00,17:00,18:00,19:00,20:00,21:00,22:00,23:00
01/30/12,Smoke RMK 104 (Smoke #15),33.8535,-85.5449,https://wrcc.dri.edu/cgi-bin/rawMAIN4.pl?idsm15+30+01+12+M,-999000,-99900,-999000,-998.9,-9999,-998.9,-99.9,-998.9,-999,-100,-999,-10.0,-999.0,-99.9,-999.0,-998.90,22:00,https://tools.airfire.org/monitor-qc-report/v2/wrcc?unitID=sm15,-9999,-9999,-9999,-9999,-9999,-9999,-9999,-9999,-9999,-9999,-9999,-9999,-9999,-9999,-9999,-9999,-9999,-9999,-999000.00,-999000.00,-999000.00,-999000.00,-999000.00,-9999
01/30/12,Smoke RMK 107 (Smoke #67),43.565,-116.2087,https://wrcc.dri.edu/cgi-bin/rawMAIN4.pl?idsm67+30+01+12+M,1,3,0,1.0,-9999,16.0,19.6,11.9,32,44,26,-9999,14.2,14.3,14.1,2.00,24:00,https://tools.airfire.org/monitor-qc-report/v2/wrcc?unitID=sm67,-9999,-9999,-9999,-9999,-9999,-9999,-9999,-9999,-9999,-9999,-9999,-9999,-9999,-9999,-9999,-9999,-9999,-9999,3.00,1.00,0.00,0.00,0.00,0.00
01/30/12,Smoke RMK 113 (Smoke #16),33.7918,-85.5595,https://wrcc.dri.edu/cgi-bin/rawMAIN4.pl?idsm16+30+01+12+M,204,751,0,1.1,-9999,15.0,18.6,10.6,22,34,19,-9999,12.6,12.6,12.5,1.89,24:00,https://tools.airfire.org/monitor-qc-report/v2/wrcc?unitID=sm16,-9999,-9999,-9999,-9999,-9999,-9999,-9999,-9999,-9999,-9999,-9999,-9999,-9999,-9999,-9999,-9999,-9999,0.00,129.00,548.00,751.00,-9999,3.00,0.00
01/30/12,Smoke RMK 114 (Smoke #19),43.565,-116.2087,https://wrcc.dri.edu/cgi-bin/rawMAIN4.pl?idsm19+30+01+12+M,3,16,0,1.3,107,8.0,19.2,3.6,49,74,25,-9999,14.4,14.4,14.2,2.00,24:00,https://tools.airfire.org/monitor-qc-report/v2/wrcc?unitID=sm19,5.00,6.00,1.00,0.00,1.00,11.00,13.00,16.00,8.00,8.00,1.00,1.00,1.00,1.00,2.00,3.00,3.00,3.00,3.00,1.00,0.00,0.00,0.00,0.00
01/30/12,Smoke RMK 118 (Smoke #23),33.9078,-85.5353,https://wrcc.dri.edu/cgi-bin/rawMAIN4.pl?idsm23+30+01+12+M,0,0,0,1.2,-9999,21.5,22.4,20.3,15,18,13,-9999,12.8,12.8,12.8,2.00,22:00,https://tools.airfire.org/monitor-qc-report/v2/wrcc?unitID=sm23,-9999,-9999,-9999,-9999,-9999,-9999,-9999,-9999,-9999,-9999,-9999,-9999,-9999,-9999,-9999,-9999,-9999,-9999,-9999,-9999,0.00,0.00,0.00,-9999
01/30/12,Smoke RMK 119 (Smoke #24),33.1996,-86.1926,https://wrcc.dri.edu/cgi-bin/rawMAIN4.pl?idsm24+30+01+12+M,0,1,0,0.8,149,8.4,22.6,-0.1,58,86,11,-9999,14.3,14.4,14.1,2.00,24:00,https://tools.airfire.org/monitor-qc-report/v2/wrcc?unitID=sm24,0.00,0.00,0.00,0.00,0.00,0.00,0.00,0.00,0.00,0.00,0.00,0.00,0.00,0.00,0.00,0.00,0.00,1.00,1.00,1.00,1.00,1.00,1.00,1.00
01/30/12,Smoke #25,46.9251,-114.0923,https://wrcc.dri.edu/cgi-bin/rawMAIN4.pl?idsm25+30+01+12+M,0,0,0,1.6,-9999,5.3,6.1,4.3,92,100,86,-9999,14.1,14.4,12.6,1.67,24:00,https://tools.airfire.org/monitor-qc-report/v4/wrcc?unitID=sm25,-9999,-9999,-9999,-9999,-9999,-9999,-9999,-9999,-9999,-9999,-9999,-9999,-9999,-9999,-9999,-9999,-9999,-9999,-9999,0.00,0.00,0.00,0.00,0.00
01/30/12,Smoke RMK 122 (Smoke #69),33.85,-85.4792,https://wrcc.dri.edu/cgi-bin/rawMAIN4.pl?idsm69+30+01+12+M,15,21,7,1.3,-9999,16.6,17.8,15.1,15,17,12,-9999,12.7,12.7,12.6,1.70,22:00,https://tools.airfire.org/monitor-qc-report/v2/wrcc?unitID=sm69,-9999,-9999,-9999,-9999,-9999,-9999,-9999,-9999,-9999,-9999,-9999,-9999,-9999,-9999,-9999,-9999,-9999,-9999,-9999,-9999,7.00,21.00,17.00,-9999
