,,Position (Deg.),,,Concentration (µg/m3),,,Wind,,Air Temperature (Deg. C.),,,Humidity (Percent),,,Barometer,Battery Voltage (volts),,,Air Flow (totalizer),,,Concentration by Hour,,,,,,,,,,,,,,,,,,,,,,,
Date,Station,Latitude,Longitude,Station Chart Link,Mean,Max,Min,Ave Vel. (m/s),V. Dir. (Deg),Mean,Max,Min,Mean,Max,Min,Baro. Pressure (mbars),Mean,Max,Min,Mean,Time of latest ob,Airfire QC Report Link,0:00,1:00,2:00,3:00,4:00,5:00,6:00,7:00,8:00,9:00,10:00,11:00,12:00,13:00,14:00,15:00,16:00,17:00,18:00,19:00,20:00,21:00,22:00,23:00
06/23/16,Smoke USFS R1-52,48.8978,-115.0584,https://wrcc.dri.edu/cgi-bin/rawMAIN4.pl?ids152+23+06+16+M,7,13,0,0.9,112,19.8,32.0,10.6,53,83,21,920.1,14.1,14.3,13.9,2.00,24:00,https://tools.airfire.org/monitor-qc-report/v4/wrcc?unitID=s152,0.00,0.00,1.00,1.00,4.00,7.00,8.00,10.00,11.00,12.00,12.00,13.00,13.00,13.00,12.00,11.00,10.00,9.00,7.00,4.00,3.00,1.00,2.00,2.00
06/23/16,Smoke USFS R2-65,34.1233,-109.9264,https://wrcc.dri.edu/cgi-bin/rawMAIN4.pl?ids265+23+06+16+M,20,67,1,0.3,2,25.3,34.6,15.0,31,54,14,788.7,14.0,14.1,13.9,1.68,24:00,https://tools.airfire.org/monitor-qc-report/v4/wrcc?unitID=s265,35.00,27.00,13.00,33.00,67.00,56.00,58.00,38.00,19.00,11.00,10.00,10.00,10.00,9.00,7.00,3.00,1.00,1.00,10.00,16.00,27.00,21.00,16.00,9.00
06/23/16,Smoke USFS R2-69,38.9792,-105.3531,https://wrcc.dri.edu/cgi-bin/rawMAIN4.pl?ids269+23+06+16+M,2,6,0,0.3,1,18.1,31.3,10.6,1,1,0,762.2,14.2,14.3,12.8,2.00,24:00,https://tools.airfire.org/monitor-qc-report/v4/wrcc?unitID=s269,4.00,4.00,3.00,4.00,2.00,1.00,2.00,0.00,1.00,0.00,1.00,1.00,0.00,0.00,0.00,0.00,1.00,1.00,2.00,3.00,1.00,2.00,6.00,1.00
06/23/16,Smoke USFS R3-28,34.7654,-106.0605,https://wrcc.dri.edu/cgi-bin/rawMAIN4.pl?ids328+23+06+16+M,6,41,-5,1.7,-9999,24.5,34.9,17.8,0,1,0,-10.0,14.4,14.4,14.4,16.69,16:00,https://tools.airfire.org/monitor-qc-report/v4/wrcc?unitID=s328,9.00,-5.00,-5.00,-5.00,-5.00,-2.00,-5.00,41.00,15.00,13.00,10.00,11.00,3.00,7.00,11.00,9.00,7.00,-9999,-9999,-9999,-9999,-9999,-9999,-9999
06/23/16,Smoke RMK 407 (EBAM #231),33.7918,-109.9892,https://wrcc.dri.edu/cgi-bin/rawMAIN4.pl?ide231+23+06+16+M,6,22,-2,1.8,-9999,23.2,32.2,13.6,22,42,8,-9999,14.0,14.0,13.9,16.70,23:00,https://tools.airfire.org/monitor-qc-report/v2/wrcc?unitID=e231,8.00,8.00,11.00,3.00,1.00,7.00,-1.00,-2.00,1.00,9.00,3.00,10.00,9.00,5.00,6.00,22.00,20.00,12.00,3.00,4.00,6.00,2.00,4.00,2.00
06/23/16,Smoke RMK 415 (EBAM #925),34.5075,-110.0799,https://wrcc.dri.edu/cgi-bin/rawMAIN4.pl?ide925+23+06+16+M,18,53,-4,0.8,209,24.6,33.4,13.3,23,51,6,-9999,14.1,14.1,14.0,16.69,24:00,https://tools.airfire.org/monitor-qc-report/v2/wrcc?unitID=e925,5.00,1.00,-4.00,4.00,2.00,5.00,8.00,6.00,6.00,12.00,22.00,37.00,53.00,47.00,37.00,34.00,49.00,29.00,22.00,14.00,11.00,9.00,5.00,5.00
06/23/16,RSF Smoke Monitor #1,42.1941,-122.7086,https://wrcc.dri.edu/cgi-bin/rawMAIN4.pl?idsmrs+23+06+16+M,0,0,0,1.9,305,21.3,32.1,11.1,43,79,19,947.9,14.2,14.4,14.1,2.00,24:00,https://tools.airfire.org/monitor-qc-report/v4/wrcc?unitID=smrs,0.00,0.00,0.00,0.00,0.00,0.00,0.00,0.00,0.00,0.00,0.00,0.00,0.00,0.00,0.00,0.00,0.00,0.00,0.00,0.00,0.00,0.00,0.00,0.00
06/23/16,Smoke USFS 3015,34.26,-110.0495,https://wrcc.dri.edu/cgi-bin/rawMAIN4.pl?ids315+23+06+16+M,19,80,0,2.0,27,27.7,35.2,19.4,26,40,14,811.2,14.2,14.3,14.1,1.30,24:00,https://tools.airfire.org/monitor-qc-report/v4/wrcc?unitID=s315,1.00,0.00,0.00,1.00,1.00,1.00,3.00,11.00,39.00,80.00,62.00,51.00,27.00,13.00,22.00,21.00,25.00,29.00,21.00,8.00,7.00,1.00,15.00,14.00
