,,Position (Deg.),,,Concentration (µg/m3),,,Wind,,Air Temperature (Deg. C.),,,Humidity (Percent),,,Barometer,Battery Voltage (volts),,,Air Flow (totalizer),,,Concentration by Hour,,,,,,,,,,,,,,,,,,,,,,,
Date,Station,Latitude,Longitude,Station Chart Link,Mean,Max,Min,Ave Vel. (m/s),V. Dir. (Deg),Mean,Max,Min,Mean,Max,Min,Baro. Pressure (mbars),Mean,Max,Min,Mean,Time of latest ob,Airfire QC Report Link,0:00,1:00,2:00,3:00,4:00,5:00,6:00,7:00,8:00,9:00,10:00,11:00,12:00,13:00,14:00,15:00,16:00,17:00,18:00,19:00,20:00,21:00,22:00,23:00
07/01/13,Smoke RMK 104 (Smoke #15),33.1483,-107.2485,https://wrcc.dri.edu/cgi-bin/rawMAIN4.pl?idsm15+01+07+13+M,7,43,0,1.4,293,28.8,41.6,20.8,51,79,20,867.1,14.0,14.1,13.9,2.00,24:00,https://tools.airfire.org/monitor-qc-report/v2/wrcc?unitID=sm15,7.00,43.00,37.00,17.00,8.00,13.00,5.00,5.00,5.00,5.00,5.00,4.00,3.00,2.00,2.00,2.00,2.00,2.00,1.00,1.00,1.00,0.00,0.00,0.00
07/01/13,Smoke RMK 107 (Smoke #67),36.0177,-106.0656,https://wrcc.dri.edu/cgi-bin/rawMAIN4.pl?idsm67+01+07+13+M,1,4,0,0.8,171,27.4,42.6,17.1,52,100,16,832.5,14.0,14.2,13.9,2.00,24:00,https://tools.airfire.org/monitor-qc-report/v2/wrcc?unitID=sm67,4.00,4.00,3.00,2.00,3.00,1.00,0.00,0.00,0.00,0.00,0.00,0.00,0.00,0.00,0.00,1.00,2.00,2.00,1.00,2.00,2.00,2.00,2.00,3.00
07/01/13,Smoke USFS R9-17,43.6993,-66.4518,https://wrcc.dri.edu/cgi-bin/rawMAIN4.pl?ids917+01+07+13+M,13002,182000,2,0.8,-9999,14.4,22.4,-71.7,93,100,9,923.1,13.8,95.0,-71.7,4.98,14:00,https://tools.airfire.org/monitor-qc-report/v4/wrcc?unitID=s917,4.00,2.00,2.00,2.00,2.00,2.00,2.00,3.00,3.00,4.00,3.00,3.00,3.00,3.00,182000.00,-9999,-9999,-9999,-9999,-9999,-9999,-9999,-9999,-9999
07/01/13,Smoke USFS R1-53,46.9269,-114.0961,https://wrcc.dri.edu/cgi-bin/rawMAIN4.pl?ids153+01+07+13+M,0,0,0,0.8,-9999,24.9,39.4,17.8,55,78,24,906.6,14.2,14.3,14.0,0.00,16:00,https://tools.airfire.org/monitor-qc-report/v4/wrcc?unitID=s153,0.00,0.00,0.00,0.00,0.00,0.00,0.00,0.00,0.00,0.00,0.00,0.00,0.00,0.00,0.00,0.00,0.00,-9999,-9999,-9999,-9999,-9999,-9999,-9999
07/01/13,Smoke USFS R2-65,37.2737,-106.9875,https://wrcc.dri.edu/cgi-bin/rawMAIN4.pl?ids265+01+07+13+M,2,8,0,0.3,257,21.3,34.3,9.1,71,100,48,788.5,14.4,14.4,14.4,2.00,24:00,https://tools.airfire.org/monitor-qc-report/v4/wrcc?unitID=s265,3.00,3.00,4.00,3.00,1.00,2.00,2.00,2.00,2.00,2.00,2.00,2.00,2.00,4.00,4.00,4.00,8.00,4.00,1.00,1.00,0.00,1.00,2.00,1.00
07/01/13,Smoke USFS R2-69,37.7644,-107.1107,https://wrcc.dri.edu/cgi-bin/rawMAIN4.pl?ids269+01+07+13+M,29,114,0,0.3,1,16.2,28.8,4.2,1,1,0,738.3,14.2,14.4,13.3,2.00,24:00,https://tools.airfire.org/monitor-qc-report/v4/wrcc?unitID=s269,8.00,2.00,35.00,21.00,19.00,24.00,46.00,27.00,18.00,31.00,34.00,16.00,114.00,38.00,53.00,58.00,43.00,43.00,8.00,10.00,0.00,26.00,10.00,2.00
07/01/13,Smoke USFS R2-78,37.8465,-106.9262,https://wrcc.dri.edu/cgi-bin/rawMAIN4.pl?ids278+01+07+13+M,13,63,0,0.3,1,16.0,30.6,6.2,0,1,0,742.5,14.2,14.4,14.0,2.00,24:00,https://tools.airfire.org/monitor-qc-report/v4/wrcc?unitID=s278,0.00,0.00,0.00,0.00,0.00,0.00,0.00,0.00,0.00,0.00,0.00,1.00,13.00,19.00,62.00,28.00,59.00,63.00,51.00,18.00,0.00,0.00,0.00,0.00
07/01/13,Smoke USFS R3-28,35.994,-105.3714,https://wrcc.dri.edu/cgi-bin/rawMAIN4.pl?ids328+01+07+13+M,4,16,-5,0.9,288,13.7,21.1,8.0,0,1,0,-10.0,14.3,14.4,14.2,16.69,24:00,https://tools.airfire.org/monitor-qc-report/v4/wrcc?unitID=s328,13.00,1.00,9.00,-5.00,7.00,-5.00,0.00,2.00,3.00,-4.00,-3.00,2.00,0.00,1.00,6.00,6.00,9.00,16.00,11.00,10.00,3.00,-5.00,8.00,3.00
