,,Position (Deg.),,,Concentration (µg/m3),,,Wind,,Air Temperature (Deg. C.),,,Humidity (Percent),,,Barometer,Battery Voltage (volts),,,Air Flow (totalizer),,,Concentration by Hour,,,,,,,,,,,,,,,,,,,,,,,
Date,Station,Latitude,Longitude,Station Chart Link,Mean,Max,Min,Ave Vel. (m/s),V. Dir. (Deg),Mean,Max,Min,Mean,Max,Min,Baro. Pressure (mbars),Mean,Max,Min,Mean,Time of latest ob,Airfire QC Report Link,0:00,1:00,2:00,3:00,4:00,5:00,6:00,7:00,8:00,9:00,10:00,11:00,12:00,13:00,14:00,15:00,16:00,17:00,18:00,19:00,20:00,21:00,22:00,23:00
10/28/19,Smoke RMK 104 (Smoke #15),39.761,-105.68,https://wrcc.dri.edu/cgi-bin/rawMAIN4.pl?idsm15+28+10+19+M,1,3,0,1.3,99,-11.2,-0.8,-15.9,63,74,28,732.5,14.4,14.4,14.4,2.00,24:00,https://tools.airfire.org/monitor-qc-report/v2/wrcc?unitID=sm15,23.00,0.00,0.00,1.00,1.00,1.00,0.00,0.00,3.00,0.00,0.00,0.00,1.00,0.00,1.00,1.00,1.00,1.00,0.00,0.00,0.00,0.00,0.00,0.00
10/28/19,Smoke RMK 108 (Smoke #456),37.2363,-107.4462,https://wrcc.dri.edu/cgi-bin/rawMAIN4.pl?ids456+28+10+19+M,5,16,0,1.7,223,4.5,14.0,-1.5,58,98,21,762.6,14.4,14.4,14.2,2.00,24:00,https://tools.airfire.org/monitor-qc-report/v2/wrcc?unitID=s456,2.00,8.00,16.00,8.00,11.00,11.00,9.00,5.00,4.00,14.00,16.00,3.00,3.00,1.00,2.00,0.00,0.00,0.00,0.00,0.00,0.00,0.00,1.00,1.00
10/28/19,Smoke RMK 110 (Smoke #215),40.0771,-105.9295,https://wrcc.dri.edu/cgi-bin/rawMAIN4.pl?ids215+28+10+19+M,0,1,0,1.1,353,0.1,4.0,-2.4,74,89,45,748.5,14.4,14.4,14.4,2.00,24:00,https://tools.airfire.org/monitor-qc-report/v2/wrcc?unitID=s215,0.00,0.00,0.00,0.00,0.00,0.00,0.00,1.00,0.00,1.00,0.00,0.00,0.00,0.00,0.00,0.00,0.00,0.00,0.00,0.00,0.00,0.00,0.00,0.00
10/28/19,Smoke RMK 112 (Smoke #11),38.822,-106.11,https://wrcc.dri.edu/cgi-bin/rawMAIN4.pl?idsm11+28+10+19+M,0,7,0,2.0,174,-2.6,6.0,-8.1,72,85,40,754.0,14.4,14.4,14.4,2.00,24:00,https://tools.airfire.org/monitor-qc-report/v2/wrcc?unitID=sm11,1.00,0.00,0.00,0.00,0.00,0.00,0.00,0.00,0.00,0.00,0.00,0.00,0.00,0.00,1.00,0.00,0.00,0.00,0.00,0.00,0.00,0.00,0.00,0.00
10/28/19,Smoke RMK 114 (Smoke #19),37.4697,-88.1585,https://wrcc.dri.edu/cgi-bin/rawMAIN4.pl?idsm19+28+10+19+M,1,2,0,0.5,306,14.2,17.1,11.4,87,95,72,-9999,14.3,14.3,14.2,2.00,24:00,https://tools.airfire.org/monitor-qc-report/v2/wrcc?unitID=sm19,1.00,1.00,2.00,2.00,1.00,1.00,1.00,1.00,0.00,0.00,0.00,0.00,0.00,1.00,2.00,2.00,1.00,1.00,1.00,1.00,0.00,0.00,1.00,0.00
10/28/19,Smoke RMK 115 (Smoke #20),39.7143,-105.124,https://wrcc.dri.edu/cgi-bin/rawMAIN4.pl?idsm20+28+10+19+M,1,4,0,0.3,1,-4.3,4.3,-7.5,77,84,57,823.4,14.4,14.4,14.4,2.00,24:00,https://tools.airfire.org/monitor-qc-report/v2/wrcc?unitID=sm20,4.00,4.00,1.00,0.00,1.00,1.00,1.00,1.00,1.00,1.00,1.00,1.00,0.00,1.00,1.00,1.00,1.00,2.00,2.00,3.00,3.00,2.00,2.00,2.00
10/28/19,Smoke RMK 119 (Smoke #24),39.7143,-105.124,https://wrcc.dri.edu/cgi-bin/rawMAIN4.pl?idsm24+28+10+19+M,1,3,0,0.3,62,-4.5,4.5,-7.6,80,88,56,823.2,14.4,14.4,14.4,2.00,24:00,https://tools.airfire.org/monitor-qc-report/v2/wrcc?unitID=sm24,0.00,0.00,0.00,0.00,0.00,0.00,0.00,0.00,0.00,0.00,0.00,0.00,0.00,0.00,0.00,0.00,1.00,1.00,2.00,2.00,2.00,2.00,3.00,3.00
10/28/19,Smoke RMK 123 (Smoke #209),39.1276,-105.0754,https://wrcc.dri.edu/cgi-bin/rawMAIN4.pl?ids209+28+10+19+M,0,1,0,0.3,321,-6.6,5.7,-10.9,74,84,44,744.8,14.4,14.4,14.4,2.00,24:00,https://tools.airfire.org/monitor-qc-report/v2/wrcc?unitID=s209,0.00,0.00,0.00,0.00,1.00,1.00,1.00,0.00,0.00,0.00,0.00,0.00,0.00,0.00,0.00,0.00,0.00,0.00,1.00,1.00,0.00,0.00,0.00,0.00
10/28/19,Smoke RMK 127 (Smoke #454),42.5747,-121.8846,https://wrcc.dri.edu/cgi-bin/rawMAIN4.pl?ids454+28+10+19+M,31,115,0,0.3,349,-4.3,8.3,-11.2,54,75,27,873.2,14.4,14.4,14.3,2.00,24:00,https://tools.airfire.org/monitor-qc-report/v2/wrcc?unitID=s454,0.00,0.00,0.00,1.00,1.00,1.00,2.00,9.00,10.00,11.00,7.00,11.00,27.00,89.00,99.00,72.00,88.00,115.00,85.00,60.00,25.00,12.00,6.00,4.00
10/28/19,Smoke USFS R2-69,38.9793,-105.353,https://wrcc.dri.edu/cgi-bin/rawMAIN4.pl?ids269+28+10+19+M,2,9,0,0.3,1,-5.3,4.8,-10.3,0,-9999,-9999,748.8,14.4,14.4,14.4,2.00,24:00,https://tools.airfire.org/monitor-qc-report/v4/wrcc?unitID=s269,4.00,2.00,3.00,1.00,2.00,8.00,7.00,9.00,6.00,2.00,2.00,2.00,2.00,2.00,4.00,2.00,1.00,1.00,0.00,0.00,0.00,0.00,0.00,0.00
10/28/19,Smoke RMK 408 (EBAM #418),40.7768,-111.9459,https://wrcc.dri.edu/cgi-bin/rawMAIN4.pl?ide418+28+10+19+M,3,14,-5,1.8,235,-3.6,1.6,-9.0,37,51,13,-9999,13.9,14.0,13.8,16.70,24:00,https://tools.airfire.org/monitor-qc-report/v2/wrcc?unitID=e418,5.00,4.00,-2.00,2.00,7.00,1.00,0.00,-1.00,5.00,1.00,4.00,-2.00,3.00,-5.00,4.00,14.00,2.00,3.00,5.00,1.00,9.00,3.00,9.00,-1.00
10/28/19,Smoke RMK 409 (EBAM #592),40.7769,-111.9459,https://wrcc.dri.edu/cgi-bin/rawMAIN4.pl?ide592+28+10+19+M,2,10,-3,1.9,270,-0.7,4.5,-5.9,42,55,20,-9999,14.3,14.3,14.2,16.70,24:00,https://tools.airfire.org/monitor-qc-report/v2/wrcc?unitID=e592,4.00,-1.00,5.00,-1.00,3.00,0.00,0.00,3.00,2.00,-3.00,4.00,-2.00,4.00,3.00,4.00,-3.00,1.00,10.00,2.00,3.00,7.00,9.00,0.00,2.00
10/28/19,Smoke RMK 411 (EBAM #794),39.16,-105.1202,https://wrcc.dri.edu/cgi-bin/rawMAIN4.pl?ide794+28+10+19+M,1,10,-5,0.7,2,-9.2,-0.7,-13.2,71,84,40,-9999,14.4,14.4,14.4,16.70,24:00,https://tools.airfire.org/monitor-qc-report/v2/wrcc?unitID=e794,5.00,0.00,2.00,-1.00,7.00,3.00,-1.00,10.00,4.00,-4.00,5.00,4.00,-3.00,6.00,1.00,-1.00,3.00,-5.00,3.00,-5.00,-5.00,2.00,-2.00,6.00
10/28/19,Smoke USFS 3015,47.7829,-116.6654,https://wrcc.dri.edu/cgi-bin/rawMAIN4.pl?ids315+28+10+19+M,0,3,0,0.5,94,1.8,9.9,-0.5,74,87,42,938.8,14.4,14.4,14.4,2.00,24:00,https://tools.airfire.org/monitor-qc-report/v4/wrcc?unitID=s315,1.00,0.00,0.00,0.00,0.00,0.00,0.00,0.00,0.00,0.00,0.00,0.00,0.00,0.00,0.00,0.00,0.00,0.00,0.00,0.00,3.00,3.00,1.00,0.00
10/28/19,Smoke USFS 3016,47.5261,-113.7081,https://wrcc.dri.edu/cgi-bin/rawMAIN4.pl?ids316+28+10+19+M,2,11,0,0.9,86,-0.8,2.3,-7.1,72,88,40,886.2,14.4,14.4,14.4,1.37,24:00,https://tools.airfire.org/monitor-qc-report/v4/wrcc?unitID=s316,0.00,11.00,2.00,4.00,2.00,1.00,1.00,1.00,1.00,2.00,1.00,1.00,2.00,2.00,1.00,3.00,4.00,2.00,0.00,0.00,0.00,0.00,0.00,0.00
10/28/19,Lolo NF Smoke #1,46.8985,-113.964,https://wrcc.dri.edu/cgi-bin/rawMAIN4.pl?idsml1+28+10+19+M,0,2,0,0.9,21,-1.7,1.5,-7.0,79,90,62,899.8,14.4,14.4,14.4,2.00,24:00,https://tools.airfire.org/monitor-qc-report/v4/wrcc?unitID=sml1,0.00,0.00,0.00,0.00,0.00,0.00,0.00,0.00,0.00,0.00,0.00,1.00,2.00,1.00,1.00,1.00,0.00,1.00,1.00,1.00,1.00,0.00,0.00,0.00
