,,Position (Deg.),,,Concentration (µg/m3),,,Wind,,Air Temperature (Deg. C.),,,Humidity (Percent),,,Barometer,Battery Voltage (volts),,,Air Flow (totalizer),,,Concentration by Hour,,,,,,,,,,,,,,,,,,,,,,,
Date,Station,Latitude,Longitude,Station Chart Link,Mean,Max,Min,Ave Vel. (m/s),V. Dir. (Deg),Mean,Max,Min,Mean,Max,Min,Baro. Pressure (mbars),Mean,Max,Min,Mean,Time of latest ob,Airfire QC Report Link,0:00,1:00,2:00,3:00,4:00,5:00,6:00,7:00,8:00,9:00,10:00,11:00,12:00,13:00,14:00,15:00,16:00,17:00,18:00,19:00,20:00,21:00,22:00,23:00
09/02/16,Smoke RMK 105 (Smoke #17),40.7326,-106.2806,https://wrcc.dri.edu/cgi-bin/rawMAIN4.pl?idsm17+02+09+16+M,0,1,0,1.8,188,17.0,26.7,11.9,52,78,27,756.7,14.3,14.4,14.2,2.00,24:00,https://tools.airfire.org/monitor-qc-report/v2/wrcc?unitID=sm17,0.00,0.00,1.00,1.00,1.00,1.00,1.00,1.00,1.00,1.00,0.00,0.00,0.00,0.00,0.00,0.00,0.00,0.00,0.00,0.00,0.00,0.00,0.00,0.00
09/02/16,Smoke RMK 110 (Smoke #215),44.9713,-110.6893,https://wrcc.dri.edu/cgi-bin/rawMAIN4.pl?ids215+02+09+16+M,7,21,0,0.3,109,23.2,30.2,14.8,29,51,16,814.7,14.1,14.2,14.0,2.00,24:00,https://tools.airfire.org/monitor-qc-report/v2/wrcc?unitID=s215,12.00,12.00,8.00,3.00,1.00,0.00,0.00,9.00,15.00,12.00,5.00,6.00,3.00,7.00,9.00,21.00,3.00,4.00,3.00,3.00,4.00,5.00,9.00,8.00
09/02/16,Smoke RMK 114 (Smoke #19),44.0787,-115.4959,https://wrcc.dri.edu/cgi-bin/rawMAIN4.pl?idsm19+02+09+16+M,21,59,1,0.8,128,16.2,32.5,7.9,49,84,10,-9999,14.3,14.4,14.0,2.00,24:00,https://tools.airfire.org/monitor-qc-report/v2/wrcc?unitID=sm19,4.00,2.00,1.00,1.00,1.00,2.00,5.00,9.00,21.00,34.00,36.00,36.00,40.00,42.00,52.00,55.00,58.00,59.00,25.00,6.00,2.00,2.00,1.00,2.00
09/02/16,Smoke RMK 118 (Smoke #23),44.0902,-115.9593,https://wrcc.dri.edu/cgi-bin/rawMAIN4.pl?idsm23+02+09+16+M,8,14,1,1.2,154,18.0,34.4,10.7,50,77,13,903.9,14.1,14.2,13.9,2.00,24:00,https://tools.airfire.org/monitor-qc-report/v2/wrcc?unitID=sm23,2.00,1.00,3.00,7.00,8.00,8.00,8.00,10.00,8.00,9.00,9.00,10.00,9.00,9.00,10.00,13.00,13.00,13.00,14.00,14.00,9.00,3.00,3.00,3.00
09/02/16,Smoke RMK 121 (Smoke #68),38.3394,-112.5471,https://wrcc.dri.edu/cgi-bin/rawMAIN4.pl?idsm68+02+09+16+M,6,33,0,0.9,5,18.4,27.3,12.7,63,91,35,797.5,14.3,14.4,14.2,2.00,24:00,https://tools.airfire.org/monitor-qc-report/v2/wrcc?unitID=sm68,0.00,0.00,0.00,1.00,4.00,4.00,18.00,33.00,25.00,22.00,19.00,14.00,12.00,2.00,0.00,0.00,0.00,0.00,0.00,0.00,0.00,0.00,0.00,0.00
09/02/16,Smoke RMK 126 (Smoke #217),44.2113,-114.9361,https://wrcc.dri.edu/cgi-bin/rawMAIN4.pl?ids217+02+09+16+M,19,44,6,1.8,226,13.1,27.3,4.4,47,82,16,803.2,14.3,14.4,14.2,2.00,24:00,https://tools.airfire.org/monitor-qc-report/v2/wrcc?unitID=s217,7.00,6.00,10.00,12.00,8.00,11.00,16.00,14.00,24.00,24.00,29.00,31.00,28.00,44.00,34.00,42.00,26.00,24.00,12.00,13.00,13.00,12.00,16.00,9.00
09/02/16,Smoke RMK 129 (USFS R2-922),37.2364,-107.4454,https://wrcc.dri.edu/cgi-bin/rawMAIN4.pl?id2922+02+09+16+M,0,1,0,0.8,1,18.4,30.1,12.3,80,99,42,775.5,14.2,14.2,14.0,2.00,24:00,https://tools.airfire.org/monitor-qc-report/v2/wrcc?unitID=2922,0.00,0.00,1.00,0.00,0.00,0.00,0.00,0.00,0.00,0.00,0.00,0.00,0.00,0.00,0.00,0.00,0.00,0.00,0.00,0.00,0.00,0.00,0.00,0.00
09/02/16,Smoke RMK 131 (USFS R2-924),37.4611,-108.5157,https://wrcc.dri.edu/cgi-bin/rawMAIN4.pl?id2924+02+09+16+M,58,89,0,1.8,217,20.1,29.6,14.4,1,-9999,-9999,788.6,14.3,14.3,14.1,2.00,24:00,https://tools.airfire.org/monitor-qc-report/v2/wrcc?unitID=2924,0.00,14.00,80.00,89.00,89.00,88.00,86.00,82.00,82.00,82.00,83.00,84.00,84.00,84.00,85.00,84.00,80.00,79.00,42.00,0.00,0.00,0.00,0.00,0.00
09/02/16,FWS Smoke #1,46.9015,-121.0159,https://wrcc.dri.edu/cgi-bin/rawMAIN4.pl?idsmf1+02+09+16+M,0,0,0,0.8,279,10.7,18.1,7.0,72,90,45,934.8,14.3,14.4,14.2,2.00,24:00,https://tools.airfire.org/monitor-qc-report/v4/wrcc?unitID=smf1,0.00,0.00,0.00,0.00,0.00,0.00,0.00,0.00,0.00,0.00,0.00,0.00,0.00,0.00,0.00,0.00,0.00,0.00,0.00,0.00,0.00,0.00,0.00,0.00
09/02/16,Smoke #86,47.6074,-114.6648,https://wrcc.dri.edu/cgi-bin/rawMAIN4.pl?idsm86+02+09+16+M,12,35,0,2.1,249,17.7,28.4,12.5,51,87,24,912.8,14.1,14.2,13.9,2.00,24:00,https://tools.airfire.org/monitor-qc-report/v4/wrcc?unitID=sm86,17.00,19.00,27.00,23.00,35.00,23.00,22.00,17.00,11.00,11.00,27.00,24.00,16.00,12.00,6.00,3.00,2.00,0.00,0.00,0.00,0.00,0.00,0.00,0.00
09/02/16,Smoke USFS R1-52,48.8978,-115.0584,https://wrcc.dri.edu/cgi-bin/rawMAIN4.pl?ids152+02+09+16+M,7,9,3,1.1,137,16.0,25.6,12.4,60,86,31,919.2,14.2,14.2,14.0,2.00,24:00,https://tools.airfire.org/monitor-qc-report/v4/wrcc?unitID=s152,7.00,7.00,3.00,4.00,5.00,7.00,9.00,9.00,9.00,9.00,8.00,9.00,8.00,8.00,8.00,8.00,7.00,7.00,7.00,6.00,5.00,5.00,6.00,5.00
09/02/16,Smoke USFS R1-53,47.4654,-114.8801,https://wrcc.dri.edu/cgi-bin/rawMAIN4.pl?ids153+02+09+16+M,4,10,2,1.5,121,18.4,28.1,13.3,55,89,26,925.8,14.2,14.3,14.1,2.00,24:00,https://tools.airfire.org/monitor-qc-report/v4/wrcc?unitID=s153,9.00,8.00,10.00,8.00,4.00,6.00,5.00,7.00,7.00,8.00,5.00,3.00,5.00,4.00,5.00,4.00,2.00,2.00,2.00,2.00,2.00,2.00,2.00,2.00
09/02/16,Smoke USFS R2-65,44.7785,-111.1102,https://wrcc.dri.edu/cgi-bin/rawMAIN4.pl?ids265+02+09+16+M,28,155,2,1.4,144,17.7,25.4,9.2,42,78,19,796.5,14.0,14.1,14.0,2.00,24:00,https://tools.airfire.org/monitor-qc-report/v4/wrcc?unitID=s265,1.00,2.00,2.00,2.00,3.00,6.00,7.00,81.00,57.00,4.00,4.00,28.00,131.00,104.00,155.00,46.00,3.00,2.00,2.00,3.00,4.00,4.00,5.00,4.00
09/02/16,Smoke USFS R2-69,38.9792,-105.353,https://wrcc.dri.edu/cgi-bin/rawMAIN4.pl?ids269+02+09+16+M,1695,10208,0,0.3,1,18.3,26.9,10.9,1,-9999,-9999,760.4,14.2,14.3,14.1,2.00,24:00,https://tools.airfire.org/monitor-qc-report/v4/wrcc?unitID=s269,10301.00,13.00,2.00,10202.00,10208.00,10196.00,6.00,1.00,1.00,0.00,1.00,10052.00,0.00,1.00,0.00,0.00,0.00,0.00,1.00,0.00,1.00,1.00,1.00,0.00
09/02/16,Smoke NPS Yosemite 01,37.6472,-119.7039,https://wrcc.dri.edu/cgi-bin/rawMAIN4.pl?idsmy1+02+09+16+M,5,10,-1,0.8,78,13.2,19.7,7.9,45,65,26,-9999,14.4,14.4,14.4,16.68,24:00,https://tools.airfire.org/monitor-qc-report/v4/wrcc?unitID=smy1,6.00,-1.00,4.00,5.00,5.00,6.00,0.00,1.00,5.00,6.00,2.00,7.00,10.00,8.00,5.00,8.00,1.00,9.00,7.00,8.00,3.00,1.00,6.00,4.00
09/02/16,Smoke RMK 415 (EBAM #925),37.0242,-107.4144,https://wrcc.dri.edu/cgi-bin/rawMAIN4.pl?ide925+02+09+16+M,5,12,-4,2.3,74,18.1,26.2,12.9,64,89,28,-9999,14.2,14.2,14.1,16.70,24:00,https://tools.airfire.org/monitor-qc-report/v2/wrcc?unitID=e925,-5.00,11.00,3.00,1.00,2.00,7.00,9.00,9.00,2.00,2.00,5.00,7.00,2.00,10.00,-1.00,7.00,5.00,7.00,4.00,12.00,9.00,11.00,8.00,-4.00
09/02/16,Smoke USFS R1-306,46.7534,-114.0902,https://wrcc.dri.edu/cgi-bin/rawMAIN4.pl?id1306+02+09+16+M,4,12,0,1.7,23,18.8,29.6,14.2,47,62,24,-9999,14.2,14.2,14.0,2.00,24:00,https://tools.airfire.org/monitor-qc-report/v4/wrcc?unitID=1306,8.00,3.00,3.00,5.00,10.00,10.00,12.00,11.00,10.00,9.00,7.00,7.00,5.00,2.00,4.00,2.00,1.00,1.00,1.00,0.00,0.00,0.00,0.00,0.00
09/02/16,Smoke USFS R1-307,47.3173,-114.0911,https://wrcc.dri.edu/cgi-bin/rawMAIN4.pl?id1307+02+09+16+M,11,26,1,0.8,70,18.1,32.4,12.5,66,90,29,-9999,14.3,14.4,14.0,2.00,24:00,https://tools.airfire.org/monitor-qc-report/v4/wrcc?unitID=1307,3.00,9.00,14.00,14.00,21.00,23.00,26.00,22.00,19.00,17.00,14.00,12.00,11.00,13.00,11.00,10.00,10.00,7.00,6.00,3.00,3.00,2.00,1.00,2.00
09/02/16,Smoke USFS 3016,44.662,-111.114,https://wrcc.dri.edu/cgi-bin/rawMAIN4.pl?ids316+02+09+16+M,2,5,0,3.2,178,18.8,25.2,11.1,39,68,22,795.3,14.0,14.2,13.5,1.30,24:00,https://tools.airfire.org/monitor-qc-report/v4/wrcc?unitID=s316,1.00,1.00,2.00,2.00,1.00,0.00,1.00,1.00,2.00,2.00,2.00,2.00,2.00,1.00,2.00,2.00,2.00,2.00,3.00,4.00,5.00,5.00,5.00,4.00
