,,Position (Deg.),,,Concentration (µg/m3),,,Wind,,Air Temperature (Deg. C.),,,Humidity (Percent),,,Barometer,Battery Voltage (volts),,,Air Flow (totalizer),,,Concentration by Hour,,,,,,,,,,,,,,,,,,,,,,,
Date,Station,Latitude,Longitude,Station Chart Link,Mean,Max,Min,Ave Vel. (m/s),V. Dir. (Deg),Mean,Max,Min,Mean,Max,Min,Baro. Pressure (mbars),Mean,Max,Min,Mean,Time of latest ob,Airfire QC Report Link,0:00,1:00,2:00,3:00,4:00,5:00,6:00,7:00,8:00,9:00,10:00,11:00,12:00,13:00,14:00,15:00,16:00,17:00,18:00,19:00,20:00,21:00,22:00,23:00
08/11/23,Smoke RMK 100 (Smoke #659),38.541,-106.9313,https://wrcc.dri.edu/cgi-bin/rawMAIN4.pl?ids659+11+08+23+M,4,13,1,0.9,297,17.7,28.5,9.8,59,87,21,772.8,14.5,14.5,14.4,2.00,24:00,https://tools.airfire.org/monitor-qc-report/v2/wrcc?unitID=s659,1.00,1.00,2.00,3.00,3.00,5.00,4.00,5.00,3.00,6.00,13.00,7.00,5.00,7.00,8.00,8.00,6.00,4.00,4.00,3.00,2.00,1.00,1.00,1.00
08/11/23,Smoke RMK 101 (Smoke #660),37.5828,-106.1537,https://wrcc.dri.edu/cgi-bin/rawMAIN4.pl?ids660+11+08+23+M,2,4,1,1.0,225,18.0,25.5,8.9,53,87,27,772.6,14.6,14.6,14.5,2.00,24:00,https://tools.airfire.org/monitor-qc-report/v2/wrcc?unitID=s660,1.00,2.00,1.00,1.00,1.00,2.00,1.00,1.00,1.00,1.00,1.00,2.00,2.00,3.00,3.00,4.00,2.00,2.00,2.00,1.00,1.00,1.00,1.00,1.00
08/11/23,Smoke RMK 105 (Smoke #17),38.5263,-106.9614,https://wrcc.dri.edu/cgi-bin/rawMAIN4.pl?idsm17+11+08+23+M,3,7,0,0.7,204,18.0,29.1,9.8,68,97,26,771.6,14.4,14.5,14.3,2.00,24:00,https://tools.airfire.org/monitor-qc-report/v2/wrcc?unitID=sm17,1.00,1.00,5.00,6.00,2.00,2.00,1.00,4.00,4.00,4.00,5.00,5.00,5.00,5.00,7.00,5.00,6.00,2.00,2.00,1.00,0.00,1.00,1.00,1.00
08/11/23,Smoke RMK 106 (Smoke #66),45.7132,-115.3565,https://wrcc.dri.edu/cgi-bin/rawMAIN4.pl?idsm66+11+08+23+M,2,5,1,1.2,50,19.9,33.2,6.8,66,100,28,868.9,14.5,14.5,14.4,2.00,24:00,https://tools.airfire.org/monitor-qc-report/v2/wrcc?unitID=sm66,1.00,1.00,1.00,1.00,2.00,2.00,1.00,1.00,1.00,1.00,1.00,1.00,1.00,2.00,4.00,4.00,5.00,4.00,3.00,2.00,1.00,1.00,1.00,1.00
08/11/23,Smoke RMK 107 (Smoke #67),44.1785,-122.1191,https://wrcc.dri.edu/cgi-bin/rawMAIN4.pl?idsm67+11+08+23+M,13,35,6,0.9,81,19.8,31.5,10.7,59,88,26,962.7,14.5,14.5,14.4,2.00,24:00,https://tools.airfire.org/monitor-qc-report/v2/wrcc?unitID=sm67,36.00,9.00,10.00,9.00,6.00,9.00,17.00,16.00,14.00,12.00,11.00,10.00,10.00,10.00,9.00,9.00,12.00,19.00,26.00,35.00,21.00,12.00,9.00,7.00
08/11/23,Smoke RMK 109 (Smoke #84),47.1623,-114.0702,https://wrcc.dri.edu/cgi-bin/rawMAIN4.pl?ids284+11+08+23+M,3,12,1,1.4,71,22.1,32.5,12.2,52,83,23,907.3,14.5,14.5,14.5,2.00,24:00,https://tools.airfire.org/monitor-qc-report/v2/wrcc?unitID=s284,1.00,1.00,1.00,1.00,2.00,2.00,3.00,12.00,7.00,2.00,2.00,3.00,3.00,3.00,4.00,3.00,3.00,4.00,2.00,1.00,1.00,1.00,1.00,1.00
08/11/23,Smoke RMK 111 (Smoke #455),38.7174,-108.0539,https://wrcc.dri.edu/cgi-bin/rawMAIN4.pl?ids455+11+08+23+M,2,5,1,1.0,177,22.3,32.7,14.2,61,92,23,845.1,14.5,14.5,14.4,2.00,24:00,https://tools.airfire.org/monitor-qc-report/v2/wrcc?unitID=s455,2.00,1.00,2.00,1.00,2.00,5.00,2.00,1.00,2.00,2.00,2.00,2.00,2.00,2.00,2.00,2.00,3.00,3.00,3.00,2.00,1.00,1.00,1.00,1.00
08/11/23,Smoke RMK 122 (Smoke #69),40.7514,-105.4346,https://wrcc.dri.edu/cgi-bin/rawMAIN4.pl?idsm69+11+08+23+M,1,1,1,1.9,238,26.7,34.7,19.5,39,60,21,777.5,14.1,14.2,14.0,2.00,24:00,https://tools.airfire.org/monitor-qc-report/v2/wrcc?unitID=sm69,1.00,1.00,1.00,1.00,1.00,1.00,1.00,1.00,1.00,1.00,1.00,1.00,1.00,1.00,1.00,1.00,1.00,1.00,1.00,1.00,1.00,1.00,1.00,1.00
08/11/23,Smoke RMK 123 (Smoke #209),47.827,-114.3553,https://wrcc.dri.edu/cgi-bin/rawMAIN4.pl?ids209+11+08+23+M,12,50,0,1.9,228,23.1,33.8,14.0,48,75,24,908.8,14.3,14.4,14.2,2.00,24:00,https://tools.airfire.org/monitor-qc-report/v2/wrcc?unitID=s209,1.00,1.00,1.00,1.00,0.00,1.00,5.00,21.00,18.00,16.00,22.00,17.00,23.00,35.00,50.00,29.00,21.00,13.00,4.00,1.00,1.00,1.00,2.00,2.00
08/11/23,Smoke RMK 125 (Smoke #216),42.552,-124.0588,https://wrcc.dri.edu/cgi-bin/rawMAIN4.pl?ids216+11+08+23+M,1,10,0,1.2,357,25.8,37.0,15.0,60,97,21,1002.0,14.1,14.3,14.0,1.99,24:00,https://tools.airfire.org/monitor-qc-report/v2/wrcc?unitID=s216,2.00,0.00,0.00,0.00,0.00,1.00,0.00,0.00,0.00,0.00,0.00,0.00,0.00,0.00,0.00,0.00,10.00,9.00,2.00,0.00,0.00,0.00,1.00,1.00
08/11/23,Smoke USFS R3-28,35.6715,-105.9556,https://wrcc.dri.edu/cgi-bin/rawMAIN4.pl?ids328+11+08+23+M,5,98,-5,1.5,325,22.9,32.2,15.1,1,1,0,-9999,14.2,14.3,14.2,16.70,24:00,https://tools.airfire.org/monitor-qc-report/v4/wrcc?unitID=s328,-5.00,-5.00,-5.00,-5.00,-5.00,-5.00,-5.00,-5.00,-5.00,5.00,-5.00,-5.00,-5.00,-5.00,98.00,36.00,48.00,-5.00,8.00,-5.00,-5.00,6.00,-3.00,10.00
08/11/23,Smoke RMK 407 (EBAM #231),39.7144,-105.124,https://wrcc.dri.edu/cgi-bin/rawMAIN4.pl?ide231+11+08+23+M,4,11,0,1.5,-9999,25.6,31.3,10.2,17,37,9,-9999,14.3,14.4,14.2,14.73,24:00,https://tools.airfire.org/monitor-qc-report/v2/wrcc?unitID=e231,-9999,-9999,-9999,-9999,-9999,-9999,-9999,-9999,-9999,-9999,-9999,-9999,-9999,-9999,-9999,-9999,-9999,-9999,0.00,2.00,7.00,11.00,4.00,1.00
08/11/23,Smoke RMK 400 (EBAM #487),44.6761,-113.3545,https://wrcc.dri.edu/cgi-bin/rawMAIN4.pl?ide487+11+08+23+M,3,13,-8,1.5,-9999,14.4,29.0,5.4,53,76,23,-9999,11.7,11.7,11.6,12.50,17:00,https://tools.airfire.org/monitor-qc-report/v2/wrcc?unitID=e487,7.00,0.00,-3.00,8.00,7.00,7.00,13.00,-1.00,10.00,12.00,-8.00,0.00,3.00,-4.00,-6.00,-3.00,10.00,0.00,-9999,-9999,-9999,-9999,-9999,-9999
08/11/23,Smoke RMK 410 (EBAM #787),39.7144,-105.124,https://wrcc.dri.edu/cgi-bin/rawMAIN4.pl?ide787+11+08+23+M,10,20,0,1.1,-9999,88.7,144.2,33.2,16,17,16,-9999,14.4,14.4,14.4,10.00,24:00,https://tools.airfire.org/monitor-qc-report/v2/wrcc?unitID=e787,-9999,-9999,-9999,-9999,-9999,-9999,-9999,-9999,-9999,-9999,-9999,-9999,-9999,-9999,-9999,-9999,-9999,-9999,-9999,-9999,-9999,-9999,-9999,0.00
08/11/23,Smoke RMK 405 (EBAM #947),42.4024,-124.4211,https://wrcc.dri.edu/cgi-bin/rawMAIN4.pl?ide947+11+08+23+M,4,24,-16,1.7,216,19.7,26.0,15.1,77,94,55,-9999,11.5,11.6,11.4,16.70,24:00,https://tools.airfire.org/monitor-qc-report/v2/wrcc?unitID=e947,10.00,12.00,9.00,2.00,24.00,4.00,-8.00,1.00,0.00,3.00,4.00,2.00,3.00,1.00,3.00,1.00,2.00,19.00,-5.00,-16.00,4.00,5.00,11.00,6.00
08/11/23,Smoke USFS R1-307,46.5842,-112.0419,https://wrcc.dri.edu/cgi-bin/rawMAIN4.pl?id1307+11+08+23+M,1,2,0,1.2,342,21.3,36.5,11.3,39,64,18,-9999,14.1,14.3,13.9,2.00,24:00,https://tools.airfire.org/monitor-qc-report/v4/wrcc?unitID=1307,1.00,0.00,0.00,0.00,1.00,1.00,0.00,0.00,0.00,1.00,1.00,1.00,1.00,1.00,1.00,2.00,2.00,2.00,1.00,0.00,0.00,1.00,0.00,0.00
08/11/23,AQB Smoke EBAM T-1,36.2403,-106.4289,https://wrcc.dri.edu/cgi-bin/rawMAIN4.pl?ideat1+11+08+23+M,4,27,-5,1.9,350,25.4,33.4,19.6,1,1,0,-9999,14.4,14.4,14.4,16.70,24:00,https://tools.airfire.org/monitor-qc-report/v4/wrcc?unitID=eat1,6.00,-3.00,-5.00,-5.00,-5.00,-5.00,-5.00,-4.00,-4.00,-4.00,-4.00,-5.00,0.00,-4.00,-1.00,-2.00,17.00,20.00,25.00,25.00,11.00,26.00,27.00,17.00
08/11/23,AQB Smoke EBAM T-3,36.7564,-106.5596,https://wrcc.dri.edu/cgi-bin/rawMAIN4.pl?ideat3+11+08+23+M,2,8,-5,0.8,360,19.1,30.5,8.5,1,1,0,-9999,14.1,14.1,14.0,16.70,24:00,https://tools.airfire.org/monitor-qc-report/v4/wrcc?unitID=eat3,4.00,-5.00,5.00,-2.00,3.00,1.00,-2.00,0.00,0.00,6.00,3.00,3.00,0.00,8.00,-2.00,-3.00,2.00,6.00,7.00,0.00,6.00,1.00,0.00,2.00
