,,Position (Deg.),,,Concentration (µg/m3),,,Wind,,Air Temperature (Deg. C.),,,Humidity (Percent),,,Barometer,Battery Voltage (volts),,,Air Flow (totalizer),,,Concentration by Hour,,,,,,,,,,,,,,,,,,,,,,,
Date,Station,Latitude,Longitude,Station Chart Link,Mean,Max,Min,Ave Vel. (m/s),V. Dir. (Deg),Mean,Max,Min,Mean,Max,Min,Baro. Pressure (mbars),Mean,Max,Min,Mean,Time of latest ob,Airfire QC Report Link,0:00,1:00,2:00,3:00,4:00,5:00,6:00,7:00,8:00,9:00,10:00,11:00,12:00,13:00,14:00,15:00,16:00,17:00,18:00,19:00,20:00,21:00,22:00,23:00
01/16/19,Smoke #13,40.1157,-105.3859,https://wrcc.dri.edu/cgi-bin/rawMAIN4.pl?idsm13+16+01+19+M,3,15,0,0.9,330,2.6,8.5,-1.5,66,78,46,780.4,14.4,14.4,14.4,2.00,24:00,https://tools.airfire.org/monitor-qc-report/v4/wrcc?unitID=sm13,18.00,9.00,5.00,3.00,3.00,13.00,15.00,2.00,1.00,0.00,0.00,0.00,0.00,5.00,5.00,0.00,0.00,0.00,0.00,0.00,0.00,0.00,0.00,0.00
01/16/19,Smoke RMK 108 (Smoke #456),39.7144,-105.124,https://wrcc.dri.edu/cgi-bin/rawMAIN4.pl?ids456+16+01+19+M,2,6,0,1.3,117,4.2,13.9,0.0,56,71,35,823.7,14.4,14.4,14.3,2.00,24:00,https://tools.airfire.org/monitor-qc-report/v2/wrcc?unitID=s456,0.00,1.00,4.00,6.00,6.00,6.00,2.00,3.00,2.00,1.00,1.00,1.00,0.00,0.00,1.00,1.00,3.00,4.00,4.00,3.00,2.00,1.00,0.00,0.00
01/16/19,Smoke RMK 125 (Smoke #216),39.4065,-105.4825,https://wrcc.dri.edu/cgi-bin/rawMAIN4.pl?ids216+16+01+19+M,0,4,0,1.0,278,1.3,10.8,-5.8,67,90,33,757.5,14.4,14.4,14.3,2.00,24:00,https://tools.airfire.org/monitor-qc-report/v2/wrcc?unitID=s216,1.00,0.00,0.00,0.00,0.00,0.00,0.00,3.00,4.00,1.00,0.00,0.00,0.00,0.00,1.00,0.00,0.00,0.00,0.00,0.00,0.00,0.00,0.00,0.00
01/16/19,Smoke RMK 131 (USFS R2-924),39.3889,-105.2735,https://wrcc.dri.edu/cgi-bin/rawMAIN4.pl?id2924+16+01+19+M,1,5,0,0.7,179,-0.1,15.5,-8.1,74,93,28,793.5,14.4,14.4,14.3,2.00,24:00,https://tools.airfire.org/monitor-qc-report/v2/wrcc?unitID=2924,0.00,2.00,2.00,1.00,0.00,0.00,0.00,3.00,1.00,4.00,2.00,4.00,5.00,2.00,1.00,1.00,2.00,4.00,1.00,0.00,0.00,0.00,0.00,0.00
01/16/19,Smoke USFS R2-69,38.9793,-105.353,https://wrcc.dri.edu/cgi-bin/rawMAIN4.pl?ids269+16+01+19+M,17,71,0,0.3,1,-0.8,12.6,-9.3,0,1,0,752.6,14.4,14.4,14.3,2.00,24:00,https://tools.airfire.org/monitor-qc-report/v4/wrcc?unitID=s269,0.00,0.00,0.00,1.00,2.00,3.00,6.00,15.00,17.00,26.00,38.00,41.00,56.00,71.00,60.00,27.00,34.00,5.00,0.00,0.00,0.00,0.00,0.00,0.00
01/16/19,Smoke USFS R3-86,35.687,-105.8956,https://wrcc.dri.edu/cgi-bin/rawMAIN4.pl?ids386+16+01+19+M,5,31,-5,0.4,41,6.4,12.7,1.9,0,-9999,-9999,-9999,14.4,14.4,14.4,16.70,24:00,https://tools.airfire.org/monitor-qc-report/v4/wrcc?unitID=s386,22.00,11.00,19.00,-2.00,-5.00,-5.00,1.00,-2.00,3.00,-4.00,14.00,-5.00,-5.00,6.00,18.00,-4.00,11.00,29.00,31.00,-4.00,-5.00,-5.00,7.00,3.00
01/16/19,Smoke RMK 411 (EBAM #794),39.7144,-105.124,https://wrcc.dri.edu/cgi-bin/rawMAIN4.pl?ide794+16+01+19+M,5,14,-5,1.3,176,2.3,10.0,-1.6,0,-9999,-9999,-9999,14.4,14.4,14.4,16.67,24:00,https://tools.airfire.org/monitor-qc-report/v2/wrcc?unitID=e794,2.00,14.00,5.00,11.00,11.00,8.00,9.00,6.00,10.00,-5.00,9.00,-1.00,3.00,-1.00,13.00,3.00,6.00,2.00,5.00,5.00,1.00,0.00,5.00,-5.00
01/16/19,Smoke RMK 415 (EBAM #925),37.4611,-108.5157,https://wrcc.dri.edu/cgi-bin/rawMAIN4.pl?ide925+16+01+19+M,4,17,-5,1.1,-9999,-3.8,-1.6,-5.1,92,97,73,-9999,14.3,14.3,14.2,16.70,24:00,https://tools.airfire.org/monitor-qc-report/v2/wrcc?unitID=e925,6.00,9.00,5.00,14.00,-5.00,-4.00,5.00,8.00,-4.00,-3.00,17.00,17.00,2.00,6.00,-5.00,16.00,3.00,-9999,12.00,-5.00,-3.00,1.00,8.00,-1.00
