,,Position (Deg.),,,Concentration (µg/m3),,,Wind,,Air Temperature (Deg. C.),,,Humidity (Percent),,,Barometer,Battery Voltage (volts),,,Air Flow (totalizer),,,Concentration by Hour,,,,,,,,,,,,,,,,,,,,,,,
Date,Station,Latitude,Longitude,Station Chart Link,Mean,Max,Min,Ave Vel. (m/s),V. Dir. (Deg),Mean,Max,Min,Mean,Max,Min,Baro. Pressure (mbars),Mean,Max,Min,Mean,Time of latest ob,Airfire QC Report Link,0:00,1:00,2:00,3:00,4:00,5:00,6:00,7:00,8:00,9:00,10:00,11:00,12:00,13:00,14:00,15:00,16:00,17:00,18:00,19:00,20:00,21:00,22:00,23:00
08/07/24,Smoke RMK 100 (Smoke #659),44.1788,-122.119,https://wrcc.dri.edu/cgi-bin/rawMAIN4.pl?ids659+07+08+24+M,45,106,8,0.8,-9999,20.5,34.6,10.1,62,95,30,966.3,14.4,14.5,14.4,2.00,24:00,https://tools.airfire.org/monitor-qc-report/v2/wrcc?unitID=s659,51.00,52.00,54.00,31.00,14.00,8.00,10.00,12.00,12.00,15.00,20.00,23.00,28.00,34.00,49.00,64.00,90.00,83.00,55.00,59.00,-9999,56.00,106.00,104.00
08/07/24,Smoke RMK 102 (Smoke #661),44.1373,-118.9728,https://wrcc.dri.edu/cgi-bin/rawMAIN4.pl?ids661+07+08+24+M,20,71,5,1.1,-9999,15.1,28.4,-0.3,38,77,12,862.3,14.4,14.4,14.3,2.00,24:00,https://tools.airfire.org/monitor-qc-report/v2/wrcc?unitID=s661,9.00,13.00,20.00,22.00,8.00,7.00,7.00,5.00,9.00,6.00,7.00,8.00,6.00,9.00,9.00,8.00,7.00,35.00,46.00,8.00,-9999,38.00,52.00,69.00
08/07/24,Smoke RMK 105 (Smoke #17),43.1921,-122.1367,https://wrcc.dri.edu/cgi-bin/rawMAIN4.pl?idsm17+07+08+24+M,33,70,6,1.3,141,19.0,31.4,6.4,30,52,5,6.3,14.4,14.5,14.4,1.99,24:00,https://tools.airfire.org/monitor-qc-report/v2/wrcc?unitID=sm17,57.00,57.00,42.00,40.00,36.00,40.00,33.00,10.00,6.00,41.00,48.00,25.00,10.00,13.00,12.00,17.00,70.00,62.00,36.00,29.00,26.00,34.00,28.00,41.00
08/07/24,Smoke RMK 106 (Smoke #66),40.3734,-105.503,https://wrcc.dri.edu/cgi-bin/rawMAIN4.pl?idsm66+07+08+24+M,5,6,3,0.0,-9999,23.1,31.7,17.8,3,-9999,-9999,777.2,14.5,14.5,14.4,2.00,17:00,https://tools.airfire.org/monitor-qc-report/v2/wrcc?unitID=sm66,4.00,5.00,6.00,6.00,6.00,6.00,6.00,6.00,6.00,6.00,6.00,5.00,4.00,4.00,4.00,4.00,4.00,3.00,-9999,-9999,-9999,-9999,-9999,-9999
08/07/24,Smoke RMK 108 (Smoke #456),45.5341,-121.57,https://wrcc.dri.edu/cgi-bin/rawMAIN4.pl?ids456+07+08+24+M,7,22,3,1.1,200,24.2,36.7,14.2,46,74,20,961.4,14.5,14.5,14.4,2.00,24:00,https://tools.airfire.org/monitor-qc-report/v2/wrcc?unitID=s456,3.00,3.00,3.00,3.00,3.00,4.00,3.00,3.00,3.00,3.00,3.00,3.00,3.00,4.00,5.00,6.00,7.00,8.00,8.00,22.00,19.00,17.00,12.00,14.00
08/07/24,Smoke RMK 109 (Smoke #84),44.4733,-109.4215,https://wrcc.dri.edu/cgi-bin/rawMAIN4.pl?ids284+07+08+24+M,6,9,2,1.6,49,21.4,29.2,13.7,51,76,28,831.4,14.5,14.5,14.4,2.00,24:00,https://tools.airfire.org/monitor-qc-report/v2/wrcc?unitID=s284,4.00,3.00,2.00,3.00,4.00,6.00,6.00,6.00,6.00,6.00,6.00,6.00,6.00,6.00,7.00,7.00,7.00,8.00,7.00,7.00,8.00,8.00,9.00,9.00
08/07/24,Smoke RMK 112 (Smoke #11),48.3086,-120.6567,https://wrcc.dri.edu/cgi-bin/rawMAIN4.pl?idsm11+07+08+24+M,19,101,6,1.4,351,28.4,35.0,21.7,47,63,28,973.1,14.4,14.5,14.3,2.00,24:00,https://tools.airfire.org/monitor-qc-report/v2/wrcc?unitID=sm11,8.00,7.00,7.00,8.00,7.00,6.00,6.00,9.00,6.00,6.00,7.00,10.00,19.00,35.00,21.00,27.00,34.00,101.00,18.00,12.00,21.00,20.00,19.00,21.00
08/07/24,Smoke RMK 113 (Smoke #16),40.4134,-105.1622,https://wrcc.dri.edu/cgi-bin/rawMAIN4.pl?idsm16+07+08+24+M,3,6,1,1.4,144,35.0,-9999,-9999,18,-9999,-9999,846.4,14.5,14.5,14.4,2.00,24:00,https://tools.airfire.org/monitor-qc-report/v2/wrcc?unitID=sm16,3.00,3.00,3.00,3.00,2.00,2.00,2.00,2.00,2.00,2.00,2.00,2.00,3.00,3.00,3.00,3.00,3.00,4.00,4.00,3.00,4.00,4.00,3.00,6.00
08/07/24,Smoke RMK 117 (Smoke #22),39.7144,-105.1239,https://wrcc.dri.edu/cgi-bin/rawMAIN4.pl?idsm22+07+08+24+M,3,4,2,1.3,331,25.6,32.2,19.1,47,68,26,829.7,14.5,14.5,14.4,2.00,24:00,https://tools.airfire.org/monitor-qc-report/v2/wrcc?unitID=sm22,4.00,3.00,2.00,3.00,3.00,2.00,2.00,2.00,2.00,2.00,2.00,2.00,2.00,3.00,2.00,2.00,2.00,4.00,4.00,4.00,4.00,4.00,3.00,2.00
08/07/24,Smoke RMK 119 (Smoke #24),43.3121,-123.0709,https://wrcc.dri.edu/cgi-bin/rawMAIN4.pl?idsm24+07+08+24+M,39,160,4,0.9,292,22.5,35.0,12.4,54,84,22,990.1,14.5,14.6,14.4,1.99,24:00,https://tools.airfire.org/monitor-qc-report/v2/wrcc?unitID=sm24,5.00,6.00,5.00,4.00,4.00,5.00,7.00,6.00,5.00,4.00,5.00,5.00,7.00,8.00,16.00,34.00,34.00,25.00,118.00,85.00,114.00,160.00,135.00,87.00
08/07/24,Smoke RMK 121 (Smoke #68),47.8999,-120.1411,https://wrcc.dri.edu/cgi-bin/rawMAIN4.pl?idsm68+07+08+24+M,18,40,9,1.4,51,27.2,35.2,17.6,43,77,19,969.7,14.5,14.5,14.3,2.00,24:00,https://tools.airfire.org/monitor-qc-report/v2/wrcc?unitID=sm68,13.00,12.00,13.00,16.00,20.00,18.00,16.00,16.00,16.00,17.00,19.00,20.00,22.00,20.00,20.00,20.00,18.00,29.00,40.00,27.00,13.00,12.00,13.00,11.00
08/07/24,Smoke RMK 127 (Smoke #454),40.6232,-111.2282,https://wrcc.dri.edu/cgi-bin/rawMAIN4.pl?ids454+07+08+24+M,2,3,1,1.2,-9999,27.9,37.6,18.8,35,58,15,798.1,14.5,14.5,14.4,2.00,24:00,https://tools.airfire.org/monitor-qc-report/v2/wrcc?unitID=s454,2.00,1.00,1.00,2.00,-9999,3.00,3.00,3.00,3.00,3.00,3.00,3.00,3.00,3.00,3.00,2.00,2.00,2.00,2.00,2.00,2.00,2.00,2.00,3.00
08/07/24,Smoke RMK 128 (Smoke #457),43.4608,-121.6966,https://wrcc.dri.edu/cgi-bin/rawMAIN4.pl?ids457+07+08+24+M,185,363,20,0.5,217,19.8,34.7,4.8,54,86,18,866.2,14.6,14.6,14.4,2.00,24:00,https://tools.airfire.org/monitor-qc-report/v2/wrcc?unitID=s457,-9999,50.00,117.00,303.00,363.00,304.00,277.00,268.00,247.00,250.00,238.00,222.00,218.00,226.00,246.00,269.00,219.00,186.00,141.00,118.00,73.00,42.00,31.00,22.00
08/07/24,Smoke RMK 130 (USFS R2-923),46.7226,-120.6844,https://wrcc.dri.edu/cgi-bin/rawMAIN4.pl?id2923+07+08+24+M,7,18,2,1.5,263,24.4,31.8,15.4,36,60,18,964.9,14.5,14.6,14.4,2.00,24:00,https://tools.airfire.org/monitor-qc-report/v2/wrcc?unitID=2923,2.00,4.00,3.00,2.00,3.00,5.00,6.00,6.00,6.00,6.00,7.00,6.00,7.00,7.00,8.00,7.00,7.00,7.00,7.00,9.00,11.00,10.00,10.00,16.00
08/07/24,Smoke USFS R3-86,35.6871,-105.8956,https://wrcc.dri.edu/cgi-bin/rawMAIN4.pl?ids386+07+08+24+M,2,17,-5,0.5,298,22.0,33.1,13.2,1,-9999,-9999,-9999,14.1,14.1,14.0,16.70,24:00,https://tools.airfire.org/monitor-qc-report/v4/wrcc?unitID=s386,1.00,-5.00,-4.00,-1.00,0.00,-3.00,2.00,0.00,4.00,5.00,2.00,6.00,3.00,1.00,-2.00,0.00,17.00,12.00,8.00,2.00,4.00,3.00,1.00,-4.00
08/07/24,Smoke USFS 3016,46.7535,-114.0835,https://wrcc.dri.edu/cgi-bin/rawMAIN4.pl?ids316+07+08+24+M,10,13,8,0.9,261,21.9,34.4,14.4,72,92,32,910.5,14.3,14.4,14.1,2.00,24:00,https://tools.airfire.org/monitor-qc-report/v4/wrcc?unitID=s316,13.00,13.00,12.00,10.00,10.00,10.00,10.00,10.00,9.00,9.00,9.00,9.00,9.00,9.00,8.00,9.00,11.00,11.00,11.00,10.00,9.00,10.00,10.00,10.00
08/07/24,Lolo NF Smoke #1,47.1955,-114.8942,https://wrcc.dri.edu/cgi-bin/rawMAIN4.pl?idsml1+07+08+24+M,8,9,6,0.9,309,26.3,37.1,19.8,70,90,25,926.7,13.0,13.2,12.8,1.13,24:00,https://tools.airfire.org/monitor-qc-report/v4/wrcc?unitID=sml1,6.00,9.00,9.00,8.00,7.00,7.00,8.00,7.00,8.00,8.00,7.00,7.00,8.00,8.00,8.00,9.00,9.00,8.00,8.00,7.00,7.00,9.00,9.00,7.00
