,,Position (Deg.),,,Concentration (µg/m3),,,Wind,,Air Temperature (Deg. C.),,,Humidity (Percent),,,Barometer,Battery Voltage (volts),,,Air Flow (totalizer),,,Concentration by Hour,,,,,,,,,,,,,,,,,,,,,,,
Date,Station,Latitude,Longitude,Station Chart Link,Mean,Max,Min,Ave Vel. (m/s),V. Dir. (Deg),Mean,Max,Min,Mean,Max,Min,Baro. Pressure (mbars),Mean,Max,Min,Mean,Time of latest ob,Airfire QC Report Link,0:00,1:00,2:00,3:00,4:00,5:00,6:00,7:00,8:00,9:00,10:00,11:00,12:00,13:00,14:00,15:00,16:00,17:00,18:00,19:00,20:00,21:00,22:00,23:00
02/18/17,Smoke RMK 105 (Smoke #17),39.378,-105.0936,https://wrcc.dri.edu/cgi-bin/rawMAIN4.pl?idsm17+18+02+17+M,0,0,0,0.8,246,6.9,17.4,1.5,34,54,18,760.4,14.4,14.4,14.3,2.00,24:00,https://tools.airfire.org/monitor-qc-report/v2/wrcc?unitID=sm17,0.00,0.00,0.00,0.00,0.00,0.00,0.00,0.00,0.00,0.00,0.00,0.00,0.00,0.00,0.00,0.00,0.00,0.00,0.00,0.00,0.00,0.00,0.00,0.00
02/18/17,Smoke RMK 117 (Smoke #22),39.389,-105.2734,https://wrcc.dri.edu/cgi-bin/rawMAIN4.pl?idsm22+18+02+17+M,0,2,0,0.8,229,5.1,19.7,-3.1,49,73,13,787.4,14.3,14.4,14.1,2.00,24:00,https://tools.airfire.org/monitor-qc-report/v2/wrcc?unitID=sm22,0.00,0.00,0.00,0.00,1.00,2.00,0.00,0.00,1.00,1.00,0.00,0.00,0.00,0.00,0.00,0.00,0.00,0.00,0.00,0.00,0.00,0.00,0.00,0.00
02/18/17,Smoke RMK 121 (Smoke #68),37.0557,-88.1198,https://wrcc.dri.edu/cgi-bin/rawMAIN4.pl?idsm68+18+02+17+M,4,7,1,1.0,-9999,10.0,13.2,7.8,70,99,40,991.6,14.4,14.4,14.3,2.00,24:00,https://tools.airfire.org/monitor-qc-report/v2/wrcc?unitID=sm68,0.00,1.00,2.00,2.00,3.00,3.00,3.00,3.00,3.00,3.00,4.00,5.00,7.00,7.00,7.00,7.00,7.00,7.00,-9999,5.00,5.00,4.00,5.00,5.00
02/18/17,FWS Smoke #1,39.7144,-105.1239,https://wrcc.dri.edu/cgi-bin/rawMAIN4.pl?idsmf1+18+02+17+M,3,18,0,1.2,160,9.8,19.5,3.2,0,-9999,-9999,816.4,14.0,14.4,12.8,2.00,24:00,https://tools.airfire.org/monitor-qc-report/v4/wrcc?unitID=smf1,2.00,3.00,1.00,1.00,2.00,4.00,3.00,3.00,3.00,4.00,3.00,3.00,3.00,3.00,2.00,3.00,3.00,4.00,2.00,0.00,0.00,0.00,18.00,6.00
02/18/17,Smoke USFS R2-69,38.9792,-105.353,https://wrcc.dri.edu/cgi-bin/rawMAIN4.pl?ids269+18+02+17+M,3,15,0,0.3,1,3.5,14.6,-2.7,0,1,0,747.4,14.4,14.4,14.2,2.00,24:00,https://tools.airfire.org/monitor-qc-report/v4/wrcc?unitID=s269,0.00,1.00,1.00,2.00,4.00,3.00,3.00,5.00,4.00,5.00,4.00,15.00,4.00,3.00,3.00,6.00,4.00,2.00,0.00,0.00,0.00,0.00,0.00,0.00
02/18/17,Smoke RMK 407 (EBAM #231),39.7143,-105.1239,https://wrcc.dri.edu/cgi-bin/rawMAIN4.pl?ide231+18+02+17+M,4,24,-3,0.3,1,7.5,8.6,6.4,1,2,0,-9999,14.0,14.0,13.9,16.14,24:00,https://tools.airfire.org/monitor-qc-report/v2/wrcc?unitID=e231,-5.00,10.00,-3.00,-1.00,-3.00,2.00,-3.00,4.00,2.00,0.00,4.00,-1.00,6.00,10.00,3.00,2.00,5.00,3.00,5.00,5.00,1.00,24.00,9.00,11.00
02/18/17,Smoke USFS R2-265,40.7421,-105.5082,https://wrcc.dri.edu/cgi-bin/rawMAIN4.pl?id2265+18+02+17+M,1182,2000,0,0.9,-9999,6.7,15.5,-1.3,43,71,26,763.2,14.4,14.4,14.2,2.00,24:00,https://tools.airfire.org/monitor-qc-report/v4/wrcc?unitID=2265,-9999,1000.00,1000.00,-9999,1000.00,-9999,-9999,2000.00,-9999,-9999,2000.00,2000.00,2000.00,-9999,-9999,1000.00,-9999,0.00,-9999,-9999,0.00,-9999,-9999,-9999
02/18/17,Smoke USFS R9-3018,36.8879,-90.7396,https://wrcc.dri.edu/cgi-bin/rawMAIN4.pl?ids318+18+02+17+M,4,7,2,0.7,181,12.6,15.4,10.5,80,96,44,984.4,14.2,14.2,14.2,2.00,24:00,https://tools.airfire.org/monitor-qc-report/v4/wrcc?unitID=s318,2.00,2.00,3.00,2.00,3.00,4.00,4.00,4.00,4.00,4.00,4.00,5.00,5.00,5.00,5.00,5.00,4.00,4.00,3.00,3.00,4.00,4.00,5.00,6.00
