,,Position (Deg.),,,Concentration (µg/m3),,,Wind,,Air Temperature (Deg. C.),,,Humidity (Percent),,,Barometer,Battery Voltage (volts),,,Air Flow (totalizer),,,Concentration by Hour,,,,,,,,,,,,,,,,,,,,,,,
Date,Station,Latitude,Longitude,Station Chart Link,Mean,Max,Min,Ave Vel. (m/s),V. Dir. (Deg),Mean,Max,Min,Mean,Max,Min,Baro. Pressure (mbars),Mean,Max,Min,Mean,Time of latest ob,Airfire QC Report Link,0:00,1:00,2:00,3:00,4:00,5:00,6:00,7:00,8:00,9:00,10:00,11:00,12:00,13:00,14:00,15:00,16:00,17:00,18:00,19:00,20:00,21:00,22:00,23:00
01/03/20,Smoke RMK 104 (Smoke #15),39.761,-105.68,https://wrcc.dri.edu/cgi-bin/rawMAIN4.pl?idsm15+03+01+20+M,1,3,0,3.2,255,-8.7,-1.1,-11.8,48,57,38,734.2,14.4,14.4,14.4,2.00,24:00,https://tools.airfire.org/monitor-qc-report/v2/wrcc?unitID=sm15,3.00,2.00,1.00,1.00,2.00,1.00,1.00,3.00,3.00,1.00,1.00,0.00,0.00,0.00,1.00,0.00,0.00,0.00,0.00,0.00,0.00,0.00,0.00,0.00
01/03/20,Smoke RMK 105 (Smoke #17),39.4065,-105.4825,https://wrcc.dri.edu/cgi-bin/rawMAIN4.pl?idsm17+03+01+20+M,0,0,0,2.1,305,-1.8,4.7,-5.8,34,39,28,758.5,14.4,14.4,14.4,2.00,24:00,https://tools.airfire.org/monitor-qc-report/v2/wrcc?unitID=sm17,0.00,0.00,0.00,0.00,0.00,0.00,0.00,0.00,0.00,0.00,0.00,0.00,0.00,0.00,0.00,0.00,0.00,0.00,0.00,0.00,0.00,0.00,0.00,0.00
01/03/20,Smoke RMK 107 (Smoke #67),39.389,-105.2734,https://wrcc.dri.edu/cgi-bin/rawMAIN4.pl?idsm67+03+01+20+M,2,12,0,0.5,210,-6.8,11.3,-18.2,67,87,25,789.0,14.4,14.4,14.2,2.00,24:00,https://tools.airfire.org/monitor-qc-report/v2/wrcc?unitID=sm67,1.00,1.00,0.00,5.00,0.00,3.00,4.00,1.00,1.00,0.00,3.00,7.00,0.00,0.00,0.00,0.00,8.00,12.00,3.00,0.00,0.00,0.00,0.00,2.00
01/03/20,Smoke RMK 108 (Smoke #456),39.7144,-105.1239,https://wrcc.dri.edu/cgi-bin/rawMAIN4.pl?ids456+03+01+20+M,0,1,0,0.3,1,2.4,9.4,-3.5,0,1,0,818.2,14.4,14.4,14.4,2.00,24:00,https://tools.airfire.org/monitor-qc-report/v2/wrcc?unitID=s456,0.00,0.00,1.00,1.00,1.00,0.00,0.00,0.00,0.00,0.00,0.00,0.00,0.00,0.00,0.00,0.00,0.00,0.00,0.00,0.00,0.00,0.00,0.00,0.00
01/03/20,Smoke RMK 110 (Smoke #215),39.7144,-105.1239,https://wrcc.dri.edu/cgi-bin/rawMAIN4.pl?ids215+03+01+20+M,0,1,0,0.3,1,4.9,9.8,1.2,0,1,0,819.1,14.4,14.4,14.3,2.00,24:00,https://tools.airfire.org/monitor-qc-report/v2/wrcc?unitID=s215,0.00,1.00,1.00,0.00,0.00,0.00,0.00,0.00,0.00,0.00,0.00,0.00,0.00,0.00,0.00,0.00,0.00,0.00,0.00,0.00,0.00,0.00,0.00,0.00
01/03/20,Smoke RMK 114 (Smoke #19),37.4696,-88.1585,https://wrcc.dri.edu/cgi-bin/rawMAIN4.pl?idsm19+03+01+20+M,1,8,0,0.4,6,11.7,12.5,10.1,96,97,93,-9999,14.3,14.3,14.3,2.00,24:00,https://tools.airfire.org/monitor-qc-report/v2/wrcc?unitID=sm19,0.00,0.00,0.00,0.00,0.00,0.00,0.00,0.00,0.00,0.00,0.00,0.00,0.00,0.00,0.00,0.00,0.00,0.00,0.00,0.00,0.00,0.00,2.00,5.00
01/03/20,Smoke RMK 115 (Smoke #20),39.5949,-106.0068,https://wrcc.dri.edu/cgi-bin/rawMAIN4.pl?idsm20+03+01+20+M,3,18,0,1.0,219,-9.2,0.2,-15.7,72,81,50,722.5,14.4,14.4,14.4,2.00,24:00,https://tools.airfire.org/monitor-qc-report/v2/wrcc?unitID=sm20,0.00,0.00,0.00,0.00,0.00,3.00,0.00,0.00,0.00,0.00,0.00,0.00,1.00,1.00,10.00,18.00,17.00,10.00,9.00,1.00,0.00,0.00,0.00,0.00
01/03/20,Smoke RMK 124 (Smoke #210),39.7144,-105.1239,https://wrcc.dri.edu/cgi-bin/rawMAIN4.pl?ids210+03+01+20+M,0,1,0,0.3,1,1.6,8.3,-4.2,1,-9999,-9999,821.1,14.4,14.4,14.4,2.00,24:00,https://tools.airfire.org/monitor-qc-report/v2/wrcc?unitID=s210,0.00,1.00,1.00,1.00,1.00,0.00,0.00,0.00,0.00,0.00,0.00,0.00,1.00,0.00,0.00,0.00,0.00,0.00,0.00,0.00,0.00,0.00,0.00,0.00
01/03/20,Smoke USFS R2-69,38.9792,-105.353,https://wrcc.dri.edu/cgi-bin/rawMAIN4.pl?ids269+03+01+20+M,14,68,0,0.3,1,-7.3,6.6,-17.0,0,1,0,751.0,14.4,14.4,14.4,2.00,24:00,https://tools.airfire.org/monitor-qc-report/v4/wrcc?unitID=s269,1.00,1.00,4.00,13.00,41.00,68.00,30.00,30.00,35.00,33.00,23.00,11.00,6.00,5.00,5.00,3.00,3.00,14.00,0.00,0.00,0.00,0.00,0.00,0.00
01/03/20,Smoke RMK 408 (EBAM #418),40.7768,-111.946,https://wrcc.dri.edu/cgi-bin/rawMAIN4.pl?ide418+03+01+20+M,5,15,-5,1.6,116,2.4,7.8,-1.1,54,69,34,-9999,13.8,14.0,13.7,16.70,24:00,https://tools.airfire.org/monitor-qc-report/v2/wrcc?unitID=e418,13.00,1.00,11.00,1.00,10.00,12.00,10.00,7.00,8.00,6.00,0.00,15.00,4.00,-5.00,4.00,8.00,14.00,1.00,1.00,-1.00,5.00,2.00,4.00,0.00
01/03/20,Smoke RMK 409 (EBAM #592),40.7768,-111.9459,https://wrcc.dri.edu/cgi-bin/rawMAIN4.pl?ide592+03+01+20+M,4,13,-5,1.8,143,2.6,7.4,-0.4,53,67,35,-9999,14.2,14.3,14.2,16.70,24:00,https://tools.airfire.org/monitor-qc-report/v2/wrcc?unitID=e592,3.00,9.00,11.00,13.00,12.00,11.00,11.00,12.00,3.00,10.00,4.00,-2.00,4.00,0.00,3.00,9.00,-3.00,-5.00,-2.00,-1.00,-1.00,-3.00,4.00,3.00
01/03/20,Smoke QD Test,39.389,-105.2734,https://wrcc.dri.edu/cgi-bin/rawMAIN4.pl?idsqdt+03+01+20+M,0,3,0,0.5,173,-9999,-9999,-9999,-9999,-9999,-9999,804.8,13.0,14.7,12.5,-9999,-9999,-9999,3.00,1.00,0.00,1.00,0.00,0.00,0.00,0.00,0.00,0.00,0.00,0.00,0.00,0.00,0.00,0.00,3.00,0.00,1.00,0.00,0.00,0.00,0.00,2.00
