,,Position (Deg.),,,Concentration (µg/m3),,,Wind,,Air Temperature (Deg. C.),,,Humidity (Percent),,,Barometer,Battery Voltage (volts),,,Air Flow (totalizer),,,Concentration by Hour,,,,,,,,,,,,,,,,,,,,,,,
Date,Station,Latitude,Longitude,Station Chart Link,Mean,Max,Min,Ave Vel. (m/s),V. Dir. (Deg),Mean,Max,Min,Mean,Max,Min,Baro. Pressure (mbars),Mean,Max,Min,Mean,Time of latest ob,Airfire QC Report Link,0:00,1:00,2:00,3:00,4:00,5:00,6:00,7:00,8:00,9:00,10:00,11:00,12:00,13:00,14:00,15:00,16:00,17:00,18:00,19:00,20:00,21:00,22:00,23:00
09/04/18,Smoke RMK 110 (Smoke #215),42.553,-124.0577,https://wrcc.dri.edu/cgi-bin/rawMAIN4.pl?ids215+04+09+18+M,5,30,1,1.3,95,26.9,35.4,20.7,44,66,13,1004.0,14.2,14.3,14.0,2.00,24:00,https://tools.airfire.org/monitor-qc-report/v2/wrcc?unitID=s215,3.00,3.00,5.00,4.00,3.00,2.00,2.00,2.00,2.00,2.00,2.00,1.00,1.00,2.00,2.00,4.00,8.00,22.00,30.00,13.00,3.00,3.00,4.00,6.00
09/04/18,Smoke RMK 112 (Smoke #11),44.1475,-122.5723,https://wrcc.dri.edu/cgi-bin/rawMAIN4.pl?idsm11+04+09+18+M,6,32,0,0.8,343,18.9,33.7,6.3,60,90,21,987.2,14.1,14.3,13.6,2.00,24:00,https://tools.airfire.org/monitor-qc-report/v2/wrcc?unitID=sm11,0.00,1.00,1.00,0.00,1.00,2.00,2.00,3.00,3.00,2.00,3.00,3.00,3.00,3.00,4.00,4.00,4.00,13.00,20.00,32.00,29.00,18.00,1.00,2.00
09/04/18,Smoke RMK 114 (Smoke #19),39.7144,-105.124,https://wrcc.dri.edu/cgi-bin/rawMAIN4.pl?idsm19+04+09+18+M,4,5,3,1.7,-9999,27.7,33.3,19.1,32,48,23,-9999,14.0,14.1,14.0,1.98,24:00,https://tools.airfire.org/monitor-qc-report/v2/wrcc?unitID=sm19,-9999,-9999,-9999,-9999,-9999,-9999,-9999,-9999,-9999,-9999,-9999,-9999,-9999,-9999,-9999,3.00,4.00,4.00,3.00,3.00,4.00,4.00,5.00,5.00
09/04/18,Smoke RMK 115 (Smoke #20),43.8239,-121.4434,https://wrcc.dri.edu/cgi-bin/rawMAIN4.pl?idsm20+04+09+18+M,1,2,0,1.3,12,15.9,29.8,1.4,40,69,17,875.0,14.2,14.4,14.0,2.00,24:00,https://tools.airfire.org/monitor-qc-report/v2/wrcc?unitID=sm20,-9999,2.00,1.00,0.00,0.00,1.00,0.00,1.00,2.00,2.00,1.00,2.00,1.00,1.00,2.00,2.00,1.00,2.00,2.00,0.00,0.00,0.00,0.00,0.00
09/04/18,Smoke RMK 118 (Smoke #23),48.7105,-119.434,https://wrcc.dri.edu/cgi-bin/rawMAIN4.pl?idsm23+04+09+18+M,10,14,4,1.0,248,18.0,30.7,8.9,49,80,20,980.1,14.1,14.3,13.9,2.00,24:00,https://tools.airfire.org/monitor-qc-report/v2/wrcc?unitID=sm23,12.00,11.00,11.00,12.00,10.00,9.00,10.00,11.00,12.00,13.00,14.00,14.00,13.00,13.00,13.00,12.00,10.00,9.00,9.00,9.00,10.00,5.00,4.00,4.00
09/04/18,Smoke RMK 119 (Smoke #24),42.5158,-123.4289,https://wrcc.dri.edu/cgi-bin/rawMAIN4.pl?idsm24+04+09+18+M,2,7,0,0.7,27,24.2,38.3,12.5,40,72,14,981.3,14.1,14.3,14.0,2.00,24:00,https://tools.airfire.org/monitor-qc-report/v2/wrcc?unitID=sm24,0.00,0.00,0.00,0.00,0.00,0.00,0.00,0.00,0.00,0.00,0.00,0.00,0.00,1.00,2.00,2.00,3.00,2.00,1.00,2.00,4.00,7.00,6.00,4.00
09/04/18,Smoke RMK 122 (Smoke #69),42.2783,-123.6462,https://wrcc.dri.edu/cgi-bin/rawMAIN4.pl?idsm69+04+09+18+M,4,8,1,1.5,70,21.4,33.8,10.3,51,86,19,968.0,14.1,14.3,14.0,2.00,24:00,https://tools.airfire.org/monitor-qc-report/v2/wrcc?unitID=sm69,1.00,1.00,1.00,1.00,1.00,2.00,2.00,3.00,3.00,3.00,3.00,3.00,3.00,3.00,4.00,3.00,3.00,3.00,4.00,4.00,8.00,7.00,7.00,7.00
09/04/18,Smoke RMK 125 (Smoke #216),47.6753,-120.2107,https://wrcc.dri.edu/cgi-bin/rawMAIN4.pl?ids216+04+09+18+M,23,40,11,0.9,290,19.9,32.1,10.1,38,65,19,984.8,14.1,14.3,14.0,2.00,24:00,https://tools.airfire.org/monitor-qc-report/v2/wrcc?unitID=s216,9.00,11.00,15.00,17.00,16.00,18.00,16.00,17.00,20.00,21.00,20.00,22.00,25.00,24.00,29.00,31.00,35.00,40.00,28.00,30.00,32.00,30.00,20.00,18.00
09/04/18,FWS Smoke #1,39.541,-105.2951,https://wrcc.dri.edu/cgi-bin/rawMAIN4.pl?idsmf1+04+09+18+M,5,7,0,0.4,-9999,19.9,31.2,13.9,2,25,0,823.0,14.2,14.3,14.1,1.99,24:00,https://tools.airfire.org/monitor-qc-report/v4/wrcc?unitID=smf1,3.00,3.00,3.00,5.00,6.00,6.00,5.00,6.00,6.00,6.00,7.00,7.00,7.00,7.00,-9999,-9999,-9999,-9999,-9999,-9999,-9999,-9999,-9999,-9999
09/04/18,Smoke USFS R1-52,48.741,-113.432,https://wrcc.dri.edu/cgi-bin/rawMAIN4.pl?ids152+04+09+18+M,9,29,4,0.8,-9999,7.2,12.9,4.5,76,88,57,865.3,14.3,14.4,14.2,2.00,18:00,https://tools.airfire.org/monitor-qc-report/v4/wrcc?unitID=s152,5.00,5.00,6.00,7.00,10.00,11.00,10.00,9.00,8.00,8.00,7.00,7.00,8.00,9.00,9.00,7.00,5.00,4.00,29.00,-9999,-9999,-9999,-9999,-9999
09/04/18,Smoke USFS R2-69,38.9792,-105.353,https://wrcc.dri.edu/cgi-bin/rawMAIN4.pl?ids269+04+09+18+M,3,9,1,0.3,1,15.1,26.9,6.1,1,1,0,758.9,14.3,14.4,14.1,2.00,24:00,https://tools.airfire.org/monitor-qc-report/v4/wrcc?unitID=s269,2.00,2.00,3.00,9.00,4.00,4.00,4.00,4.00,4.00,4.00,4.00,4.00,4.00,4.00,4.00,5.00,3.00,1.00,1.00,1.00,1.00,1.00,2.00,2.00
09/04/18,Smoke NPS Yosemite 01,37.6747,-119.7855,https://wrcc.dri.edu/cgi-bin/rawMAIN4.pl?idsmy1+04+09+18+M,20,27,11,0.5,-9999,25.8,37.3,16.6,38,62,15,-9999,14.4,14.4,14.4,16.68,24:00,https://tools.airfire.org/monitor-qc-report/v4/wrcc?unitID=smy1,8.00,-9999,15.00,16.00,17.00,18.00,21.00,24.00,27.00,23.00,19.00,23.00,20.00,18.00,19.00,20.00,11.00,24.00,23.00,24.00,23.00,22.00,-9999,11.00
09/04/18,Smoke RMK 407 (EBAM #231),42.4023,-124.4211,https://wrcc.dri.edu/cgi-bin/rawMAIN4.pl?ide231+04+09+18+M,5,29,-5,3.1,43,13.2,18.4,9.3,53,69,35,-9999,13.7,13.8,13.6,16.70,24:00,https://tools.airfire.org/monitor-qc-report/v2/wrcc?unitID=e231,17.00,3.00,-3.00,-3.00,6.00,-5.00,-5.00,22.00,5.00,-5.00,-4.00,15.00,-5.00,12.00,-5.00,15.00,-5.00,-5.00,-5.00,11.00,17.00,29.00,15.00,14.00
09/04/18,Smoke RMK 413 (EBAM #866),42.0547,-124.2769,https://wrcc.dri.edu/cgi-bin/rawMAIN4.pl?ide866+04+09+18+M,21,50,-5,0.9,98,14.4,20.2,10.4,73,91,49,-9999,13.8,13.8,13.7,16.70,24:00,https://tools.airfire.org/monitor-qc-report/v2/wrcc?unitID=e866,19.00,11.00,26.00,18.00,29.00,23.00,22.00,25.00,50.00,30.00,40.00,40.00,23.00,26.00,17.00,20.00,1.00,-5.00,-5.00,7.00,16.00,19.00,20.00,21.00
09/04/18,Smoke USFS R1-306,48.7827,-114.28,https://wrcc.dri.edu/cgi-bin/rawMAIN4.pl?id1306+04+09+18+M,12,20,8,0.5,-9999,12.0,25.5,2.4,60,86,25,-9999,14.3,14.4,14.1,2.00,23:00,https://tools.airfire.org/monitor-qc-report/v4/wrcc?unitID=1306,7.00,10.00,15.00,15.00,16.00,13.00,14.00,13.00,13.00,12.00,12.00,11.00,11.00,10.00,10.00,13.00,20.00,12.00,12.00,9.00,9.00,8.00,9.00,10.00
09/04/18,Smoke USFS 3015,48.6492,-118.7294,https://wrcc.dri.edu/cgi-bin/rawMAIN4.pl?ids315+04+09+18+M,10,16,7,1.3,-9999,14.3,25.0,3.0,42,74,16,926.5,14.3,14.4,14.2,2.00,24:00,https://tools.airfire.org/monitor-qc-report/v4/wrcc?unitID=s315,13.00,10.00,8.00,7.00,8.00,9.00,10.00,10.00,11.00,-9999,11.00,10.00,11.00,11.00,13.00,16.00,13.00,12.00,11.00,10.00,7.00,11.00,8.00,11.00
