,,Position (Deg.),,,Concentration (µg/m3),,,Wind,,Air Temperature (Deg. C.),,,Humidity (Percent),,,Barometer,Battery Voltage (volts),,,Air Flow (totalizer),,,Concentration by Hour,,,,,,,,,,,,,,,,,,,,,,,
Date,Station,Latitude,Longitude,Station Chart Link,Mean,Max,Min,Ave Vel. (m/s),V. Dir. (Deg),Mean,Max,Min,Mean,Max,Min,Baro. Pressure (mbars),Mean,Max,Min,Mean,Time of latest ob,Airfire QC Report Link,0:00,1:00,2:00,3:00,4:00,5:00,6:00,7:00,8:00,9:00,10:00,11:00,12:00,13:00,14:00,15:00,16:00,17:00,18:00,19:00,20:00,21:00,22:00,23:00
03/09/19,Smoke #13,40.1156,-105.3859,https://wrcc.dri.edu/cgi-bin/rawMAIN4.pl?idsm13+09+03+19+M,0,3,0,1.3,300,3.7,9.4,-0.6,44,86,23,768.7,14.4,14.4,14.4,2.00,24:00,https://tools.airfire.org/monitor-qc-report/v4/wrcc?unitID=sm13,9.00,1.00,3.00,2.00,0.00,0.00,0.00,0.00,0.00,0.00,0.00,0.00,0.00,0.00,0.00,0.00,0.00,0.00,0.00,0.00,0.00,0.00,0.00,0.00
03/09/19,Smoke RMK 125 (Smoke #216),39.4065,-105.4825,https://wrcc.dri.edu/cgi-bin/rawMAIN4.pl?ids216+09+03+19+M,0,1,0,2.6,287,3.1,8.8,-2.3,40,84,25,746.1,14.4,14.4,14.4,2.00,24:00,https://tools.airfire.org/monitor-qc-report/v2/wrcc?unitID=s216,3.00,0.00,0.00,0.00,0.00,0.00,0.00,0.00,0.00,0.00,0.00,0.00,0.00,0.00,0.00,0.00,0.00,0.00,0.00,0.00,0.00,0.00,0.00,0.00
03/09/19,Smoke RMK 131 (USFS R2-924),39.389,-105.2734,https://wrcc.dri.edu/cgi-bin/rawMAIN4.pl?id2924+09+03+19+M,1,5,0,2.1,213,5.7,12.6,0.5,35,86,21,781.4,14.4,14.4,14.3,2.00,24:00,https://tools.airfire.org/monitor-qc-report/v2/wrcc?unitID=2924,0.00,0.00,1.00,0.00,1.00,5.00,5.00,1.00,0.00,0.00,0.00,0.00,0.00,0.00,0.00,0.00,0.00,0.00,0.00,0.00,0.00,0.00,0.00,0.00
03/09/19,Smoke USFS R2-69,38.9793,-105.353,https://wrcc.dri.edu/cgi-bin/rawMAIN4.pl?ids269+09+03+19+M,1,5,0,0.3,1,1.2,8.2,-6.2,0,1,0,741.4,14.4,14.4,14.4,2.00,24:00,https://tools.airfire.org/monitor-qc-report/v4/wrcc?unitID=s269,1.00,2.00,1.00,0.00,1.00,0.00,1.00,1.00,1.00,3.00,2.00,2.00,3.00,5.00,3.00,4.00,2.00,1.00,0.00,0.00,0.00,0.00,0.00,0.00
03/09/19,Smoke USFS R3-86,35.687,-105.8956,https://wrcc.dri.edu/cgi-bin/rawMAIN4.pl?ids386+09+03+19+M,2,44,-5,0.3,212,7.9,16.6,0.2,0,1,0,-9999,14.4,14.4,14.4,16.67,24:00,https://tools.airfire.org/monitor-qc-report/v4/wrcc?unitID=s386,6.00,2.00,1.00,-4.00,44.00,-5.00,6.00,-3.00,-5.00,-5.00,3.00,8.00,10.00,-3.00,4.00,0.00,-5.00,-5.00,-5.00,-3.00,2.00,1.00,11.00,5.00
03/09/19,Smoke RMK 411 (EBAM #794),39.7144,-105.124,https://wrcc.dri.edu/cgi-bin/rawMAIN4.pl?ide794+09+03+19+M,2,18,-5,2.6,176,3.9,10.3,0.9,38,76,14,-9999,14.4,14.4,14.4,16.67,24:00,https://tools.airfire.org/monitor-qc-report/v2/wrcc?unitID=e794,24.00,18.00,13.00,7.00,12.00,0.00,-5.00,13.00,6.00,-5.00,-3.00,1.00,0.00,-4.00,0.00,4.00,-3.00,0.00,-5.00,4.00,-2.00,-4.00,3.00,-5.00
03/09/19,Smoke RMK 412 (EBAM #840),39.7143,-105.124,https://wrcc.dri.edu/cgi-bin/rawMAIN4.pl?ide840+09+03+19+M,2,14,-4,0.3,1,5.2,10.7,1.8,38,77,15,-9999,14.2,14.2,14.2,16.70,24:00,https://tools.airfire.org/monitor-qc-report/v2/wrcc?unitID=e840,13.00,5.00,14.00,11.00,-1.00,0.00,8.00,-4.00,0.00,4.00,0.00,0.00,2.00,-4.00,1.00,3.00,3.00,6.00,-4.00,2.00,7.00,1.00,-3.00,1.00
03/09/19,Smoke RMK 415 (EBAM #925),37.4611,-108.5157,https://wrcc.dri.edu/cgi-bin/rawMAIN4.pl?ide925+09+03+19+M,2,8,-5,1.3,232,-5.8,0.0,-12.4,71,94,39,-9999,14.3,14.3,14.3,16.70,24:00,https://tools.airfire.org/monitor-qc-report/v2/wrcc?unitID=e925,52.00,1.00,-5.00,1.00,-1.00,7.00,-2.00,4.00,6.00,6.00,4.00,-4.00,2.00,6.00,2.00,2.00,-5.00,8.00,-2.00,-1.00,1.00,3.00,-1.00,5.00
