,,Position (Deg.),,,Concentration (µg/m3),,,Wind,,Air Temperature (Deg. C.),,,Humidity (Percent),,,Barometer,Battery Voltage (volts),,,Air Flow (totalizer),,,Concentration by Hour,,,,,,,,,,,,,,,,,,,,,,,
Date,Station,Latitude,Longitude,Station Chart Link,Mean,Max,Min,Ave Vel. (m/s),V. Dir. (Deg),Mean,Max,Min,Mean,Max,Min,Baro. Pressure (mbars),Mean,Max,Min,Mean,Time of latest ob,Airfire QC Report Link,0:00,1:00,2:00,3:00,4:00,5:00,6:00,7:00,8:00,9:00,10:00,11:00,12:00,13:00,14:00,15:00,16:00,17:00,18:00,19:00,20:00,21:00,22:00,23:00
10/25/14,Smoke #13,44.4363,-118.1893,https://wrcc.dri.edu/cgi-bin/rawMAIN4.pl?idsm13+25+10+14+M,3,20,0,2.0,120,7.7,17.3,2.2,83,97,33,868.8,14.3,14.4,14.1,2.00,24:00,https://tools.airfire.org/monitor-qc-report/v4/wrcc?unitID=sm13,1.00,0.00,0.00,1.00,1.00,0.00,1.00,0.00,0.00,1.00,0.00,0.00,1.00,5.00,4.00,6.00,4.00,20.00,7.00,5.00,2.00,1.00,2.00,2.00
10/25/14,Smoke RMK 104 (Smoke #15),39.8858,-105.7635,https://wrcc.dri.edu/cgi-bin/rawMAIN4.pl?idsm15+25+10+14+M,0,0,0,2.3,206,8.0,23.0,-0.5,41,58,14,733.4,14.3,14.4,14.0,2.00,24:00,https://tools.airfire.org/monitor-qc-report/v2/wrcc?unitID=sm15,0.00,0.00,0.00,0.00,0.00,0.00,0.00,0.00,0.00,0.00,0.00,0.00,0.00,0.00,0.00,0.00,0.00,0.00,0.00,0.00,0.00,0.00,0.00,0.00
10/25/14,Smoke RMK 105 (Smoke #17),39.9101,-105.7978,https://wrcc.dri.edu/cgi-bin/rawMAIN4.pl?idsm17+25+10+14+M,1,4,0,0.3,2,7.5,25.6,-1.4,43,63,12,734.1,14.4,14.4,14.2,2.00,24:00,https://tools.airfire.org/monitor-qc-report/v2/wrcc?unitID=sm17,3.00,1.00,0.00,0.00,0.00,0.00,0.00,0.00,0.00,0.00,0.00,0.00,0.00,0.00,0.00,0.00,0.00,0.00,3.00,4.00,3.00,3.00,2.00,2.00
10/25/14,Smoke RMK 110 (Smoke #215),44.2609,-121.1468,https://wrcc.dri.edu/cgi-bin/rawMAIN4.pl?ids215+25+10+14+M,5,9,0,2.0,295,12.7,20.3,9.3,83,100,40,898.8,14.3,14.3,14.1,2.00,24:00,https://tools.airfire.org/monitor-qc-report/v2/wrcc?unitID=s215,2.00,6.00,5.00,4.00,5.00,5.00,5.00,6.00,6.00,5.00,5.00,7.00,7.00,6.00,5.00,7.00,9.00,4.00,0.00,0.00,1.00,2.00,8.00,3.00
10/25/14,Smoke RMK 112 (Smoke #11),38.6935,-108.1472,https://wrcc.dri.edu/cgi-bin/rawMAIN4.pl?idsm11+25+10+14+M,4,6,1,0.7,52,12.8,31.4,0.5,63,98,16,851.9,14.2,14.4,13.9,2.00,24:00,https://tools.airfire.org/monitor-qc-report/v2/wrcc?unitID=sm11,1.00,2.00,4.00,5.00,5.00,5.00,5.00,6.00,6.00,6.00,6.00,6.00,6.00,6.00,6.00,6.00,5.00,4.00,3.00,3.00,2.00,1.00,2.00,2.00
10/25/14,Smoke RMK 113 (Smoke #16),43.9034,-121.4331,https://wrcc.dri.edu/cgi-bin/rawMAIN4.pl?idsm16+25+10+14+M,1,5,0,1.4,177,9.7,14.3,4.7,83,100,50,-9999,14.4,14.4,14.3,2.00,24:00,https://tools.airfire.org/monitor-qc-report/v2/wrcc?unitID=sm16,1.00,1.00,3.00,5.00,4.00,3.00,3.00,4.00,4.00,2.00,0.00,0.00,0.00,0.00,1.00,1.00,1.00,1.00,0.00,0.00,0.00,0.00,0.00,0.00
10/25/14,Smoke RMK 116 (Smoke #21),39.9191,-105.7845,https://wrcc.dri.edu/cgi-bin/rawMAIN4.pl?idsm21+25+10+14+M,1,2,0,1.1,327,8.4,23.5,-2.2,44,70,12,-9999,14.3,14.4,14.1,2.00,24:00,https://tools.airfire.org/monitor-qc-report/v2/wrcc?unitID=sm21,2.00,2.00,2.00,2.00,1.00,1.00,1.00,1.00,1.00,1.00,1.00,1.00,1.00,1.00,1.00,1.00,1.00,0.00,1.00,0.00,0.00,0.00,0.00,0.00
10/25/14,Smoke RMK 117 (Smoke #22),39.1004,-105.0938,https://wrcc.dri.edu/cgi-bin/rawMAIN4.pl?idsm22+25+10+14+M,2,5,0,1.4,315,11.0,27.7,-1.0,43,76,7,768.8,14.3,14.4,14.1,2.00,24:00,https://tools.airfire.org/monitor-qc-report/v2/wrcc?unitID=sm22,2.00,2.00,5.00,3.00,3.00,4.00,4.00,4.00,4.00,3.00,3.00,3.00,3.00,3.00,4.00,5.00,2.00,0.00,0.00,0.00,0.00,0.00,0.00,0.00
10/25/14,Smoke RMK 119 (Smoke #24),39.1443,-105.1636,https://wrcc.dri.edu/cgi-bin/rawMAIN4.pl?idsm24+25+10+14+M,1,4,0,0.9,179,11.2,29.1,-0.8,42,72,7,773.1,14.3,14.4,14.1,2.00,24:00,https://tools.airfire.org/monitor-qc-report/v2/wrcc?unitID=sm24,0.00,2.00,3.00,1.00,1.00,1.00,1.00,1.00,1.00,2.00,1.00,1.00,1.00,1.00,1.00,1.00,1.00,0.00,1.00,0.00,0.00,0.00,4.00,1.00
10/25/14,Smoke USFS R1-53,47.5354,-113.7211,https://wrcc.dri.edu/cgi-bin/rawMAIN4.pl?ids153+25+10+14+M,3,12,0,0.4,163,7.4,12.6,1.6,95,100,78,885.5,14.4,14.4,14.3,2.00,24:00,https://tools.airfire.org/monitor-qc-report/v4/wrcc?unitID=s153,0.00,0.00,1.00,6.00,6.00,4.00,5.00,9.00,3.00,3.00,12.00,10.00,5.00,5.00,4.00,5.00,2.00,1.00,0.00,0.00,0.00,0.00,0.00,1.00
10/25/14,Smoke USFS R2-65,43.9861,-121.3984,https://wrcc.dri.edu/cgi-bin/rawMAIN4.pl?ids265+25+10+14+M,3,12,0,2.5,111,10.1,15.2,6.5,84,100,48,867.9,14.1,14.1,14.0,2.00,24:00,https://tools.airfire.org/monitor-qc-report/v4/wrcc?unitID=s265,3.00,2.00,3.00,5.00,6.00,7.00,5.00,6.00,12.00,10.00,4.00,3.00,4.00,2.00,1.00,1.00,1.00,0.00,0.00,0.00,0.00,0.00,0.00,0.00
