,,Position (Deg.),,,Concentration (µg/m3),,,Wind,,Air Temperature (Deg. C.),,,Humidity (Percent),,,Barometer,Battery Voltage (volts),,,Air Flow (totalizer),,,Concentration by Hour,,,,,,,,,,,,,,,,,,,,,,,
Date,Station,Latitude,Longitude,Station Chart Link,Mean,Max,Min,Ave Vel. (m/s),V. Dir. (Deg),Mean,Max,Min,Mean,Max,Min,Baro. Pressure (mbars),Mean,Max,Min,Mean,Time of latest ob,Airfire QC Report Link,0:00,1:00,2:00,3:00,4:00,5:00,6:00,7:00,8:00,9:00,10:00,11:00,12:00,13:00,14:00,15:00,16:00,17:00,18:00,19:00,20:00,21:00,22:00,23:00
03/20/20,Smoke RMK 105 (Smoke #17),39.4065,-105.4825,https://wrcc.dri.edu/cgi-bin/rawMAIN4.pl?idsm17+20+03+20+M,0,1,0,0.6,192,-0.5,10.8,-9.2,65,76,39,764.5,14.4,14.4,14.4,2.00,24:00,https://tools.airfire.org/monitor-qc-report/v2/wrcc?unitID=sm17,0.00,0.00,0.00,0.00,0.00,0.00,0.00,0.00,0.00,0.00,0.00,0.00,0.00,0.00,0.00,0.00,0.00,0.00,0.00,0.00,0.00,0.00,0.00,1.00
03/20/20,Smoke RMK 107 (Smoke #67),39.389,-105.2734,https://wrcc.dri.edu/cgi-bin/rawMAIN4.pl?idsm67+20+03+20+M,2,7,0,0.6,182,0.4,9.8,-4.6,79,93,55,795.3,14.4,14.4,14.3,2.00,24:00,https://tools.airfire.org/monitor-qc-report/v2/wrcc?unitID=sm67,0.00,0.00,3.00,4.00,3.00,1.00,2.00,3.00,0.00,4.00,0.00,3.00,0.00,2.00,1.00,2.00,1.00,0.00,0.00,0.00,1.00,2.00,5.00,7.00
03/20/20,Smoke RMK 114 (Smoke #19),37.4697,-88.1585,https://wrcc.dri.edu/cgi-bin/rawMAIN4.pl?idsm19+20+03+20+M,3,4,0,1.7,-9999,19.4,21.9,10.7,78,83,62,-9999,14.1,14.3,14.1,2.00,23:00,https://tools.airfire.org/monitor-qc-report/v2/wrcc?unitID=sm19,3.00,3.00,4.00,3.00,4.00,3.00,4.00,4.00,3.00,1.00,-9999,-9999,-9999,2.00,3.00,3.00,2.00,2.00,2.00,-9999,-9999,-9999,0.00,0.00
03/20/20,Smoke RMK 115 (Smoke #20),39.5949,-106.0067,https://wrcc.dri.edu/cgi-bin/rawMAIN4.pl?idsm20+20+03+20+M,3,17,0,1.0,124,-2.7,6.8,-14.0,68,79,41,724.6,14.4,14.4,14.4,2.00,24:00,https://tools.airfire.org/monitor-qc-report/v2/wrcc?unitID=sm20,0.00,0.00,1.00,0.00,0.00,0.00,0.00,0.00,17.00,8.00,4.00,2.00,1.00,2.00,4.00,8.00,5.00,9.00,0.00,0.00,0.00,0.00,0.00,0.00
03/20/20,Smoke USFS R9-16,39.4629,-82.1918,https://wrcc.dri.edu/cgi-bin/rawMAIN4.pl?ids916+20+03+20+M,2,3,0,1.9,-9999,19.5,24.9,14.5,81,100,43,989.6,14.1,14.2,14.0,2.00,24:00,https://tools.airfire.org/monitor-qc-report/v4/wrcc?unitID=s916,1.00,2.00,2.00,-9999,3.00,3.00,3.00,3.00,3.00,3.00,3.00,3.00,3.00,3.00,2.00,2.00,2.00,0.00,0.00,0.00,0.00,0.00,0.00,0.00
03/20/20,Smoke USFS R2-69,38.9793,-105.353,https://wrcc.dri.edu/cgi-bin/rawMAIN4.pl?ids269+20+03+20+M,1,3,0,0.3,1,0.2,8.5,-4.4,0,1,0,756.2,14.4,14.4,14.3,2.00,24:00,https://tools.airfire.org/monitor-qc-report/v4/wrcc?unitID=s269,0.00,0.00,0.00,0.00,0.00,1.00,3.00,3.00,1.00,1.00,1.00,1.00,1.00,1.00,1.00,1.00,0.00,0.00,0.00,0.00,0.00,0.00,0.00,0.00
03/20/20,Smoke RMK 409 (EBAM #592),40.7768,-111.9459,https://wrcc.dri.edu/cgi-bin/rawMAIN4.pl?ide592+20+03+20+M,5,21,-5,2.0,165,4.0,7.9,1.7,70,79,53,-9999,14.1,14.2,14.0,16.68,24:00,https://tools.airfire.org/monitor-qc-report/v2/wrcc?unitID=e592,-3.00,18.00,-5.00,14.00,-3.00,15.00,-4.00,21.00,-2.00,13.00,21.00,-5.00,9.00,12.00,-1.00,2.00,3.00,-4.00,5.00,7.00,-5.00,5.00,1.00,3.00
03/20/20,Smoke QD Test,39.389,-105.2734,https://wrcc.dri.edu/cgi-bin/rawMAIN4.pl?idsqdt+20+03+20+M,0,0,0,0.8,124,-9999,-9999,-9999,-9999,-9999,-9999,811.0,13.1,14.5,12.5,-9999,-9999,-9999,0.00,0.00,0.00,0.00,0.00,0.00,0.00,0.00,0.00,0.00,0.00,0.00,0.00,0.00,0.00,0.00,0.00,0.00,0.00,0.00,0.00,0.00,0.00,0.00
