,,Position (Deg.),,,Concentration (µg/m3),,,Wind,,Air Temperature (Deg. C.),,,Humidity (Percent),,,Barometer,Battery Voltage (volts),,,Air Flow (totalizer),,,Concentration by Hour,,,,,,,,,,,,,,,,,,,,,,,
Date,Station,Latitude,Longitude,Station Chart Link,Mean,Max,Min,Ave Vel. (m/s),V. Dir. (Deg),Mean,Max,Min,Mean,Max,Min,Baro. Pressure (mbars),Mean,Max,Min,Mean,Time of latest ob,Airfire QC Report Link,0:00,1:00,2:00,3:00,4:00,5:00,6:00,7:00,8:00,9:00,10:00,11:00,12:00,13:00,14:00,15:00,16:00,17:00,18:00,19:00,20:00,21:00,22:00,23:00
04/29/15,Smoke #13,43.878,-121.4535,https://wrcc.dri.edu/cgi-bin/rawMAIN4.pl?idsm13+29+04+15+M,0,2,0,2.9,267,9.4,17.0,-1.3,63,93,32,873.2,14.2,14.4,14.1,2.00,24:00,https://tools.airfire.org/monitor-qc-report/v4/wrcc?unitID=sm13,0.00,1.00,1.00,2.00,1.00,0.00,0.00,0.00,0.00,0.00,0.00,0.00,0.00,0.00,0.00,0.00,0.00,0.00,0.00,0.00,1.00,0.00,0.00,0.00
04/29/15,Smoke USFS R9-16,47.821,-90.3607,https://wrcc.dri.edu/cgi-bin/rawMAIN4.pl?ids916+29+04+15+M,0,2,0,1.7,-9999,14.9,17.2,9.4,42,59,31,955.5,14.2,14.4,14.2,1.98,24:00,https://tools.airfire.org/monitor-qc-report/v4/wrcc?unitID=s916,-9999,-9999,-9999,-9999,-9999,-9999,-9999,-9999,-9999,-9999,-9999,-9999,-9999,-9999,-9999,-9999,0.00,0.00,0.00,0.00,0.00,0.00,0.00,1.00
04/29/15,Smoke USFS R1-53,46.9269,-114.0962,https://wrcc.dri.edu/cgi-bin/rawMAIN4.pl?ids153+29+04+15+M,0,0,0,2.0,-9999,18.4,19.3,17.8,40,43,38,903.7,14.2,14.2,14.2,1.93,24:00,https://tools.airfire.org/monitor-qc-report/v4/wrcc?unitID=s153,-9999,-9999,-9999,-9999,-9999,-9999,-9999,-9999,-9999,-9999,-9999,-9999,-9999,-9999,-9999,-9999,-9999,-9999,-9999,-9999,-9999,0.00,0.00,0.00
04/29/15,Smoke USFS R1-39,46.9269,-114.0962,https://wrcc.dri.edu/cgi-bin/rawMAIN4.pl?ids139+29+04+15+M,2,6,0,1.7,-9999,15.6,19.5,6.9,48,71,38,905.7,14.3,14.4,14.2,1.93,24:00,https://tools.airfire.org/monitor-qc-report/v4/wrcc?unitID=s139,-9999,-9999,-9999,-9999,-9999,-9999,-9999,-9999,-9999,-9999,-9999,-9999,-9999,-9999,-9999,-9999,-9999,-9999,-9999,-9999,-9999,6.00,0.00,0.00
04/29/15,Smoke USFS R2-65,44.037,-121.3397,https://wrcc.dri.edu/cgi-bin/rawMAIN4.pl?ids265+29+04+15+M,1,2,0,1.5,23,12.5,22.2,2.9,100,100,99,886.1,14.0,14.1,14.0,2.00,24:00,https://tools.airfire.org/monitor-qc-report/v4/wrcc?unitID=s265,2.00,1.00,2.00,2.00,1.00,2.00,2.00,0.00,0.00,0.00,1.00,1.00,1.00,1.00,1.00,1.00,1.00,1.00,2.00,1.00,2.00,1.00,1.00,1.00
04/29/15,Smoke NPS Yosemite 01,37.34,-119.6668,https://wrcc.dri.edu/cgi-bin/rawMAIN4.pl?idsmy1+29+04+15+M,5,12,0,1.1,19,17.2,29.2,5.7,51,87,11,-10.0,14.2,14.2,14.1,16.69,24:00,https://tools.airfire.org/monitor-qc-report/v4/wrcc?unitID=smy1,4.00,2.00,1.00,5.00,5.00,5.00,8.00,1.00,8.00,4.00,3.00,2.00,2.00,0.00,0.00,12.00,3.00,7.00,10.00,8.00,9.00,12.00,3.00,12.00
04/29/15,Smoke USFS R1-306,46.1001,-115.5446,https://wrcc.dri.edu/cgi-bin/rawMAIN4.pl?id1306+29+04+15+M,2,6,1,0.8,-9999,15.5,32.0,9.4,75,99,21,-9999,14.2,14.3,14.0,2.00,24:00,https://tools.airfire.org/monitor-qc-report/v4/wrcc?unitID=1306,4.00,6.00,4.00,1.00,1.00,2.00,2.00,2.00,1.00,2.00,2.00,2.00,2.00,2.00,2.00,2.00,2.00,1.00,1.00,1.00,-9999,1.00,1.00,1.00
04/29/15,Smoke USFS R1-307,47.5353,-113.7212,https://wrcc.dri.edu/cgi-bin/rawMAIN4.pl?id1307+29+04+15+M,3,12,0,0.9,-9999,13.1,25.2,4.5,59,87,17,-9999,14.3,14.4,14.1,2.00,24:00,https://tools.airfire.org/monitor-qc-report/v4/wrcc?unitID=1307,1.00,0.00,0.00,1.00,4.00,8.00,3.00,2.00,3.00,4.00,2.00,5.00,5.00,12.00,2.00,2.00,3.00,2.00,1.00,1.00,-9999,1.00,1.00,0.00
