,,Position (Deg.),,,Concentration (µg/m3),,,Wind,,Air Temperature (Deg. C.),,,Humidity (Percent),,,Barometer,Battery Voltage (volts),,,Air Flow (totalizer),,,Concentration by Hour,,,,,,,,,,,,,,,,,,,,,,,
Date,Station,Latitude,Longitude,Station Chart Link,Mean,Max,Min,Ave Vel. (m/s),V. Dir. (Deg),Mean,Max,Min,Mean,Max,Min,Baro. Pressure (mbars),Mean,Max,Min,Mean,Time of latest ob,Airfire QC Report Link,0:00,1:00,2:00,3:00,4:00,5:00,6:00,7:00,8:00,9:00,10:00,11:00,12:00,13:00,14:00,15:00,16:00,17:00,18:00,19:00,20:00,21:00,22:00,23:00
02/11/17,Smoke RMK 105 (Smoke #17),39.378,-105.0936,https://wrcc.dri.edu/cgi-bin/rawMAIN4.pl?idsm17+11+02+17+M,0,2,0,1.7,215,10.4,15.2,8.3,40,66,24,764.8,14.4,14.4,14.4,2.00,24:00,https://tools.airfire.org/monitor-qc-report/v2/wrcc?unitID=sm17,0.00,0.00,0.00,0.00,0.00,0.00,0.00,0.00,0.00,0.00,0.00,0.00,0.00,0.00,0.00,0.00,0.00,0.00,0.00,1.00,2.00,0.00,0.00,0.00
02/11/17,Smoke RMK 117 (Smoke #22),39.389,-105.2734,https://wrcc.dri.edu/cgi-bin/rawMAIN4.pl?idsm22+11+02+17+M,0,0,0,2.5,222,14.5,20.5,11.1,32,49,21,791.1,14.2,14.3,14.1,2.00,24:00,https://tools.airfire.org/monitor-qc-report/v2/wrcc?unitID=sm22,0.00,0.00,0.00,0.00,0.00,0.00,0.00,0.00,0.00,0.00,0.00,0.00,0.00,0.00,0.00,0.00,0.00,0.00,0.00,0.00,0.00,0.00,0.00,0.00
02/11/17,Smoke RMK 121 (Smoke #68),37.0557,-88.1199,https://wrcc.dri.edu/cgi-bin/rawMAIN4.pl?idsm68+11+02+17+M,4,7,1,1.5,179,13.1,18.6,10.1,68,84,39,993.9,14.4,14.4,14.2,2.00,24:00,https://tools.airfire.org/monitor-qc-report/v2/wrcc?unitID=sm68,0.00,1.00,1.00,1.00,1.00,1.00,2.00,2.00,3.00,4.00,5.00,5.00,5.00,5.00,4.00,4.00,4.00,4.00,5.00,6.00,7.00,7.00,6.00,6.00
02/11/17,FWS Smoke #1,39.7144,-105.1239,https://wrcc.dri.edu/cgi-bin/rawMAIN4.pl?idsmf1+11+02+17+M,1750,3000,0,1.5,217,11.8,22.7,7.5,0,-9999,-9999,820.4,13.3,14.4,12.6,2.00,24:00,https://tools.airfire.org/monitor-qc-report/v4/wrcc?unitID=smf1,0.00,0.00,0.00,0.00,1000.00,1000.00,2000.00,3000.00,3000.00,2000.00,2000.00,2000.00,2000.00,2000.00,2000.00,2000.00,3000.00,2000.00,2000.00,2000.00,2000.00,2000.00,2000.00,2000.00
02/11/17,Smoke USFS R9-16,35.9243,-81.675,https://wrcc.dri.edu/cgi-bin/rawMAIN4.pl?ids916+11+02+17+M,15,42,0,0.3,2,8.0,23.4,-1.2,0,1,0,978.0,14.3,14.4,14.2,2.00,24:00,https://tools.airfire.org/monitor-qc-report/v4/wrcc?unitID=s916,3.00,3.00,6.00,22.00,42.00,42.00,40.00,30.00,30.00,28.00,18.00,18.00,17.00,12.00,21.00,10.00,5.00,3.00,3.00,3.00,2.00,1.00,0.00,0.00
02/11/17,Smoke USFS R2-69,38.9793,-105.3531,https://wrcc.dri.edu/cgi-bin/rawMAIN4.pl?ids269+11+02+17+M,0,1,0,0.3,1,8.9,14.7,3.4,1,1,0,752.9,14.4,14.4,14.2,2.00,24:00,https://tools.airfire.org/monitor-qc-report/v4/wrcc?unitID=s269,0.00,0.00,0.00,0.00,0.00,1.00,1.00,1.00,1.00,1.00,1.00,1.00,1.00,1.00,1.00,1.00,0.00,0.00,0.00,0.00,0.00,0.00,0.00,0.00
02/11/17,Smoke RMK 407 (EBAM #231),39.7144,-105.124,https://wrcc.dri.edu/cgi-bin/rawMAIN4.pl?ide231+11+02+17+M,-2,3,-5,0.3,-9999,8.4,9.1,7.9,2,2,1,-9999,14.0,14.0,13.9,16.69,24:00,https://tools.airfire.org/monitor-qc-report/v2/wrcc?unitID=e231,2.00,-3.00,-5.00,-5.00,-3.00,-5.00,0.00,-4.00,0.00,1.00,-5.00,-5.00,3.00,-1.00,-3.00,2.00,-9999,-9999,-9999,-9999,-9999,0.00,2.00,-2.00
02/11/17,Smoke USFS R2-265,40.7421,-100.0555,https://wrcc.dri.edu/cgi-bin/rawMAIN4.pl?id2265+11+02+17+M,0,0,0,4.5,-9999,10.9,55.0,5.1,53,82,14,731.0,13.1,14.4,0.0,2.33,24:00,https://tools.airfire.org/monitor-qc-report/v4/wrcc?unitID=2265,0.00,0.00,0.00,0.00,-9999,0.00,0.00,0.00,0.00,0.00,0.00,0.00,-9999,0.00,0.00,-9999,0.00,0.00,-9999,0.00,0.00,0.00,0.00,0.00
