,,Position (Deg.),,,Concentration (µg/m3),,,Wind,,Air Temperature (Deg. C.),,,Humidity (Percent),,,Barometer,Battery Voltage (volts),,,Air Flow (totalizer),,,Concentration by Hour,,,,,,,,,,,,,,,,,,,,,,,
Date,Station,Latitude,Longitude,Station Chart Link,Mean,Max,Min,Ave Vel. (m/s),V. Dir. (Deg),Mean,Max,Min,Mean,Max,Min,Baro. Pressure (mbars),Mean,Max,Min,Mean,Time of latest ob,Airfire QC Report Link,0:00,1:00,2:00,3:00,4:00,5:00,6:00,7:00,8:00,9:00,10:00,11:00,12:00,13:00,14:00,15:00,16:00,17:00,18:00,19:00,20:00,21:00,22:00,23:00
06/02/21,Smoke RMK 105 (Smoke #17),39.7144,-105.1239,https://wrcc.dri.edu/cgi-bin/rawMAIN4.pl?idsm17+02+06+21+M,0,0,0,1.1,-9999,24.2,-9999,-9999,36,-9999,-9999,826.7,14.2,14.2,14.2,2.00,16:00,https://tools.airfire.org/monitor-qc-report/v2/wrcc?unitID=sm17,-9999,-9999,-9999,-9999,-9999,-9999,-9999,-9999,-9999,-9999,-9999,-9999,-9999,-9999,-9999,-9999,0.00,-9999,-9999,-9999,-9999,-9999,-9999,-9999
06/02/21,Smoke RMK 112 (Smoke #11),39.7143,-105.1239,https://wrcc.dri.edu/cgi-bin/rawMAIN4.pl?idsm11+02+06+21+M,0,1,0,1.5,-9999,14.1,17.8,10.7,57,70,46,826.9,12.4,12.4,12.3,2.00,11:00,https://tools.airfire.org/monitor-qc-report/v2/wrcc?unitID=sm11,0.00,0.00,0.00,0.00,1.00,1.00,1.00,0.00,0.00,0.00,0.00,0.00,-9999,-9999,-9999,-9999,-9999,-9999,-9999,-9999,-9999,-9999,-9999,-9999
06/02/21,Smoke RMK 116 (Smoke #21),39.389,-105.2734,https://wrcc.dri.edu/cgi-bin/rawMAIN4.pl?idsm21+02+06+21+M,0,4,0,0.9,2,12.9,25.7,2.5,63,92,24,-9999,14.3,14.4,14.1,1.83,24:00,https://tools.airfire.org/monitor-qc-report/v2/wrcc?unitID=sm21,1.00,0.00,0.00,1.00,1.00,4.00,0.00,0.00,0.00,0.00,0.00,0.00,0.00,0.00,0.00,0.00,0.00,0.00,0.00,0.00,0.00,0.00,0.00,0.00
06/02/21,Smoke RMK 125 (Smoke #216),39.7143,-105.124,https://wrcc.dri.edu/cgi-bin/rawMAIN4.pl?ids216+02+06+21+M,1,5,0,1.2,-9999,14.1,18.4,10.8,57,70,44,828.4,14.3,14.3,14.2,2.00,14:00,https://tools.airfire.org/monitor-qc-report/v2/wrcc?unitID=s216,1.00,1.00,0.00,0.00,0.00,0.00,0.00,0.00,0.00,0.00,1.00,0.00,2.00,3.00,5.00,-9999,-9999,-9999,-9999,-9999,-9999,-9999,-9999,-9999
06/02/21,Smoke RMK 131 (USFS R2-924),39.7143,-105.124,https://wrcc.dri.edu/cgi-bin/rawMAIN4.pl?id2924+02+06+21+M,0,1,0,1.6,-9999,26.6,29.1,21.4,33,43,29,825.7,13.1,13.1,12.9,1.99,24:00,https://tools.airfire.org/monitor-qc-report/v2/wrcc?unitID=2924,-9999,-9999,-9999,-9999,-9999,-9999,-9999,-9999,-9999,-9999,-9999,-9999,-9999,-9999,-9999,-9999,0.00,1.00,1.00,1.00,0.00,0.00,0.00,0.00
06/02/21,Smoke USFS R3-28,35.6715,-105.9557,https://wrcc.dri.edu/cgi-bin/rawMAIN4.pl?ids328+02+06+21+M,9,71,-5,2.1,102,10.2,-9999,-9999,0,-9999,-9999,-9999,14.2,14.3,14.1,16.70,24:00,https://tools.airfire.org/monitor-qc-report/v4/wrcc?unitID=s328,-5.00,0.00,-5.00,-5.00,-5.00,-5.00,-4.00,-5.00,-5.00,-3.00,-3.00,-1.00,3.00,1.00,39.00,71.00,44.00,48.00,34.00,11.00,-2.00,-5.00,9.00,-1.00
06/02/21,Smoke RMK 407 (EBAM #231),39.7144,-105.124,https://wrcc.dri.edu/cgi-bin/rawMAIN4.pl?ide231+02+06+21+M,4,13,0,1.3,-9999,20.1,20.7,18.7,27,36,24,-9999,14.2,14.3,14.2,15.02,24:00,https://tools.airfire.org/monitor-qc-report/v2/wrcc?unitID=e231,-9999,-9999,-9999,-9999,-9999,-9999,-9999,-9999,-9999,-9999,-9999,-9999,-9999,-9999,-9999,-9999,0.00,13.00,4.00,4.00,5.00,2.00,0.00,5.00
06/02/21,Smoke RMK 412 (EBAM #840),39.7145,-105.1237,https://wrcc.dri.edu/cgi-bin/rawMAIN4.pl?ide840+02+06+21+M,2,8,-2,1.5,-9999,14.7,18.7,10.7,58,73,44,-9999,14.3,14.4,14.3,16.69,14:00,https://tools.airfire.org/monitor-qc-report/v2/wrcc?unitID=e840,2.00,0.00,2.00,6.00,2.00,2.00,1.00,1.00,-2.00,0.00,7.00,1.00,8.00,1.00,1.00,-9999,-9999,-9999,-9999,-9999,-9999,-9999,-9999,-9999
