,,Position (Deg.),,,Concentration (µg/m3),,,Wind,,Air Temperature (Deg. C.),,,Humidity (Percent),,,Barometer,Battery Voltage (volts),,,Air Flow (totalizer),,,Concentration by Hour,,,,,,,,,,,,,,,,,,,,,,,
Date,Station,Latitude,Longitude,Station Chart Link,Mean,Max,Min,Ave Vel. (m/s),V. Dir. (Deg),Mean,Max,Min,Mean,Max,Min,Baro. Pressure (mbars),Mean,Max,Min,Mean,Time of latest ob,Airfire QC Report Link,0:00,1:00,2:00,3:00,4:00,5:00,6:00,7:00,8:00,9:00,10:00,11:00,12:00,13:00,14:00,15:00,16:00,17:00,18:00,19:00,20:00,21:00,22:00,23:00
11/28/17,Smoke RMK 104 (Smoke #15),39.7143,-105.1239,https://wrcc.dri.edu/cgi-bin/rawMAIN4.pl?idsm15+28+11+17+M,25,34,10,1.1,33,7.2,16.1,2.2,53,90,19,823.6,14.3,14.4,14.2,2.00,24:00,https://tools.airfire.org/monitor-qc-report/v2/wrcc?unitID=sm15,2.00,10.00,11.00,15.00,17.00,15.00,20.00,26.00,32.00,31.00,31.00,31.00,31.00,33.00,33.00,34.00,32.00,30.00,29.00,27.00,25.00,20.00,20.00,24.00
11/28/17,Smoke RMK 112 (Smoke #11),39.7144,-105.1239,https://wrcc.dri.edu/cgi-bin/rawMAIN4.pl?idsm11+28+11+17+M,2,4,1,1.1,59,8.6,17.4,3.3,50,85,18,825.0,14.3,14.4,14.1,2.00,24:00,https://tools.airfire.org/monitor-qc-report/v2/wrcc?unitID=sm11,2.00,3.00,3.00,4.00,3.00,1.00,2.00,2.00,1.00,1.00,1.00,1.00,1.00,1.00,1.00,1.00,1.00,1.00,2.00,1.00,2.00,1.00,1.00,2.00
11/28/17,Smoke RMK 117 (Smoke #22),39.7144,-105.1239,https://wrcc.dri.edu/cgi-bin/rawMAIN4.pl?idsm22+28+11+17+M,0,1,0,1.4,-9999,4.0,4.8,2.6,77,91,72,825.8,14.4,14.4,14.4,2.00,15:00,https://tools.airfire.org/monitor-qc-report/v2/wrcc?unitID=sm22,-9999,-9999,-9999,-9999,-9999,-9999,-9999,-9999,-9999,0.00,0.00,0.00,-9999,-9999,-9999,1.00,-9999,-9999,-9999,-9999,-9999,-9999,-9999,-9999
11/28/17,Smoke RMK 129 (USFS R2-922),38.7101,-108.1508,https://wrcc.dri.edu/cgi-bin/rawMAIN4.pl?id2922+28+11+17+M,0,2,0,0.3,1,11.3,21.8,4.3,0,1,0,844.1,14.3,14.4,14.2,2.00,24:00,https://tools.airfire.org/monitor-qc-report/v2/wrcc?unitID=2922,9.00,2.00,0.00,0.00,0.00,0.00,0.00,0.00,0.00,0.00,0.00,0.00,0.00,0.00,0.00,0.00,0.00,0.00,0.00,0.00,0.00,0.00,0.00,0.00
11/28/17,Smoke USFS R2-65,39.389,-105.2734,https://wrcc.dri.edu/cgi-bin/rawMAIN4.pl?ids265+28+11+17+M,1,4,0,0.3,2,3.4,15.2,-2.8,68,88,30,794.4,14.4,14.4,14.3,2.00,24:00,https://tools.airfire.org/monitor-qc-report/v4/wrcc?unitID=s265,0.00,1.00,3.00,2.00,2.00,2.00,2.00,2.00,2.00,4.00,2.00,2.00,1.00,1.00,1.00,1.00,1.00,1.00,1.00,1.00,1.00,1.00,1.00,0.00
11/28/17,Smoke USFS R2-69,38.9793,-105.353,https://wrcc.dri.edu/cgi-bin/rawMAIN4.pl?ids269+28+11+17+M,0,0,0,0.3,-9999,8.1,9.5,6.6,1,1,0,757.7,14.4,14.4,14.4,1.74,24:00,https://tools.airfire.org/monitor-qc-report/v4/wrcc?unitID=s269,-9999,-9999,-9999,-9999,-9999,-9999,-9999,-9999,-9999,-9999,-9999,-9999,-9999,-9999,-9999,-9999,-9999,-9999,-9999,-9999,0.00,0.00,0.00,0.00
11/28/17,Smoke USFS R3-28,35.6714,-105.9557,https://wrcc.dri.edu/cgi-bin/rawMAIN4.pl?ids328+28+11+17+M,1,14,-5,1.3,68,7.8,12.4,3.1,0,-9999,-9999,-9999,14.2,14.3,14.1,16.69,24:00,https://tools.airfire.org/monitor-qc-report/v4/wrcc?unitID=s328,1.00,-5.00,-4.00,4.00,9.00,-5.00,2.00,1.00,3.00,1.00,1.00,0.00,2.00,2.00,-3.00,4.00,6.00,3.00,14.00,5.00,2.00,-4.00,3.00,-1.00
11/28/17,Smoke USFS R3-86,35.687,-105.8956,https://wrcc.dri.edu/cgi-bin/rawMAIN4.pl?ids386+28+11+17+M,5,31,-5,0.3,1,11.3,18.0,3.0,0,-9999,-9999,-9999,14.4,14.4,14.4,16.70,24:00,https://tools.airfire.org/monitor-qc-report/v4/wrcc?unitID=s386,25.00,11.00,-2.00,1.00,7.00,9.00,11.00,8.00,10.00,-5.00,2.00,0.00,-4.00,4.00,-1.00,-3.00,-4.00,-5.00,-5.00,-5.00,-5.00,25.00,11.00,24.00
