,,Position (Deg.),,,Concentration (µg/m3),,,Wind,,Air Temperature (Deg. C.),,,Humidity (Percent),,,Barometer,Battery Voltage (volts),,,Air Flow (totalizer),,,Concentration by Hour,,,,,,,,,,,,,,,,,,,,,,,
Date,Station,Latitude,Longitude,Station Chart Link,Mean,Max,Min,Ave Vel. (m/s),V. Dir. (Deg),Mean,Max,Min,Mean,Max,Min,Baro. Pressure (mbars),Mean,Max,Min,Mean,Time of latest ob,Airfire QC Report Link,0:00,1:00,2:00,3:00,4:00,5:00,6:00,7:00,8:00,9:00,10:00,11:00,12:00,13:00,14:00,15:00,16:00,17:00,18:00,19:00,20:00,21:00,22:00,23:00
11/22/23,Smoke RMK 101 (Smoke #660),39.7143,-105.124,https://wrcc.dri.edu/cgi-bin/rawMAIN4.pl?ids660+22+11+23+M,2,2,1,0.8,-9999,18.4,20.4,15.0,20,24,16,826.3,14.6,14.6,14.6,1.87,24:00,https://tools.airfire.org/monitor-qc-report/v2/wrcc?unitID=s660,-9999,-9999,-9999,-9999,-9999,-9999,-9999,-9999,-9999,-9999,-9999,-9999,-9999,-9999,-9999,-9999,-9999,-9999,1.00,1.00,2.00,2.00,2.00,2.00
11/22/23,Smoke RMK 107 (Smoke #67),39.7143,-105.1239,https://wrcc.dri.edu/cgi-bin/rawMAIN4.pl?idsm67+22+11+23+M,1,2,0,0.8,-9999,18.7,20.8,15.5,18,22,15,826.2,14.5,14.5,14.5,1.86,24:00,https://tools.airfire.org/monitor-qc-report/v2/wrcc?unitID=sm67,-9999,-9999,-9999,-9999,-9999,-9999,-9999,-9999,-9999,-9999,-9999,-9999,-9999,-9999,-9999,-9999,-9999,-9999,0.00,1.00,1.00,2.00,2.00,2.00
11/22/23,Smoke RMK 109 (Smoke #84),39.7144,-105.124,https://wrcc.dri.edu/cgi-bin/rawMAIN4.pl?ids284+22+11+23+M,2,2,1,0.6,-9999,18.4,20.0,15.0,17,22,15,825.4,14.5,14.5,14.5,1.90,24:00,https://tools.airfire.org/monitor-qc-report/v2/wrcc?unitID=s284,-9999,-9999,-9999,-9999,-9999,-9999,-9999,-9999,-9999,-9999,-9999,-9999,-9999,-9999,-9999,-9999,-9999,-9999,-9999,-9999,1.00,2.00,2.00,2.00
11/22/23,Smoke USFS R3-86,35.6871,-105.8955,https://wrcc.dri.edu/cgi-bin/rawMAIN4.pl?ids386+22+11+23+M,-0,6,-5,0.5,337,-5.3,5.1,-11.1,1,1,0,-9999,13.9,14.0,13.9,16.70,24:00,https://tools.airfire.org/monitor-qc-report/v4/wrcc?unitID=s386,3.00,-1.00,-3.00,4.00,-2.00,4.00,-1.00,0.00,0.00,-1.00,2.00,-5.00,5.00,-5.00,2.00,-3.00,-5.00,-5.00,6.00,-4.00,6.00,-3.00,-4.00,2.00
11/22/23,Smoke USFS R1-307,46.5841,-112.042,https://wrcc.dri.edu/cgi-bin/rawMAIN4.pl?id1307+22+11+23+M,3,10,0,1.0,337,3.0,10.6,-0.3,61,66,50,-9999,14.4,14.4,14.3,2.00,24:00,https://tools.airfire.org/monitor-qc-report/v4/wrcc?unitID=1307,3.00,2.00,3.00,2.00,2.00,2.00,1.00,4.00,4.00,3.00,2.00,1.00,1.00,1.00,7.00,3.00,8.00,10.00,7.00,0.00,0.00,0.00,0.00,0.00
11/22/23,Smoke USFS 3016,46.9272,-114.0958,https://wrcc.dri.edu/cgi-bin/rawMAIN4.pl?ids316+22+11+23+M,0,0,0,0.3,-9999,19.2,19.4,19.0,41,41,40,915.1,14.1,14.1,14.1,0.00,14:00,https://tools.airfire.org/monitor-qc-report/v4/wrcc?unitID=s316,0.00,0.00,0.00,0.00,0.00,0.00,0.00,0.00,0.00,0.00,0.00,0.00,0.00,0.00,0.00,-9999,-9999,-9999,-9999,-9999,-9999,-9999,-9999,-9999
11/22/23,Lolo NF Smoke #1,46.9269,-114.0962,https://wrcc.dri.edu/cgi-bin/rawMAIN4.pl?idsml1+22+11+23+M,5,8,3,0.5,-9999,2.1,5.1,0.9,79,86,66,915.7,14.4,14.4,14.3,2.00,14:00,https://tools.airfire.org/monitor-qc-report/v4/wrcc?unitID=sml1,3.00,4.00,5.00,4.00,3.00,4.00,5.00,4.00,4.00,6.00,5.00,8.00,8.00,7.00,8.00,-9999,-9999,-9999,-9999,-9999,-9999,-9999,-9999,-9999
11/22/23,Lolo NF Smoke #2,46.9269,-114.0962,https://wrcc.dri.edu/cgi-bin/rawMAIN4.pl?idsml2+22+11+23+M,4,7,3,0.5,-9999,2.0,4.8,0.9,100,-9999,-9999,915.9,14.4,14.4,14.4,2.00,14:00,https://tools.airfire.org/monitor-qc-report/v4/wrcc?unitID=sml2,1.00,3.00,4.00,3.00,3.00,3.00,3.00,3.00,3.00,4.00,4.00,7.00,7.00,6.00,6.00,-9999,-9999,-9999,-9999,-9999,-9999,-9999,-9999,-9999
