,,Position (Deg.),,,Concentration (µg/m3),,,Wind,,Air Temperature (Deg. C.),,,Humidity (Percent),,,Barometer,Battery Voltage (volts),,,Air Flow (totalizer),,,Concentration by Hour,,,,,,,,,,,,,,,,,,,,,,,
Date,Station,Latitude,Longitude,Station Chart Link,Mean,Max,Min,Ave Vel. (m/s),V. Dir. (Deg),Mean,Max,Min,Mean,Max,Min,Baro. Pressure (mbars),Mean,Max,Min,Mean,Time of latest ob,Airfire QC Report Link,0:00,1:00,2:00,3:00,4:00,5:00,6:00,7:00,8:00,9:00,10:00,11:00,12:00,13:00,14:00,15:00,16:00,17:00,18:00,19:00,20:00,21:00,22:00,23:00
07/05/13,Smoke RMK 104 (Smoke #15),33.1483,-107.2485,https://wrcc.dri.edu/cgi-bin/rawMAIN4.pl?idsm15+05+07+13+M,4,8,3,1.3,269,30.8,44.7,21.0,34,57,13,300.0,14.0,14.1,13.8,2.00,24:00,https://tools.airfire.org/monitor-qc-report/v2/wrcc?unitID=sm15,6.00,8.00,4.00,4.00,4.00,4.00,4.00,4.00,4.00,5.00,5.00,5.00,5.00,5.00,5.00,5.00,4.00,4.00,4.00,3.00,4.00,3.00,3.00,3.00
07/05/13,Smoke RMK 107 (Smoke #67),36.0177,-106.0656,https://wrcc.dri.edu/cgi-bin/rawMAIN4.pl?idsm67+05+07+13+M,4,7,1,1.2,132,29.0,39.3,21.3,49,100,19,826.5,14.0,14.1,13.9,2.00,24:00,https://tools.airfire.org/monitor-qc-report/v2/wrcc?unitID=sm67,4.00,4.00,2.00,1.00,1.00,2.00,3.00,2.00,4.00,3.00,3.00,4.00,4.00,4.00,4.00,4.00,4.00,4.00,5.00,5.00,7.00,6.00,4.00,3.00
07/05/13,Smoke #25,37.6711,-106.6411,https://wrcc.dri.edu/cgi-bin/rawMAIN4.pl?idsm25+05+07+13+M,21,40,7,0.3,2,19.4,29.9,14.5,1,-9999,-9999,753.0,14.2,14.3,14.0,2.00,24:00,https://tools.airfire.org/monitor-qc-report/v4/wrcc?unitID=sm25,7.00,11.00,16.00,30.00,19.00,16.00,18.00,25.00,26.00,25.00,27.00,30.00,22.00,22.00,27.00,40.00,31.00,13.00,10.00,7.00,17.00,21.00,20.00,17.00
07/05/13,Smoke USFS R9-17,41.9109,-71.666,https://wrcc.dri.edu/cgi-bin/rawMAIN4.pl?ids917+05+07+13+M,2,4,1,0.5,-9999,29.6,38.8,22.3,76,100,42,996.4,14.0,14.1,13.9,2.00,24:00,https://tools.airfire.org/monitor-qc-report/v4/wrcc?unitID=s917,2.00,1.00,2.00,2.00,2.00,2.00,2.00,4.00,3.00,3.00,2.00,2.00,2.00,3.00,2.00,2.00,3.00,4.00,4.00,-9999,1.00,1.00,2.00,2.00
07/05/13,Smoke USFS R2-65,37.2737,-106.9874,https://wrcc.dri.edu/cgi-bin/rawMAIN4.pl?ids265+05+07+13+M,10,16,4,0.3,258,21.9,34.0,14.2,66,88,44,783.7,14.4,14.4,14.4,2.00,24:00,https://tools.airfire.org/monitor-qc-report/v4/wrcc?unitID=s265,20.00,6.00,4.00,5.00,11.00,9.00,13.00,14.00,15.00,16.00,14.00,14.00,13.00,13.00,14.00,16.00,13.00,7.00,7.00,6.00,5.00,5.00,8.00,8.00
07/05/13,Smoke USFS R2-69,37.7644,-107.1107,https://wrcc.dri.edu/cgi-bin/rawMAIN4.pl?ids269+05+07+13+M,53,249,4,0.3,-9999,18.6,27.8,11.2,1,-9999,-9999,733.1,13.6,14.3,12.6,2.00,24:00,https://tools.airfire.org/monitor-qc-report/v4/wrcc?unitID=s269,7.00,8.00,4.00,88.00,16.00,24.00,249.00,135.00,64.00,59.00,72.00,50.00,51.00,75.00,63.00,62.00,32.00,11.00,20.00,-9999,15.00,4.00,15.00,65.00
07/05/13,Smoke USFS R2-78,37.8466,-106.9261,https://wrcc.dri.edu/cgi-bin/rawMAIN4.pl?ids278+05+07+13+M,24,88,4,0.3,1,20.9,30.2,14.3,0,1,0,737.2,14.2,14.3,14.0,2.00,24:00,https://tools.airfire.org/monitor-qc-report/v4/wrcc?unitID=s278,0.00,20.00,8.00,45.00,13.00,9.00,6.00,4.00,5.00,6.00,5.00,6.00,20.00,48.00,41.00,76.00,88.00,67.00,33.00,21.00,13.00,14.00,5.00,6.00
07/05/13,Smoke USFS R3-28,35.994,-105.3714,https://wrcc.dri.edu/cgi-bin/rawMAIN4.pl?ids328+05+07+13+M,-2,17,-5,1.2,321,20.1,28.8,13.3,0,1,0,-10.0,14.3,14.4,14.1,5.42,24:00,https://tools.airfire.org/monitor-qc-report/v4/wrcc?unitID=s328,20.00,17.00,6.00,-5.00,-2.00,-1.00,9.00,2.00,-5.00,-5.00,-5.00,-5.00,-5.00,-5.00,-5.00,-5.00,-5.00,-5.00,-5.00,-5.00,-5.00,-5.00,-5.00,-5.00
