,,Position (Deg.),,,Concentration (µg/m3),,,Wind,,Air Temperature (Deg. C.),,,Humidity (Percent),,,Barometer,Battery Voltage (volts),,,Air Flow (totalizer),,,Concentration by Hour,,,,,,,,,,,,,,,,,,,,,,,
Date,Station,Latitude,Longitude,Station Chart Link,Mean,Max,Min,Ave Vel. (m/s),V. Dir. (Deg),Mean,Max,Min,Mean,Max,Min,Baro. Pressure (mbars),Mean,Max,Min,Mean,Time of latest ob,Airfire QC Report Link,0:00,1:00,2:00,3:00,4:00,5:00,6:00,7:00,8:00,9:00,10:00,11:00,12:00,13:00,14:00,15:00,16:00,17:00,18:00,19:00,20:00,21:00,22:00,23:00
08/05/21,Smoke RMK 105 (Smoke #17),47.0994,-110.8376,https://wrcc.dri.edu/cgi-bin/rawMAIN4.pl?idsm17+05+08+21+M,14,14,13,1.1,-9999,29.6,30.6,29.1,24,26,22,852.5,14.0,14.1,14.0,2.00,24:00,https://tools.airfire.org/monitor-qc-report/v2/wrcc?unitID=sm17,-9999,-9999,-9999,-9999,-9999,-9999,-9999,-9999,-9999,-9999,-9999,-9999,-9999,-9999,-9999,-9999,-9999,-9999,-9999,-9999,-9999,-9999,14.00,14.00
08/05/21,Smoke RMK 113 (Smoke #16),46.5431,-110.9058,https://wrcc.dri.edu/cgi-bin/rawMAIN4.pl?idsm16+05+08+21+M,49,85,13,0.9,-9999,31.4,33.8,26.1,26,36,20,844.8,13.9,14.0,13.8,1.80,24:00,https://tools.airfire.org/monitor-qc-report/v2/wrcc?unitID=sm16,-9999,-9999,-9999,-9999,-9999,-9999,-9999,-9999,-9999,-9999,-9999,-9999,-9999,-9999,-9999,-9999,-9999,13.00,38.00,50.00,58.00,85.00,58.00,45.00
08/05/21,Smoke RMK 114 (Smoke #19),45.7919,-112.9406,https://wrcc.dri.edu/cgi-bin/rawMAIN4.pl?idsm19+05+08+21+M,11,23,3,2.8,-9999,19.0,26.8,11.6,47,78,22,-9999,13.9,14.1,13.7,1.98,24:00,https://tools.airfire.org/monitor-qc-report/v2/wrcc?unitID=sm19,-9999,-9999,-9999,-9999,-9999,-9999,-9999,-9999,-9999,-9999,-9999,-9999,-9999,-9999,-9999,-9999,-9999,-9999,-9999,-9999,12.00,23.00,12.00,4.00
08/05/21,Smoke RMK 115 (Smoke #20),45.6104,-113.448,https://wrcc.dri.edu/cgi-bin/rawMAIN4.pl?idsm20+05+08+21+M,14,33,4,1.2,-9999,14.2,25.2,4.1,57,88,18,815.8,14.1,14.3,14.0,1.94,24:00,https://tools.airfire.org/monitor-qc-report/v2/wrcc?unitID=sm20,-9999,-9999,4.00,14.00,14.00,16.00,15.00,14.00,13.00,13.00,13.00,13.00,13.00,13.00,13.00,12.00,14.00,20.00,21.00,19.00,15.00,17.00,33.00,8.00
08/05/21,Smoke RMK 119 (Smoke #24),48.1654,-118.9842,https://wrcc.dri.edu/cgi-bin/rawMAIN4.pl?idsm24+05+08+21+M,81,374,38,2.0,346,25.3,41.0,15.3,43,69,11,944.9,14.2,14.3,14.0,2.00,24:00,https://tools.airfire.org/monitor-qc-report/v2/wrcc?unitID=sm24,29.00,45.00,62.00,58.00,48.00,49.00,56.00,56.00,53.00,51.00,42.00,38.00,42.00,45.00,46.00,47.00,44.00,45.00,46.00,48.00,119.00,265.00,374.00,195.00
08/05/21,Smoke RMK 125 (Smoke #216),45.412,-116.3294,https://wrcc.dri.edu/cgi-bin/rawMAIN4.pl?ids216+05+08+21+M,1,4,0,1.3,-9999,28.0,39.3,22.1,28,39,9,941.3,14.1,14.1,14.0,2.00,18:00,https://tools.airfire.org/monitor-qc-report/v2/wrcc?unitID=s216,0.00,0.00,0.00,0.00,0.00,0.00,0.00,0.00,0.00,0.00,0.00,0.00,0.00,0.00,0.00,3.00,1.00,2.00,4.00,-9999,-9999,-9999,-9999,-9999
08/05/21,Smoke #86,45.7574,-112.7823,https://wrcc.dri.edu/cgi-bin/rawMAIN4.pl?idsm86+05+08+21+M,19,39,3,1.5,-9999,23.7,31.4,19.6,48,74,30,835.6,14.0,14.1,13.9,1.92,24:00,https://tools.airfire.org/monitor-qc-report/v4/wrcc?unitID=sm86,-9999,-9999,-9999,-9999,-9999,-9999,-9999,-9999,-9999,-9999,-9999,-9999,-9999,-9999,-9999,-9999,34.00,39.00,-9999,-9999,-9999,9.00,11.00,3.00
08/05/21,Smoke USFS R1-52,47.2532,-115.9205,https://wrcc.dri.edu/cgi-bin/rawMAIN4.pl?ids152+05+08+21+M,49,71,23,1.0,180,23.3,37.0,16.0,62,84,26,928.5,14.0,14.1,13.9,2.00,24:00,https://tools.airfire.org/monitor-qc-report/v4/wrcc?unitID=s152,14.00,23.00,31.00,35.00,39.00,43.00,45.00,48.00,49.00,50.00,53.00,55.00,57.00,60.00,61.00,63.00,70.00,71.00,68.00,61.00,52.00,39.00,33.00,31.00
08/05/21,Smoke USFS R1-53,46.5137,-114.091,https://wrcc.dri.edu/cgi-bin/rawMAIN4.pl?ids153+05+08+21+M,11,21,7,0.7,-9999,20.7,35.2,11.9,67,95,31,886.5,14.2,14.3,14.0,2.00,24:00,https://tools.airfire.org/monitor-qc-report/v4/wrcc?unitID=s153,13.00,17.00,15.00,11.00,9.00,10.00,9.00,8.00,8.00,7.00,7.00,7.00,7.00,8.00,7.00,9.00,10.00,-9999,-9999,-9999,-9999,13.00,16.00,21.00
08/05/21,Smoke USFS R2-65,48.9356,-119.4364,https://wrcc.dri.edu/cgi-bin/rawMAIN4.pl?ids265+05+08+21+M,48,214,2,0.9,217,25.8,39.4,15.6,37,69,7,971.0,14.1,14.2,14.0,2.00,24:00,https://tools.airfire.org/monitor-qc-report/v4/wrcc?unitID=s265,3.00,2.00,10.00,11.00,12.00,15.00,17.00,20.00,20.00,20.00,24.00,29.00,28.00,32.00,31.00,29.00,29.00,72.00,214.00,190.00,169.00,46.00,43.00,40.00
08/05/21,Smoke USFS R3-28,35.6715,-105.9556,https://wrcc.dri.edu/cgi-bin/rawMAIN4.pl?ids328+05+08+21+M,10,35,-1,1.9,354,31.9,-9999,-9999,100,-9999,-9999,-9999,14.1,14.2,14.0,16.69,24:00,https://tools.airfire.org/monitor-qc-report/v4/wrcc?unitID=s328,-2.00,20.00,-1.00,0.00,8.00,11.00,10.00,10.00,10.00,12.00,11.00,12.00,12.00,10.00,0.00,23.00,35.00,15.00,6.00,11.00,-1.00,6.00,4.00,2.00
08/05/21,Smoke RMK 407 (EBAM #231),48.6493,-118.7294,https://wrcc.dri.edu/cgi-bin/rawMAIN4.pl?ide231+05+08+21+M,29,67,7,0.9,255,19.3,26.4,13.4,36,64,11,-9999,14.2,14.3,14.1,16.68,24:00,https://tools.airfire.org/monitor-qc-report/v2/wrcc?unitID=e231,25.00,8.00,17.00,7.00,7.00,15.00,26.00,13.00,26.00,16.00,30.00,34.00,35.00,33.00,31.00,21.00,29.00,35.00,38.00,61.00,67.00,50.00,44.00,27.00
08/05/21,Smoke RMK 409 (EBAM #592),48.5861,-120.41,https://wrcc.dri.edu/cgi-bin/rawMAIN4.pl?ide592+05+08+21+M,32,62,1,0.8,262,23.7,32.8,13.9,30,57,8,-9999,14.1,14.2,13.9,16.68,24:00,https://tools.airfire.org/monitor-qc-report/v2/wrcc?unitID=e592,38.00,36.00,29.00,24.00,11.00,11.00,35.00,56.00,59.00,62.00,53.00,61.00,62.00,59.00,61.00,56.00,27.00,17.00,15.00,13.00,10.00,6.00,6.00,5.00
08/05/21,Smoke RMK 413 (EBAM #866),39.7143,-105.1239,https://wrcc.dri.edu/cgi-bin/rawMAIN4.pl?ide866+05+08+21+M,22,65,11,1.0,176,46.3,59.1,32.6,32,66,12,-9999,14.4,14.4,14.4,15.82,24:00,https://tools.airfire.org/monitor-qc-report/v2/wrcc?unitID=e866,19.00,17.00,24.00,20.00,17.00,25.00,23.00,22.00,20.00,19.00,17.00,17.00,65.00,11.00,18.00,18.00,22.00,26.00,21.00,18.00,25.00,19.00,19.00,19.00
08/05/21,Smoke USFS R1-306,47.4663,-114.8796,https://wrcc.dri.edu/cgi-bin/rawMAIN4.pl?id1306+05+08+21+M,30,39,12,1.1,346,26.9,43.1,15.2,45,75,14,-9999,14.0,14.1,13.9,2.00,24:00,https://tools.airfire.org/monitor-qc-report/v4/wrcc?unitID=1306,19.00,14.00,12.00,15.00,17.00,19.00,27.00,29.00,31.00,34.00,37.00,38.00,38.00,37.00,37.00,37.00,38.00,39.00,37.00,36.00,34.00,32.00,30.00,30.00
08/05/21,Smoke USFS R1-307,46.753,-114.0901,https://wrcc.dri.edu/cgi-bin/rawMAIN4.pl?id1307+05+08+21+M,17,24,13,1.4,197,24.1,36.0,16.3,55,78,31,-9999,14.0,14.1,13.9,2.00,24:00,https://tools.airfire.org/monitor-qc-report/v4/wrcc?unitID=1307,13.00,14.00,16.00,21.00,20.00,15.00,13.00,13.00,13.00,13.00,13.00,14.00,14.00,15.00,15.00,15.00,16.00,16.00,17.00,19.00,18.00,19.00,21.00,23.00
08/05/21,Smoke USFS 3015,47.6927,-114.1833,https://wrcc.dri.edu/cgi-bin/rawMAIN4.pl?ids315+05+08+21+M,24,35,17,1.2,292,24.5,30.7,17.2,52,79,38,911.6,14.2,14.3,14.1,2.00,24:00,https://tools.airfire.org/monitor-qc-report/v4/wrcc?unitID=s315,43.00,33.00,27.00,26.00,24.00,23.00,21.00,19.00,18.00,20.00,20.00,19.00,20.00,20.00,17.00,18.00,19.00,20.00,26.00,28.00,31.00,32.00,28.00,33.00
08/05/21,Smoke USFS 3016,45.5485,-113.931,https://wrcc.dri.edu/cgi-bin/rawMAIN4.pl?ids316+05+08+21+M,39,151,5,0.8,319,24.2,37.1,16.8,47,70,17,862.2,14.0,14.1,13.9,2.00,24:00,https://tools.airfire.org/monitor-qc-report/v4/wrcc?unitID=s316,12.00,13.00,13.00,12.00,26.00,27.00,35.00,31.00,32.00,25.00,41.00,42.00,42.00,61.00,67.00,116.00,151.00,88.00,26.00,24.00,23.00,17.00,6.00,5.00
08/05/21,Lolo NF Smoke #1,47.1952,-114.8945,https://wrcc.dri.edu/cgi-bin/rawMAIN4.pl?idsml1+05+08+21+M,13,22,0,0.6,127,23.9,35.2,14.7,51,84,18,919.2,14.1,14.2,13.9,2.00,24:00,https://tools.airfire.org/monitor-qc-report/v4/wrcc?unitID=sml1,4.00,0.00,2.00,5.00,7.00,10.00,11.00,11.00,11.00,13.00,12.00,12.00,14.00,14.00,16.00,14.00,14.00,14.00,15.00,16.00,17.00,17.00,19.00,22.00
08/05/21,AQB Smoke EBAM T-1,36.7575,-108.1823,https://wrcc.dri.edu/cgi-bin/rawMAIN4.pl?ideat1+05+08+21+M,11,28,3,1.4,17,24.8,31.7,18.8,1,1,0,-9999,14.0,14.0,13.8,16.70,24:00,https://tools.airfire.org/monitor-qc-report/v4/wrcc?unitID=eat1,6.00,16.00,28.00,8.00,18.00,9.00,15.00,11.00,11.00,15.00,13.00,9.00,10.00,14.00,8.00,6.00,7.00,4.00,4.00,3.00,15.00,7.00,9.00,11.00
08/05/21,AQB Smoke EBAM T-2,36.7576,-108.1823,https://wrcc.dri.edu/cgi-bin/rawMAIN4.pl?ideat2+05+08+21+M,11,36,-5,1.4,30,22.8,31.4,15.2,1,1,0,-9999,14.1,14.2,14.0,16.70,24:00,https://tools.airfire.org/monitor-qc-report/v4/wrcc?unitID=eat2,-1.00,-5.00,1.00,-5.00,-5.00,4.00,6.00,3.00,7.00,10.00,13.00,9.00,5.00,9.00,10.00,10.00,23.00,30.00,27.00,36.00,25.00,23.00,13.00,5.00
