,,Position (Deg.),,,Concentration (µg/m3),,,Wind,,Air Temperature (Deg. C.),,,Humidity (Percent),,,Barometer,Battery Voltage (volts),,,Air Flow (totalizer),,,Concentration by Hour,,,,,,,,,,,,,,,,,,,,,,,
Date,Station,Latitude,Longitude,Station Chart Link,Mean,Max,Min,Ave Vel. (m/s),V. Dir. (Deg),Mean,Max,Min,Mean,Max,Min,Baro. Pressure (mbars),Mean,Max,Min,Mean,Time of latest ob,Airfire QC Report Link,0:00,1:00,2:00,3:00,4:00,5:00,6:00,7:00,8:00,9:00,10:00,11:00,12:00,13:00,14:00,15:00,16:00,17:00,18:00,19:00,20:00,21:00,22:00,23:00
08/19/22,Smoke RMK 114 (Smoke #19),45.2538,-113.8884,https://wrcc.dri.edu/cgi-bin/rawMAIN4.pl?idsm19+19+08+22+M,19,48,3,1.1,124,21.7,39.3,9.3,48,80,14,878.9,14.1,14.3,13.9,2.00,24:00,https://tools.airfire.org/monitor-qc-report/v2/wrcc?unitID=sm19,33.00,46.00,34.00,44.00,35.00,31.00,48.00,32.00,28.00,11.00,11.00,15.00,10.00,9.00,7.00,12.00,12.00,17.00,10.00,4.00,3.00,16.00,5.00,4.00
08/19/22,Smoke RMK 115 (Smoke #20),39.7143,-105.1239,https://wrcc.dri.edu/cgi-bin/rawMAIN4.pl?idsm20+19+08+22+M,93,119,67,1.1,-9999,27.9,28.2,27.6,65,66,64,826.7,14.0,14.0,14.0,1.60,24:00,https://tools.airfire.org/monitor-qc-report/v2/wrcc?unitID=sm20,-9999,-9999,-9999,-9999,-9999,-9999,-9999,-9999,-9999,-9999,-9999,-9999,-9999,-9999,-9999,-9999,-9999,-9999,-9999,-9999,-9999,-9999,-9999,67.00
08/19/22,Smoke RMK 121 (Smoke #68),44.8519,-113.6193,https://wrcc.dri.edu/cgi-bin/rawMAIN4.pl?idsm68+19+08+22+M,10,39,4,0.3,1,25.7,40.3,12.9,50,86,24,841.6,14.2,14.4,14.0,2.00,24:00,https://tools.airfire.org/monitor-qc-report/v2/wrcc?unitID=sm68,12.00,24.00,39.00,7.00,19.00,24.00,11.00,13.00,10.00,7.00,6.00,5.00,4.00,4.00,5.00,7.00,12.00,6.00,9.00,5.00,5.00,4.00,5.00,5.00
08/19/22,Smoke RMK 122 (Smoke #69),39.7143,-105.1239,https://wrcc.dri.edu/cgi-bin/rawMAIN4.pl?idsm69+19+08+22+M,0,1,0,1.2,177,22.2,30.7,14.9,36,57,17,828.5,14.1,14.2,14.0,2.00,24:00,https://tools.airfire.org/monitor-qc-report/v2/wrcc?unitID=sm69,1.00,1.00,0.00,0.00,0.00,0.00,0.00,0.00,0.00,0.00,0.00,0.00,0.00,1.00,0.00,0.00,0.00,0.00,0.00,0.00,0.00,0.00,0.00,1.00
08/19/22,Smoke RMK 124 (Smoke #210),45.4081,-113.9966,https://wrcc.dri.edu/cgi-bin/rawMAIN4.pl?ids210+19+08+22+M,18,156,3,0.9,247,27.0,40.7,15.7,28,48,11,888.4,14.1,14.2,14.0,2.00,24:00,https://tools.airfire.org/monitor-qc-report/v2/wrcc?unitID=s210,29.00,23.00,24.00,16.00,12.00,11.00,10.00,8.00,7.00,7.00,7.00,6.00,11.00,13.00,5.00,8.00,5.00,53.00,156.00,15.00,6.00,4.00,6.00,8.00
08/19/22,Smoke RMK 126 (Smoke #217),45.088,-114.2409,https://wrcc.dri.edu/cgi-bin/rawMAIN4.pl?ids217+19+08+22+M,62,175,21,0.3,2,24.1,36.6,14.2,31,74,9,843.8,14.2,14.3,14.0,2.00,24:00,https://tools.airfire.org/monitor-qc-report/v2/wrcc?unitID=s217,41.00,24.00,22.00,37.00,54.00,64.00,66.00,67.00,52.00,38.00,39.00,41.00,43.00,45.00,47.00,50.00,52.00,64.00,94.00,175.00,67.00,83.00,121.00,127.00
08/19/22,Smoke RMK 400 (EBAM #487),39.7143,-105.1239,https://wrcc.dri.edu/cgi-bin/rawMAIN4.pl?ide487+19+08+22+M,4,14,-17,1.1,179,20.2,28.0,14.1,44,55,30,-9999,11.7,11.7,11.7,12.50,24:00,https://tools.airfire.org/monitor-qc-report/v2/wrcc?unitID=e487,5.00,3.00,1.00,4.00,8.00,7.00,6.00,9.00,6.00,8.00,5.00,8.00,14.00,12.00,13.00,4.00,-17.00,-10.00,2.00,-7.00,-9.00,-4.00,13.00,2.00
08/19/22,Smoke RMK 410 (EBAM #787),39.7144,-105.1239,https://wrcc.dri.edu/cgi-bin/rawMAIN4.pl?ide787+19+08+22+M,5,12,-4,1.2,-9999,31.8,-9999,-9999,37,55,19,-9999,14.4,14.4,14.4,16.69,24:00,https://tools.airfire.org/monitor-qc-report/v2/wrcc?unitID=e787,7.00,7.00,-4.00,5.00,-9999,-9999,-9999,-9999,-9999,5.00,6.00,-1.00,5.00,10.00,7.00,-1.00,9.00,0.00,11.00,-1.00,9.00,12.00,3.00,4.00
