,,Position (Deg.),,,Concentration (µg/m3),,,Wind,,Air Temperature (Deg. C.),,,Humidity (Percent),,,Barometer,Battery Voltage (volts),,,Air Flow (totalizer),,,Concentration by Hour,,,,,,,,,,,,,,,,,,,,,,,
Date,Station,Latitude,Longitude,Station Chart Link,Mean,Max,Min,Ave Vel. (m/s),V. Dir. (Deg),Mean,Max,Min,Mean,Max,Min,Baro. Pressure (mbars),Mean,Max,Min,Mean,Time of latest ob,Airfire QC Report Link,0:00,1:00,2:00,3:00,4:00,5:00,6:00,7:00,8:00,9:00,10:00,11:00,12:00,13:00,14:00,15:00,16:00,17:00,18:00,19:00,20:00,21:00,22:00,23:00
09/27/18,Smoke #13,37.6409,-112.1707,https://wrcc.dri.edu/cgi-bin/rawMAIN4.pl?idsm13+27+09+18+M,0,0,0,1.2,337,12.1,29.4,0.2,19,33,5,768.1,14.3,14.4,14.1,2.00,24:00,https://tools.airfire.org/monitor-qc-report/v4/wrcc?unitID=sm13,0.00,0.00,0.00,0.00,0.00,0.00,0.00,0.00,0.00,0.00,0.00,0.00,0.00,0.00,0.00,0.00,0.00,0.00,0.00,0.00,0.00,0.00,0.00,0.00
09/27/18,Smoke RMK 104 (Smoke #15),39.5997,-110.8198,https://wrcc.dri.edu/cgi-bin/rawMAIN4.pl?idsm15+27+09+18+M,4,9,0,0.9,213,17.4,32.1,5.6,22,48,7,833.0,14.2,14.4,13.9,2.00,24:00,https://tools.airfire.org/monitor-qc-report/v2/wrcc?unitID=sm15,0.00,3.00,4.00,4.00,5.00,5.00,5.00,5.00,5.00,7.00,6.00,6.00,7.00,7.00,8.00,9.00,5.00,3.00,2.00,1.00,0.00,0.00,0.00,0.00
09/27/18,Smoke RMK 106 (Smoke #66),39.7144,-105.124,https://wrcc.dri.edu/cgi-bin/rawMAIN4.pl?idsm66+27+09+18+M,2,3,1,1.4,-9999,27.3,31.2,22.1,14,23,11,821.3,14.4,14.4,14.4,1.89,24:00,https://tools.airfire.org/monitor-qc-report/v2/wrcc?unitID=sm66,-9999,-9999,-9999,-9999,-9999,-9999,-9999,-9999,-9999,-9999,-9999,-9999,-9999,-9999,-9999,-9999,1.00,2.00,1.00,1.00,1.00,2.00,2.00,1.00
09/27/18,Smoke RMK 110 (Smoke #215),42.553,-124.0577,https://wrcc.dri.edu/cgi-bin/rawMAIN4.pl?ids215+27+09+18+M,235,982,15,0.5,141,24.4,32.7,19.0,52,79,18,1005.0,14.2,14.3,14.1,2.00,24:00,https://tools.airfire.org/monitor-qc-report/v2/wrcc?unitID=s215,349.00,74.00,25.00,22.00,20.00,19.00,17.00,15.00,15.00,15.00,17.00,26.00,67.00,138.00,182.00,241.00,290.00,302.00,432.00,636.00,982.00,907.00,633.00,366.00
09/27/18,Smoke RMK 114 (Smoke #19),41.3076,-105.6301,https://wrcc.dri.edu/cgi-bin/rawMAIN4.pl?idsm19+27+09+18+M,4,15,0,2.0,228,12.9,22.7,4.6,24,38,15,-9999,14.3,14.4,14.1,2.00,24:00,https://tools.airfire.org/monitor-qc-report/v2/wrcc?unitID=sm19,1.00,4.00,2.00,1.00,1.00,0.00,15.00,9.00,1.00,5.00,4.00,7.00,8.00,6.00,4.00,4.00,2.00,1.00,2.00,5.00,9.00,1.00,1.00,1.00
09/27/18,Smoke RMK 115 (Smoke #20),37.6242,-112.0874,https://wrcc.dri.edu/cgi-bin/rawMAIN4.pl?idsm20+27+09+18+M,3,9,0,1.1,352,18.4,34.6,6.9,30,95,5,806.2,14.2,14.4,14.0,2.00,24:00,https://tools.airfire.org/monitor-qc-report/v2/wrcc?unitID=sm20,0.00,0.00,1.00,2.00,3.00,3.00,3.00,6.00,4.00,4.00,9.00,5.00,4.00,6.00,5.00,5.00,6.00,3.00,2.00,1.00,1.00,1.00,0.00,0.00
09/27/18,Smoke RMK 116 (Smoke #21),40.0429,-111.7354,https://wrcc.dri.edu/cgi-bin/rawMAIN4.pl?idsm21+27+09+18+M,8,14,0,0.6,92,15.6,31.4,5.2,38,82,12,-9999,14.3,14.4,14.0,2.00,24:00,https://tools.airfire.org/monitor-qc-report/v2/wrcc?unitID=sm21,1.00,4.00,6.00,10.00,13.00,14.00,13.00,13.00,11.00,9.00,10.00,12.00,12.00,12.00,12.00,10.00,8.00,7.00,6.00,5.00,3.00,2.00,0.00,0.00
09/27/18,Smoke RMK 118 (Smoke #23),39.7144,-105.1239,https://wrcc.dri.edu/cgi-bin/rawMAIN4.pl?idsm23+27+09+18+M,0,4,0,0.3,-9999,16.9,28.2,11.6,26,35,14,824.1,14.2,14.3,14.0,2.00,19:00,https://tools.airfire.org/monitor-qc-report/v2/wrcc?unitID=sm23,7.00,4.00,2.00,0.00,0.00,0.00,0.00,0.00,0.00,0.00,0.00,0.00,0.00,0.00,0.00,0.00,0.00,0.00,1.00,0.00,-9999,-9999,-9999,-9999
09/27/18,Smoke RMK 119 (Smoke #24),42.5158,-123.429,https://wrcc.dri.edu/cgi-bin/rawMAIN4.pl?idsm24+27+09+18+M,8,10,3,0.4,177,19.2,39.6,6.0,45,77,7,982.3,14.2,14.4,14.0,2.00,24:00,https://tools.airfire.org/monitor-qc-report/v2/wrcc?unitID=sm24,2.00,3.00,5.00,6.00,5.00,8.00,8.00,8.00,7.00,6.00,7.00,6.00,8.00,7.00,9.00,7.00,8.00,8.00,10.00,10.00,9.00,10.00,9.00,8.00
09/27/18,Smoke RMK 125 (Smoke #216),39.5141,-105.5038,https://wrcc.dri.edu/cgi-bin/rawMAIN4.pl?ids216+27+09+18+M,2,5,1,2.3,-9999,23.1,24.9,21.2,16,19,14,733.1,14.1,14.1,14.1,2.00,24:00,https://tools.airfire.org/monitor-qc-report/v2/wrcc?unitID=s216,-9999,-9999,-9999,-9999,-9999,-9999,-9999,-9999,-9999,-9999,-9999,-9999,-9999,-9999,-9999,-9999,-9999,-9999,-9999,1.00,1.00,2.00,1.00,4.00
09/27/18,Smoke RMK 131 (USFS R2-924),39.7144,-105.1239,https://wrcc.dri.edu/cgi-bin/rawMAIN4.pl?id2924+27+09+18+M,1,2,1,1.2,-9999,28.4,29.2,27.2,15,18,14,823.5,14.0,14.0,14.0,2.00,24:00,https://tools.airfire.org/monitor-qc-report/v2/wrcc?unitID=2924,-9999,-9999,-9999,-9999,-9999,-9999,-9999,-9999,-9999,-9999,-9999,-9999,-9999,-9999,-9999,-9999,-9999,-9999,-9999,-9999,-9999,1.00,1.00,1.00
09/27/18,FWS Smoke #1,37.2864,-107.5215,https://wrcc.dri.edu/cgi-bin/rawMAIN4.pl?idsmf1+27+09+18+M,12,39,0,1.0,62,12.0,31.0,-1.4,23,43,6,785.9,14.3,14.4,14.1,2.00,24:00,https://tools.airfire.org/monitor-qc-report/v4/wrcc?unitID=smf1,0.00,0.00,1.00,4.00,5.00,5.00,6.00,9.00,24.00,19.00,31.00,37.00,39.00,30.00,27.00,31.00,19.00,7.00,1.00,1.00,0.00,0.00,0.00,0.00
09/27/18,Smoke USFS R1-52,46.9268,-114.0962,https://wrcc.dri.edu/cgi-bin/rawMAIN4.pl?ids152+27+09+18+M,3,6,1,2.0,-9999,24.5,25.5,23.4,23,25,22,902.3,14.0,14.0,14.0,2.00,24:00,https://tools.airfire.org/monitor-qc-report/v4/wrcc?unitID=s152,-9999,-9999,-9999,-9999,-9999,-9999,-9999,-9999,-9999,-9999,-9999,-9999,-9999,-9999,-9999,-9999,-9999,-9999,-9999,-9999,-9999,4.00,1.00,1.00
09/27/18,Smoke USFS R2-69,38.9793,-105.3531,https://wrcc.dri.edu/cgi-bin/rawMAIN4.pl?ids269+27+09+18+M,3,5,0,0.3,1,11.2,28.7,-2.3,1,1,0,758.1,14.3,14.4,14.0,2.00,24:00,https://tools.airfire.org/monitor-qc-report/v4/wrcc?unitID=s269,0.00,0.00,2.00,2.00,2.00,4.00,4.00,4.00,4.00,5.00,5.00,5.00,5.00,5.00,5.00,5.00,3.00,4.00,3.00,1.00,0.00,0.00,0.00,0.00
09/27/18,Smoke USFS R3-28,35.6715,-105.9557,https://wrcc.dri.edu/cgi-bin/rawMAIN4.pl?ids328+27+09+18+M,4,16,-5,1.5,40,14.8,26.6,8.7,0,-9999,-9999,-9999,14.2,14.3,14.1,16.69,24:00,https://tools.airfire.org/monitor-qc-report/v4/wrcc?unitID=s328,0.00,-1.00,2.00,-5.00,4.00,1.00,6.00,9.00,12.00,11.00,12.00,14.00,14.00,16.00,10.00,-5.00,6.00,0.00,-1.00,-1.00,0.00,-5.00,-3.00,-5.00
09/27/18,Smoke USFS R3-86,35.687,-105.8956,https://wrcc.dri.edu/cgi-bin/rawMAIN4.pl?ids386+27+09+18+M,7,42,-5,0.3,-9999,25.3,36.3,12.5,1,1,0,-9999,14.4,14.4,14.1,16.70,24:00,https://tools.airfire.org/monitor-qc-report/v4/wrcc?unitID=s386,2.00,-4.00,30.00,1.00,-9999,-9999,-9999,-9999,-9999,-9999,-9999,15.00,42.00,14.00,13.00,-5.00,-5.00,-5.00,14.00,4.00,-5.00,-5.00,-5.00,-1.00
09/27/18,Smoke RMK 407 (EBAM #231),42.0547,-124.2768,https://wrcc.dri.edu/cgi-bin/rawMAIN4.pl?ide231+27+09+18+M,22,76,-5,0.5,169,7.0,15.4,2.6,72,92,40,-9999,13.6,13.6,13.4,16.70,24:00,https://tools.airfire.org/monitor-qc-report/v2/wrcc?unitID=e231,34.00,19.00,8.00,39.00,-2.00,-2.00,38.00,14.00,-5.00,14.00,27.00,21.00,16.00,63.00,11.00,17.00,76.00,-5.00,68.00,33.00,20.00,1.00,6.00,21.00
09/27/18,Smoke RMK 408 (EBAM #418),37.7092,-108.7405,https://wrcc.dri.edu/cgi-bin/rawMAIN4.pl?ide418+27+09+18+M,4,22,-5,1.8,3,10.3,19.9,2.4,4,10,0,-9999,13.7,13.8,13.7,16.70,24:00,https://tools.airfire.org/monitor-qc-report/v2/wrcc?unitID=e418,4.00,21.00,-5.00,-5.00,8.00,-1.00,2.00,-3.00,-5.00,12.00,-2.00,-5.00,-2.00,0.00,-4.00,22.00,10.00,12.00,-5.00,9.00,14.00,6.00,16.00,-5.00
09/27/18,Smoke RMK 415 (EBAM #925),37.4611,-108.5157,https://wrcc.dri.edu/cgi-bin/rawMAIN4.pl?ide925+27+09+18+M,3,12,-5,2.3,305,12.7,25.4,3.3,14,26,3,-9999,14.3,14.3,14.2,16.70,24:00,https://tools.airfire.org/monitor-qc-report/v2/wrcc?unitID=e925,2.00,6.00,2.00,-3.00,3.00,-1.00,0.00,4.00,1.00,-1.00,8.00,-1.00,5.00,0.00,2.00,8.00,8.00,4.00,4.00,2.00,12.00,-5.00,0.00,7.00
09/27/18,Smoke USFS R1-306,46.9269,-114.0961,https://wrcc.dri.edu/cgi-bin/rawMAIN4.pl?id1306+27+09+18+M,0,0,0,1.7,-9999,24.6,25.8,22.7,24,26,23,-9999,13.9,14.0,13.7,1.98,24:00,https://tools.airfire.org/monitor-qc-report/v4/wrcc?unitID=1306,-9999,-9999,-9999,-9999,-9999,-9999,-9999,-9999,-9999,-9999,-9999,-9999,-9999,-9999,-9999,-9999,-9999,-9999,-9999,-9999,0.00,0.00,-9999,0.00
09/27/18,Smoke USFS R2-265,40.8023,-105.5891,https://wrcc.dri.edu/cgi-bin/rawMAIN4.pl?id2265+27+09+18+M,2,4,0,2.4,248,11.6,19.7,4.7,24,30,19,749.9,14.3,14.4,14.1,2.00,24:00,https://tools.airfire.org/monitor-qc-report/v4/wrcc?unitID=2265,0.00,1.00,3.00,2.00,1.00,2.00,4.00,0.00,1.00,2.00,4.00,1.00,0.00,2.00,4.00,2.00,0.00,1.00,0.00,1.00,1.00,2.00,1.00,3.00
09/27/18,Lolo NF Smoke #1,47.1001,-114.7762,https://wrcc.dri.edu/cgi-bin/rawMAIN4.pl?idsml1+27+09+18+M,2,4,0,0.9,266,14.6,26.3,6.5,48,70,24,917.6,14.2,14.4,14.0,2.00,24:00,https://tools.airfire.org/monitor-qc-report/v4/wrcc?unitID=sml1,0.00,1.00,1.00,1.00,1.00,1.00,2.00,3.00,3.00,2.00,3.00,3.00,2.00,2.00,4.00,3.00,2.00,2.00,1.00,2.00,1.00,1.00,1.00,1.00
