,,Position (Deg.),,,Concentration (µg/m3),,,Wind,,Air Temperature (Deg. C.),,,Humidity (Percent),,,Barometer,Battery Voltage (volts),,,Air Flow (totalizer),,,Concentration by Hour,,,,,,,,,,,,,,,,,,,,,,,
Date,Station,Latitude,Longitude,Station Chart Link,Mean,Max,Min,Ave Vel. (m/s),V. Dir. (Deg),Mean,Max,Min,Mean,Max,Min,Baro. Pressure (mbars),Mean,Max,Min,Mean,Time of latest ob,Airfire QC Report Link,0:00,1:00,2:00,3:00,4:00,5:00,6:00,7:00,8:00,9:00,10:00,11:00,12:00,13:00,14:00,15:00,16:00,17:00,18:00,19:00,20:00,21:00,22:00,23:00
10/13/23,Smoke USFS R3-86,35.6871,-105.8956,https://wrcc.dri.edu/cgi-bin/rawMAIN4.pl?ids386+13+10+23+M,-0,15,-5,0.5,263,5.8,15.8,-2.6,1,-9999,-9999,-9999,14.2,14.3,14.2,16.70,24:00,https://tools.airfire.org/monitor-qc-report/v4/wrcc?unitID=s386,-1.00,2.00,1.00,0.00,-2.00,1.00,-2.00,-4.00,3.00,5.00,-5.00,0.00,4.00,-5.00,2.00,-5.00,-5.00,15.00,3.00,-3.00,-1.00,3.00,-2.00,-5.00
10/13/23,Smoke RMK 408 (EBAM #418),37.4715,-108.5163,https://wrcc.dri.edu/cgi-bin/rawMAIN4.pl?ide418+13+10+23+M,2,25,-5,1.2,72,6.3,16.4,-2.8,46,71,24,-9999,14.3,14.4,14.3,16.70,24:00,https://tools.airfire.org/monitor-qc-report/v2/wrcc?unitID=e418,2.00,-2.00,1.00,1.00,-1.00,2.00,2.00,1.00,-2.00,3.00,0.00,7.00,2.00,2.00,-5.00,25.00,-5.00,1.00,2.00,2.00,-1.00,1.00,3.00,0.00
10/13/23,Smoke RMK 400 (EBAM #487),39.7143,-105.124,https://wrcc.dri.edu/cgi-bin/rawMAIN4.pl?ide487+13+10+23+M,0,6,-8,1.2,-9999,7.1,12.8,2.1,56,69,37,-9999,11.6,11.6,11.6,12.50,24:00,https://tools.airfire.org/monitor-qc-report/v2/wrcc?unitID=e487,-9999,-9999,-9999,5.00,3.00,-3.00,-2.00,2.00,-2.00,-2.00,2.00,3.00,-2.00,5.00,2.00,-8.00,2.00,6.00,-3.00,-1.00,-1.00,-4.00,0.00,5.00
10/13/23,Smoke RMK 401 (EBAM #488),39.7143,-105.1239,https://wrcc.dri.edu/cgi-bin/rawMAIN4.pl?ide488+13+10+23+M,0,9,-10,1.4,41,9.5,15.1,4.0,53,69,32,-9999,11.8,11.8,11.8,12.50,24:00,https://tools.airfire.org/monitor-qc-report/v2/wrcc?unitID=e488,4.00,-1.00,1.00,5.00,0.00,9.00,-2.00,4.00,1.00,0.00,-2.00,0.00,5.00,2.00,0.00,-10.00,1.00,-9.00,-1.00,1.00,1.00,-2.00,-3.00,2.00
10/13/23,Smoke RMK 414 (EBAM #882),37.3503,-108.2909,https://wrcc.dri.edu/cgi-bin/rawMAIN4.pl?ide882+13+10+23+M,1,11,-5,0.3,50,1.9,11.7,-7.4,39,64,18,-9999,13.6,13.6,13.5,16.70,24:00,https://tools.airfire.org/monitor-qc-report/v2/wrcc?unitID=e882,1.00,-3.00,4.00,3.00,7.00,-5.00,11.00,-5.00,6.00,4.00,0.00,0.00,-3.00,6.00,1.00,-5.00,-2.00,7.00,-5.00,2.00,6.00,-5.00,1.00,3.00
10/13/23,Smoke USFS R1-307,46.5841,-112.0421,https://wrcc.dri.edu/cgi-bin/rawMAIN4.pl?id1307+13+10+23+M,1,2,0,0.3,-9999,10.3,10.6,10.1,80,81,79,-9999,12.3,12.6,12.0,2.00,11:00,https://tools.airfire.org/monitor-qc-report/v4/wrcc?unitID=1307,0.00,0.00,0.00,2.00,2.00,1.00,1.00,0.00,0.00,0.00,0.00,0.00,-9999,-9999,-9999,-9999,-9999,-9999,-9999,-9999,-9999,-9999,-9999,-9999
10/13/23,Smoke USFS R2-264,40.7788,-105.4746,https://wrcc.dri.edu/cgi-bin/rawMAIN4.pl?id2264+13+10+23+M,0,1,0,2.1,-9999,4.9,13.0,0.1,75,-9999,-9999,762.2,14.4,14.4,14.3,2.00,24:00,https://tools.airfire.org/monitor-qc-report/v4/wrcc?unitID=2264,0.00,0.00,-9999,0.00,0.00,0.00,-9999,0.00,1.00,-9999,-9999,0.00,-9999,0.00,0.00,0.00,0.00,0.00,0.00,0.00,0.00,0.00,0.00,0.00
10/13/23,EPA R8 EBAM 001 Smoke,39.665,-105.3399,https://wrcc.dri.edu/cgi-bin/rawMAIN4.pl?idse01+13+10+23+M,7244,99999,-14,0.6,-9999,2.2,8.9,-3.3,65,89,34,-9999,11.6,11.7,11.6,12.28,24:00,https://tools.airfire.org/monitor-qc-report/v4/wrcc?unitID=se01,-5.00,-6.00,1.00,-1.00,0.00,-8.00,-4.00,-10.00,-6.00,1.00,-4.00,-2.00,-6.00,-4.00,-6.00,-14.00,-1.00,-5.00,-9999,99999.00,66666.00,4.00,4.00,6.00
