,,Position (Deg.),,,Concentration (µg/m3),,,Wind,,Air Temperature (Deg. C.),,,Humidity (Percent),,,Barometer,Battery Voltage (volts),,,Air Flow (totalizer),,,Concentration by Hour,,,,,,,,,,,,,,,,,,,,,,,
Date,Station,Latitude,Longitude,Station Chart Link,Mean,Max,Min,Ave Vel. (m/s),V. Dir. (Deg),Mean,Max,Min,Mean,Max,Min,Baro. Pressure (mbars),Mean,Max,Min,Mean,Time of latest ob,Airfire QC Report Link,0:00,1:00,2:00,3:00,4:00,5:00,6:00,7:00,8:00,9:00,10:00,11:00,12:00,13:00,14:00,15:00,16:00,17:00,18:00,19:00,20:00,21:00,22:00,23:00
07/18/20,Smoke RMK 106 (Smoke #66),39.7144,-105.124,https://wrcc.dri.edu/cgi-bin/rawMAIN4.pl?idsm66+18+07+20+M,0,0,0,1.6,-9999,37.4,41.5,34.2,0,1,0,929.4,14.3,14.4,14.0,1.93,24:00,https://tools.airfire.org/monitor-qc-report/v2/wrcc?unitID=sm66,-9999,-9999,-9999,-9999,-9999,-9999,-9999,-9999,-9999,-9999,-9999,-9999,-9999,-9999,-9999,-9999,-9999,-9999,-9999,-9999,-9999,0.00,0.00,0.00
07/18/20,Smoke RMK 109 (Smoke #84),39.7143,-105.124,https://wrcc.dri.edu/cgi-bin/rawMAIN4.pl?ids284+18+07+20+M,4,6,2,1.7,-9999,38.4,41.8,34.8,10,15,8,824.1,13.9,14.0,13.4,1.92,24:00,https://tools.airfire.org/monitor-qc-report/v2/wrcc?unitID=s284,-9999,-9999,-9999,-9999,-9999,-9999,-9999,-9999,-9999,-9999,-9999,-9999,-9999,-9999,-9999,-9999,-9999,-9999,-9999,-9999,2.00,5.00,6.00,5.00
07/18/20,Smoke RMK 116 (Smoke #21),39.7144,-105.124,https://wrcc.dri.edu/cgi-bin/rawMAIN4.pl?idsm21+18+07+20+M,2,3,1,2.2,-9999,26.4,34.9,21.9,25,33,13,-9999,14.1,14.1,14.0,2.00,19:00,https://tools.airfire.org/monitor-qc-report/v2/wrcc?unitID=sm21,0.00,2.00,2.00,2.00,2.00,2.00,2.00,3.00,3.00,3.00,3.00,3.00,3.00,3.00,2.00,1.00,1.00,3.00,3.00,3.00,-9999,-9999,-9999,-9999
07/18/20,Smoke RMK 122 (Smoke #69),39.7143,-105.1239,https://wrcc.dri.edu/cgi-bin/rawMAIN4.pl?idsm69+18+07+20+M,1,1,0,2.5,-9999,26.6,35.1,23.0,26,35,12,825.2,14.1,14.1,14.0,2.00,18:00,https://tools.airfire.org/monitor-qc-report/v2/wrcc?unitID=sm69,2.00,1.00,1.00,1.00,1.00,1.00,1.00,1.00,1.00,1.00,1.00,1.00,1.00,1.00,1.00,1.00,1.00,0.00,0.00,-9999,-9999,-9999,-9999,-9999
07/18/20,Smoke RMK 125 (Smoke #216),39.7144,-105.1239,https://wrcc.dri.edu/cgi-bin/rawMAIN4.pl?ids216+18+07+20+M,1,2,0,2.0,-9999,28.0,37.4,23.6,25,34,13,824.0,14.1,14.1,14.0,2.00,20:00,https://tools.airfire.org/monitor-qc-report/v2/wrcc?unitID=s216,-9999,-9999,2.00,1.00,1.00,1.00,0.00,1.00,1.00,1.00,1.00,1.00,1.00,1.00,1.00,1.00,2.00,1.00,1.00,2.00,1.00,-9999,-9999,-9999
07/18/20,Smoke RMK 126 (Smoke #217),39.7144,-105.1239,https://wrcc.dri.edu/cgi-bin/rawMAIN4.pl?ids217+18+07+20+M,0,0,0,1.6,-9999,26.3,30.0,23.9,12,16,9,824.8,14.0,14.0,13.9,1.93,24:00,https://tools.airfire.org/monitor-qc-report/v2/wrcc?unitID=s217,-9999,-9999,-9999,-9999,-9999,-9999,-9999,-9999,-9999,-9999,-9999,-9999,-9999,-9999,-9999,-9999,-9999,-9999,-9999,-9999,-9999,0.00,0.00,0.00
07/18/20,Smoke RMK 127 (Smoke #454),35.5364,-108.7272,https://wrcc.dri.edu/cgi-bin/rawMAIN4.pl?ids454+18+07+20+M,1,3,0,1.0,3,22.6,33.0,14.5,52,85,16,802.2,14.1,14.2,14.0,2.00,24:00,https://tools.airfire.org/monitor-qc-report/v2/wrcc?unitID=s454,0.00,0.00,1.00,1.00,2.00,2.00,2.00,2.00,2.00,2.00,2.00,2.00,2.00,2.00,3.00,3.00,3.00,1.00,0.00,0.00,0.00,0.00,0.00,0.00
07/18/20,Smoke USFS R2-65,39.7144,-105.1239,https://wrcc.dri.edu/cgi-bin/rawMAIN4.pl?ids265+18+07+20+M,9,17,0,2.3,-9999,28.8,39.4,23.0,24,36,9,826.0,14.1,14.2,14.0,1.99,24:00,https://tools.airfire.org/monitor-qc-report/v4/wrcc?unitID=s265,1.00,1.00,9.00,11.00,13.00,13.00,14.00,14.00,17.00,17.00,16.00,16.00,16.00,16.00,16.00,-9999,-9999,6.00,1.00,0.00,0.00,0.00,0.00,0.00
07/18/20,Smoke USFS R2-69,38.9793,-105.353,https://wrcc.dri.edu/cgi-bin/rawMAIN4.pl?ids269+18+07+20+M,1,3,0,0.3,1,20.7,31.9,9.7,1,1,0,760.9,14.1,14.3,14.0,2.00,24:00,https://tools.airfire.org/monitor-qc-report/v4/wrcc?unitID=s269,0.00,1.00,0.00,1.00,1.00,2.00,2.00,2.00,2.00,2.00,2.00,2.00,3.00,2.00,2.00,2.00,1.00,0.00,0.00,1.00,0.00,0.00,0.00,1.00
07/18/20,Smoke QD Test,39.389,-105.2734,https://wrcc.dri.edu/cgi-bin/rawMAIN4.pl?idsqdt+18+07+20+M,0,2,0,0.7,185,-9999,-9999,-9999,-9999,-9999,-9999,810.0,13.0,13.6,12.6,-9999,-9999,-9999,1.00,0.00,0.00,0.00,0.00,0.00,0.00,0.00,0.00,0.00,0.00,0.00,0.00,0.00,0.00,0.00,0.00,1.00,1.00,1.00,1.00,1.00,1.00,1.00
