,,Position (Deg.),,,Concentration (µg/m3),,,Wind,,Air Temperature (Deg. C.),,,Humidity (Percent),,,Barometer,Battery Voltage (volts),,,Air Flow (totalizer),,,Concentration by Hour,,,,,,,,,,,,,,,,,,,,,,,
Date,Station,Latitude,Longitude,Station Chart Link,Mean,Max,Min,Ave Vel. (m/s),V. Dir. (Deg),Mean,Max,Min,Mean,Max,Min,Baro. Pressure (mbars),Mean,Max,Min,Mean,Time of latest ob,Airfire QC Report Link,0:00,1:00,2:00,3:00,4:00,5:00,6:00,7:00,8:00,9:00,10:00,11:00,12:00,13:00,14:00,15:00,16:00,17:00,18:00,19:00,20:00,21:00,22:00,23:00
10/23/16,Smoke RMK 107 (Smoke #67),39.0003,-105.0667,https://wrcc.dri.edu/cgi-bin/rawMAIN4.pl?idsm67+23+10+16+M,2,18,0,1.6,1,10.7,20.0,3.2,1,-9999,-9999,749.6,14.3,14.4,14.1,2.00,24:00,https://tools.airfire.org/monitor-qc-report/v2/wrcc?unitID=sm67,0.00,0.00,1.00,3.00,1.00,1.00,0.00,7.00,18.00,3.00,1.00,0.00,0.00,0.00,0.00,0.00,0.00,0.00,0.00,0.00,1.00,1.00,1.00,1.00
10/23/16,Smoke RMK 112 (Smoke #11),39.1441,-105.1636,https://wrcc.dri.edu/cgi-bin/rawMAIN4.pl?idsm11+23+10+16+M,2,4,0,0.8,233,7.8,25.7,-5.0,29,52,13,774.1,14.2,14.4,13.9,2.00,24:00,https://tools.airfire.org/monitor-qc-report/v2/wrcc?unitID=sm11,0.00,0.00,0.00,2.00,2.00,3.00,4.00,4.00,3.00,4.00,4.00,4.00,4.00,4.00,4.00,4.00,1.00,0.00,0.00,0.00,0.00,0.00,0.00,0.00
10/23/16,Smoke RMK 114 (Smoke #19),39.4855,-105.0939,https://wrcc.dri.edu/cgi-bin/rawMAIN4.pl?idsm19+23+10+16+M,1,4,0,1.0,271,13.6,25.7,5.1,24,32,16,-9999,14.3,14.4,14.0,2.00,24:00,https://tools.airfire.org/monitor-qc-report/v2/wrcc?unitID=sm19,0.00,0.00,0.00,0.00,0.00,0.00,0.00,0.00,0.00,0.00,0.00,0.00,0.00,0.00,0.00,0.00,0.00,0.00,0.00,1.00,1.00,3.00,4.00,4.00
10/23/16,Smoke RMK 117 (Smoke #22),37.4611,-108.5157,https://wrcc.dri.edu/cgi-bin/rawMAIN4.pl?idsm22+23+10+16+M,1,2,0,2.7,190,15.1,24.8,7.8,34,50,20,788.8,14.2,14.4,14.0,2.00,24:00,https://tools.airfire.org/monitor-qc-report/v2/wrcc?unitID=sm22,0.00,0.00,0.00,2.00,2.00,2.00,2.00,2.00,1.00,1.00,1.00,2.00,2.00,2.00,1.00,2.00,2.00,1.00,1.00,1.00,0.00,0.00,0.00,0.00
10/23/16,Smoke RMK 118 (Smoke #23),40.872,-109.5397,https://wrcc.dri.edu/cgi-bin/rawMAIN4.pl?idsm23+23+10+16+M,0,1,0,1.1,300,8.4,15.6,0.8,35,62,18,766.2,14.2,14.4,14.1,2.00,24:00,https://tools.airfire.org/monitor-qc-report/v2/wrcc?unitID=sm23,0.00,0.00,0.00,0.00,0.00,0.00,0.00,0.00,0.00,0.00,0.00,1.00,0.00,0.00,0.00,0.00,0.00,0.00,0.00,0.00,0.00,0.00,0.00,0.00
10/23/16,FWS Smoke #1,48.344,-117.2723,https://wrcc.dri.edu/cgi-bin/rawMAIN4.pl?idsmf1+23+10+16+M,27,310,1,0.7,123,-0.2,8.4,-4.6,0,-9999,-9999,940.8,14.4,14.4,14.3,2.00,24:00,https://tools.airfire.org/monitor-qc-report/v4/wrcc?unitID=smf1,1.00,1.00,310.00,35.00,12.00,5.00,9.00,9.00,12.00,14.00,17.00,11.00,14.00,9.00,10.00,11.00,13.00,13.00,13.00,16.00,25.00,19.00,24.00,18.00
10/23/16,Smoke USFS R9-60,46.7436,-92.1656,https://wrcc.dri.edu/cgi-bin/rawMAIN4.pl?ids960+23+10+16+M,2,6,0,2.3,360,10.0,13.4,8.3,75,92,48,989.1,14.4,14.4,14.3,2.00,24:00,https://tools.airfire.org/monitor-qc-report/v4/wrcc?unitID=s960,0.00,4.00,4.00,6.00,5.00,4.00,3.00,1.00,1.00,1.00,1.00,1.00,1.00,0.00,1.00,0.00,1.00,1.00,1.00,1.00,1.00,0.00,0.00,0.00
10/23/16,Smoke USFS R1-52,48.8978,-115.0584,https://wrcc.dri.edu/cgi-bin/rawMAIN4.pl?ids152+23+10+16+M,6,19,1,0.5,119,4.2,11.8,0.4,90,97,67,924.8,14.4,14.4,14.2,2.00,24:00,https://tools.airfire.org/monitor-qc-report/v4/wrcc?unitID=s152,0.00,1.00,3.00,4.00,3.00,6.00,16.00,9.00,9.00,12.00,19.00,7.00,7.00,7.00,5.00,5.00,7.00,6.00,4.00,5.00,6.00,3.00,2.00,2.00
10/23/16,Smoke USFS R9-16,46.7436,-92.1656,https://wrcc.dri.edu/cgi-bin/rawMAIN4.pl?ids916+23+10+16+M,1,6,0,2.4,-9999,9.6,12.5,8.0,77,92,50,990.3,13.7,14.4,1.0,2.00,24:00,https://tools.airfire.org/monitor-qc-report/v4/wrcc?unitID=s916,-9999,-9999,4.00,-9999,6.00,4.00,3.00,1.00,1.00,1.00,1.00,0.00,1.00,-9999,0.00,0.00,0.00,0.00,0.00,0.00,0.00,0.00,0.00,0.00
10/23/16,Smoke USFS R2-69,38.9792,-105.3531,https://wrcc.dri.edu/cgi-bin/rawMAIN4.pl?ids269+23+10+16+M,3,7,0,0.3,1,7.4,25.6,-5.9,1,1,0,760.9,14.3,14.4,14.1,2.00,24:00,https://tools.airfire.org/monitor-qc-report/v4/wrcc?unitID=s269,0.00,0.00,1.00,2.00,4.00,5.00,5.00,5.00,5.00,5.00,5.00,5.00,5.00,4.00,6.00,7.00,4.00,0.00,0.00,0.00,0.00,0.00,0.00,0.00
10/23/16,Smoke USFS R3-28,35.6715,-105.9557,https://wrcc.dri.edu/cgi-bin/rawMAIN4.pl?ids328+23+10+16+M,4,15,-5,1.3,50,14.6,22.4,7.9,0,-9999,-9999,-9999,14.4,14.4,14.3,16.70,24:00,https://tools.airfire.org/monitor-qc-report/v4/wrcc?unitID=s328,1.00,11.00,5.00,5.00,9.00,5.00,7.00,1.00,3.00,1.00,5.00,3.00,4.00,5.00,4.00,14.00,15.00,-1.00,-5.00,-2.00,-5.00,0.00,-5.00,4.00
10/23/16,Smoke USFS R2-265,40.7421,-105.5082,https://wrcc.dri.edu/cgi-bin/rawMAIN4.pl?id2265+23+10+16+M,600,3000,0,1.0,-9999,10.6,28.0,-1.8,39,64,1,734.6,14.3,14.4,14.1,2.00,24:00,https://tools.airfire.org/monitor-qc-report/v4/wrcc?unitID=2265,0.00,0.00,0.00,3000.00,1000.00,0.00,0.00,1000.00,-9999,0.00,0.00,1000.00,1000.00,1000.00,2000.00,1000.00,-9999,0.00,-9999,-9999,0.00,0.00,0.00,0.00
