,,Position (Deg.),,,Concentration (µg/m3),,,Wind,,Air Temperature (Deg. C.),,,Humidity (Percent),,,Barometer,Battery Voltage (volts),,,Air Flow (totalizer),,,Concentration by Hour,,,,,,,,,,,,,,,,,,,,,,,
Date,Station,Latitude,Longitude,Station Chart Link,Mean,Max,Min,Ave Vel. (m/s),V. Dir. (Deg),Mean,Max,Min,Mean,Max,Min,Baro. Pressure (mbars),Mean,Max,Min,Mean,Time of latest ob,Airfire QC Report Link,0:00,1:00,2:00,3:00,4:00,5:00,6:00,7:00,8:00,9:00,10:00,11:00,12:00,13:00,14:00,15:00,16:00,17:00,18:00,19:00,20:00,21:00,22:00,23:00
09/09/14,Smoke #13,44.4363,-118.1893,https://wrcc.dri.edu/cgi-bin/rawMAIN4.pl?idsm13+09+09+14+M,2,13,0,1.7,327,16.7,29.0,7.4,41,72,12,872.0,14.1,14.3,13.9,2.00,24:00,https://tools.airfire.org/monitor-qc-report/v4/wrcc?unitID=sm13,13.00,12.00,13.00,9.00,3.00,3.00,12.00,8.00,0.00,0.00,0.00,0.00,0.00,0.00,0.00,0.00,0.00,0.00,0.00,0.00,0.00,0.00,0.00,0.00
09/09/14,Smoke RMK 110 (Smoke #215),44.2609,-121.1468,https://wrcc.dri.edu/cgi-bin/rawMAIN4.pl?ids215+09+09+14+M,1,3,0,2.0,276,18.7,27.5,9.1,49,77,23,908.0,14.2,14.4,14.0,2.00,24:00,https://tools.airfire.org/monitor-qc-report/v2/wrcc?unitID=s215,2.00,2.00,2.00,2.00,1.00,2.00,1.00,1.00,2.00,2.00,2.00,2.00,2.00,2.00,1.00,2.00,3.00,1.00,0.00,0.00,0.00,0.00,1.00,2.00
09/09/14,Smoke RMK 114 (Smoke #19),43.9145,-122.8224,https://wrcc.dri.edu/cgi-bin/rawMAIN4.pl?idsm19+09+09+14+M,1,2,0,1.0,173,20.2,30.7,13.7,60,80,28,-9999,14.2,14.3,14.0,2.00,24:00,https://tools.airfire.org/monitor-qc-report/v2/wrcc?unitID=sm19,1.00,2.00,2.00,2.00,2.00,2.00,2.00,1.00,1.00,1.00,1.00,1.00,0.00,0.00,0.00,0.00,0.00,1.00,1.00,1.00,0.00,0.00,1.00,1.00
09/09/14,Smoke RMK 115 (Smoke #20),43.7594,-122.5343,https://wrcc.dri.edu/cgi-bin/rawMAIN4.pl?idsm20+09+09+14+M,30,91,1,0.7,88,19.0,26.9,13.5,63,84,32,-9999,14.2,14.3,14.1,2.00,24:00,https://tools.airfire.org/monitor-qc-report/v2/wrcc?unitID=sm20,2.00,2.00,9.00,32.00,45.00,77.00,91.00,64.00,49.00,47.00,50.00,52.00,48.00,39.00,35.00,33.00,26.00,4.00,2.00,2.00,2.00,1.00,1.00,1.00
09/09/14,Smoke RMK 117 (Smoke #22),43.7486,-122.4677,https://wrcc.dri.edu/cgi-bin/rawMAIN4.pl?idsm22+09+09+14+M,7,17,1,0.8,184,21.8,32.0,13.8,54,78,25,970.9,14.2,14.3,14.1,2.00,24:00,https://tools.airfire.org/monitor-qc-report/v2/wrcc?unitID=sm22,2.00,2.00,1.00,2.00,6.00,17.00,14.00,15.00,8.00,7.00,9.00,8.00,10.00,13.00,13.00,16.00,12.00,3.00,1.00,1.00,2.00,4.00,6.00,1.00
09/09/14,Smoke USFS R1-53,47.5355,-113.7211,https://wrcc.dri.edu/cgi-bin/rawMAIN4.pl?ids153+09+09+14+M,7,18,2,0.8,-9999,13.2,24.6,4.1,63,96,23,885.1,14.3,14.4,14.1,2.00,24:00,https://tools.airfire.org/monitor-qc-report/v4/wrcc?unitID=s153,5.00,5.00,3.00,-9999,-9999,6.00,6.00,-9999,-9999,-9999,-9999,-9999,-9999,-9999,18.00,15.00,4.00,3.00,8.00,6.00,8.00,10.00,3.00,2.00
09/09/14,Smoke USFS R1-39,46.9269,-114.0962,https://wrcc.dri.edu/cgi-bin/rawMAIN4.pl?ids139+09+09+14+M,0,0,0,1.4,246,18.4,27.0,10.8,35,53,14,899.4,14.4,14.4,14.2,0.00,24:00,https://tools.airfire.org/monitor-qc-report/v4/wrcc?unitID=s139,0.00,0.00,0.00,0.00,0.00,0.00,0.00,0.00,0.00,0.00,0.00,0.00,0.00,0.00,0.00,0.00,0.00,0.00,0.00,0.00,0.00,0.00,0.00,0.00
09/09/14,Smoke USFS R3-28,35.8034,-106.5888,https://wrcc.dri.edu/cgi-bin/rawMAIN4.pl?ids328+09+09+14+M,4,22,-5,0.6,-9999,13.5,19.7,9.6,0,1,0,-10.0,14.2,14.3,14.1,16.69,24:00,https://tools.airfire.org/monitor-qc-report/v4/wrcc?unitID=s328,1.00,-4.00,1.00,4.00,-5.00,11.00,5.00,16.00,22.00,18.00,15.00,7.00,-1.00,2.00,-9999,2.00,4.00,-5.00,3.00,3.00,4.00,-3.00,2.00,1.00
