,,Position (Deg.),,,Concentration (µg/m3),,,Wind,,Air Temperature (Deg. C.),,,Humidity (Percent),,,Barometer,Battery Voltage (volts),,,Air Flow (totalizer),,,Concentration by Hour,,,,,,,,,,,,,,,,,,,,,,,
Date,Station,Latitude,Longitude,Station Chart Link,Mean,Max,Min,Ave Vel. (m/s),V. Dir. (Deg),Mean,Max,Min,Mean,Max,Min,Baro. Pressure (mbars),Mean,Max,Min,Mean,Time of latest ob,Airfire QC Report Link,0:00,1:00,2:00,3:00,4:00,5:00,6:00,7:00,8:00,9:00,10:00,11:00,12:00,13:00,14:00,15:00,16:00,17:00,18:00,19:00,20:00,21:00,22:00,23:00
09/06/21,Smoke #13,39.7144,-105.124,https://wrcc.dri.edu/cgi-bin/rawMAIN4.pl?idsm13+06+09+21+M,8,10,6,0.5,179,26.9,39.3,16.7,18,29,3,828.3,14.0,14.1,13.8,2.00,24:00,https://tools.airfire.org/monitor-qc-report/v4/wrcc?unitID=sm13,8.00,7.00,7.00,9.00,8.00,8.00,8.00,8.00,8.00,6.00,6.00,6.00,6.00,6.00,6.00,8.00,10.00,10.00,9.00,10.00,10.00,10.00,6.00,8.00
09/06/21,Smoke RMK 107 (Smoke #67),46.7304,-120.7051,https://wrcc.dri.edu/cgi-bin/rawMAIN4.pl?idsm67+06+09+21+M,44,124,16,1.0,252,17.9,30.7,9.8,52,78,31,958.2,14.2,14.3,14.1,2.00,24:00,https://tools.airfire.org/monitor-qc-report/v2/wrcc?unitID=sm67,30.00,39.00,124.00,81.00,70.00,57.00,49.00,42.00,19.00,17.00,16.00,23.00,40.00,34.00,33.00,34.00,41.00,49.00,71.00,62.00,28.00,29.00,35.00,35.00
09/06/21,Smoke RMK 118 (Smoke #23),42.4658,-123.3206,https://wrcc.dri.edu/cgi-bin/rawMAIN4.pl?idsm23+06+09+21+M,8,38,0,0.4,169,29.2,41.2,20.2,47,78,13,968.0,14.0,14.1,13.9,2.00,24:00,https://tools.airfire.org/monitor-qc-report/v2/wrcc?unitID=sm23,91.00,38.00,24.00,8.00,3.00,2.00,0.00,0.00,0.00,0.00,0.00,0.00,0.00,0.00,0.00,0.00,0.00,1.00,3.00,2.00,4.00,16.00,33.00,35.00
09/06/21,Smoke RMK 119 (Smoke #24),39.7144,-105.124,https://wrcc.dri.edu/cgi-bin/rawMAIN4.pl?idsm24+06+09+21+M,6,9,4,1.3,183,27.2,39.8,16.7,18,31,1,828.3,14.1,14.3,14.0,2.00,24:00,https://tools.airfire.org/monitor-qc-report/v2/wrcc?unitID=sm24,7.00,7.00,6.00,6.00,7.00,7.00,6.00,7.00,6.00,6.00,5.00,4.00,4.00,4.00,5.00,5.00,7.00,8.00,9.00,8.00,9.00,9.00,9.00,5.00
09/06/21,Smoke RMK 130 (USFS R2-923),44.1705,-122.1609,https://wrcc.dri.edu/cgi-bin/rawMAIN4.pl?id2923+06+09+21+M,114,169,43,0.6,-9999,19.3,32.1,9.2,65,96,28,962.2,14.2,14.3,14.0,2.00,24:00,https://tools.airfire.org/monitor-qc-report/v2/wrcc?unitID=2923,130.00,92.00,50.00,52.00,45.00,65.00,110.00,135.00,156.00,151.00,160.00,169.00,168.00,162.00,154.00,137.00,-9999,108.00,93.00,120.00,150.00,155.00,91.00,62.00
09/06/21,Smoke RMK 131 (USFS R2-924),43.9718,-122.667,https://wrcc.dri.edu/cgi-bin/rawMAIN4.pl?id2924+06+09+21+M,5,19,0,0.8,242,24.7,33.9,18.0,70,95,34,976.3,13.9,14.1,13.4,2.00,24:00,https://tools.airfire.org/monitor-qc-report/v2/wrcc?unitID=2924,22.00,9.00,6.00,7.00,6.00,3.00,1.00,1.00,1.00,1.00,1.00,0.00,0.00,0.00,0.00,1.00,1.00,2.00,2.00,4.00,13.00,14.00,19.00,18.00
09/06/21,Smoke #86,46.9269,-114.0962,https://wrcc.dri.edu/cgi-bin/rawMAIN4.pl?idsm86+06+09+21+M,41,80,7,0.7,90,21.6,33.5,12.8,38,63,16,903.5,14.1,14.2,13.9,2.00,24:00,https://tools.airfire.org/monitor-qc-report/v4/wrcc?unitID=sm86,78.00,75.00,80.00,74.00,62.00,52.00,51.00,52.00,48.00,48.00,52.00,49.00,47.00,43.00,42.00,46.00,44.00,41.00,30.00,14.00,7.00,7.00,7.00,7.00
09/06/21,Smoke USFS R9-15,47.5703,-90.8483,https://wrcc.dri.edu/cgi-bin/rawMAIN4.pl?ids915+06+09+21+M,0,0,0,0.8,241,15.8,22.8,10.2,80,94,63,986.5,14.3,14.4,14.2,2.00,24:00,https://tools.airfire.org/monitor-qc-report/v4/wrcc?unitID=s915,1.00,0.00,0.00,0.00,0.00,0.00,0.00,0.00,0.00,0.00,0.00,0.00,0.00,0.00,0.00,0.00,0.00,0.00,0.00,0.00,0.00,0.00,0.00,0.00
09/06/21,Smoke USFS R1-53,46.9269,-114.0961,https://wrcc.dri.edu/cgi-bin/rawMAIN4.pl?ids153+06+09+21+M,51,80,4,0.8,246,21.5,33.3,12.7,38,65,14,903.7,14.2,14.3,14.0,2.00,24:00,https://tools.airfire.org/monitor-qc-report/v4/wrcc?unitID=s153,69.00,73.00,80.00,79.00,70.00,63.00,65.00,67.00,63.00,66.00,69.00,67.00,66.00,62.00,62.00,64.00,62.00,57.00,40.00,15.00,6.00,6.00,5.00,5.00
09/06/21,Smoke USFS R3-28,35.6715,-105.9556,https://wrcc.dri.edu/cgi-bin/rawMAIN4.pl?ids328+06+09+21+M,3,29,-5,2.0,352,30.9,32.5,26.6,100,-9999,-9999,-9999,14.1,14.2,14.0,16.69,24:00,https://tools.airfire.org/monitor-qc-report/v4/wrcc?unitID=s328,1.00,2.00,-5.00,-5.00,-5.00,-1.00,4.00,5.00,-4.00,0.00,1.00,1.00,6.00,1.00,4.00,24.00,29.00,11.00,1.00,1.00,4.00,5.00,-2.00,0.00
09/06/21,Smoke RMK 407 (EBAM #231),39.7144,-105.124,https://wrcc.dri.edu/cgi-bin/rawMAIN4.pl?ide231+06+09+21+M,19,130,-5,1.4,178,20.9,26.9,15.3,15,28,1,-9999,14.3,14.4,14.2,16.70,24:00,https://tools.airfire.org/monitor-qc-report/v2/wrcc?unitID=e231,10.00,10.00,7.00,11.00,9.00,10.00,10.00,13.00,8.00,8.00,68.00,18.00,3.00,-5.00,5.00,6.00,12.00,11.00,6.00,130.00,7.00,60.00,27.00,16.00
09/06/21,Smoke RMK 414 (EBAM #882),39.7144,-105.1241,https://wrcc.dri.edu/cgi-bin/rawMAIN4.pl?ide882+06+09+21+M,7,17,-4,1.3,174,19.9,30.0,10.7,10,21,0,-9999,13.6,13.8,13.3,16.69,24:00,https://tools.airfire.org/monitor-qc-report/v2/wrcc?unitID=e882,7.00,-1.00,2.00,10.00,1.00,1.00,9.00,10.00,7.00,9.00,0.00,7.00,7.00,6.00,6.00,9.00,17.00,12.00,13.00,-4.00,11.00,15.00,3.00,4.00
09/06/21,Smoke USFS R1-306,47.4663,-114.8796,https://wrcc.dri.edu/cgi-bin/rawMAIN4.pl?id1306+06+09+21+M,47,79,8,1.8,247,23.4,34.8,13.2,42,71,16,-9999,14.1,14.2,13.9,2.00,24:00,https://tools.airfire.org/monitor-qc-report/v4/wrcc?unitID=1306,88.00,79.00,69.00,70.00,78.00,72.00,71.00,69.00,69.00,67.00,65.00,60.00,57.00,54.00,49.00,40.00,40.00,35.00,17.00,16.00,17.00,13.00,10.00,9.00
09/06/21,Smoke USFS R1-307,46.9269,-114.0962,https://wrcc.dri.edu/cgi-bin/rawMAIN4.pl?id1307+06+09+21+M,53,76,2,1.0,193,22.3,34.6,13.3,37,62,15,-9999,14.1,14.2,13.9,2.00,24:00,https://tools.airfire.org/monitor-qc-report/v4/wrcc?unitID=1307,63.00,66.00,74.00,76.00,70.00,66.00,69.00,72.00,71.00,73.00,76.00,73.00,72.00,69.00,69.00,70.00,68.00,63.00,44.00,16.00,6.00,5.00,4.00,4.00
09/06/21,Smoke USFS 3016,45.5485,-113.931,https://wrcc.dri.edu/cgi-bin/rawMAIN4.pl?ids316+06+09+21+M,85,298,25,0.8,314,19.5,34.5,7.9,32,57,12,864.2,14.1,14.3,13.9,2.00,24:00,https://tools.airfire.org/monitor-qc-report/v4/wrcc?unitID=s316,43.00,41.00,36.00,32.00,33.00,34.00,37.00,55.00,64.00,73.00,78.00,104.00,109.00,128.00,145.00,167.00,298.00,262.00,99.00,72.00,50.00,32.00,28.00,25.00
09/06/21,AQB Smoke EBAM T-1,-11.0703,-149.971,https://wrcc.dri.edu/cgi-bin/rawMAIN4.pl?ideat1+06+09+21+M,9,32,-4,1.2,272,21.4,28.9,13.1,1,1,0,-9999,13.9,14.0,13.7,16.70,24:00,https://tools.airfire.org/monitor-qc-report/v4/wrcc?unitID=eat1,9.00,0.00,32.00,5.00,6.00,7.00,-4.00,13.00,11.00,8.00,-4.00,13.00,11.00,20.00,4.00,1.00,4.00,6.00,11.00,19.00,10.00,14.00,12.00,12.00
09/06/21,AQB Smoke EBAM T-2,36.7575,-108.1823,https://wrcc.dri.edu/cgi-bin/rawMAIN4.pl?ideat2+06+09+21+M,9,54,-5,1.3,276,18.6,28.3,8.4,1,1,0,-9999,14.1,14.1,13.9,16.70,24:00,https://tools.airfire.org/monitor-qc-report/v4/wrcc?unitID=eat2,-2.00,-5.00,-5.00,-5.00,-5.00,-2.00,-4.00,5.00,-3.00,10.00,-4.00,11.00,1.00,3.00,7.00,1.00,22.00,35.00,42.00,54.00,17.00,2.00,18.00,21.00
