,,Position (Deg.),,,Concentration (µg/m3),,,Wind,,Air Temperature (Deg. C.),,,Humidity (Percent),,,Barometer,Battery Voltage (volts),,,Air Flow (totalizer),,,Concentration by Hour,,,,,,,,,,,,,,,,,,,,,,,
Date,Station,Latitude,Longitude,Station Chart Link,Mean,Max,Min,Ave Vel. (m/s),V. Dir. (Deg),Mean,Max,Min,Mean,Max,Min,Baro. Pressure (mbars),Mean,Max,Min,Mean,Time of latest ob,Airfire QC Report Link,0:00,1:00,2:00,3:00,4:00,5:00,6:00,7:00,8:00,9:00,10:00,11:00,12:00,13:00,14:00,15:00,16:00,17:00,18:00,19:00,20:00,21:00,22:00,23:00
04/22/24,Smoke RMK 100 (Smoke #659),44.0219,-121.2601,https://wrcc.dri.edu/cgi-bin/rawMAIN4.pl?ids659+22+04+24+M,3,5,1,0.9,91,6.2,19.3,-5.1,55,91,20,891.2,14.4,14.4,14.3,2.00,24:00,https://tools.airfire.org/monitor-qc-report/v2/wrcc?unitID=s659,2.00,2.00,1.00,1.00,1.00,2.00,3.00,5.00,5.00,5.00,4.00,3.00,3.00,4.00,4.00,4.00,4.00,4.00,3.00,2.00,2.00,2.00,2.00,1.00
04/22/24,Smoke RMK 102 (Smoke #661),37.3055,-107.4882,https://wrcc.dri.edu/cgi-bin/rawMAIN4.pl?ids661+22+04+24+M,2083,5700,1,1.1,309,10.8,19.9,3.2,32,48,16,768.2,14.4,14.4,14.4,2.00,24:00,https://tools.airfire.org/monitor-qc-report/v2/wrcc?unitID=s661,2.00,3.00,1.00,3570.00,5612.00,5541.00,4872.00,3924.00,3551.00,3011.00,4079.00,3039.00,5700.00,4068.00,2808.00,194.00,4.00,2.00,2.00,2.00,1.00,1.00,2.00,1.00
04/22/24,Smoke RMK 103 (Smoke #662),37.2271,-107.601,https://wrcc.dri.edu/cgi-bin/rawMAIN4.pl?ids662+22+04+24+M,2,5,1,1.4,306,14.9,25.2,5.2,30,50,13,791.1,14.5,14.6,14.5,2.00,24:00,https://tools.airfire.org/monitor-qc-report/v2/wrcc?unitID=s662,1.00,1.00,1.00,1.00,1.00,1.00,2.00,2.00,1.00,2.00,1.00,1.00,1.00,1.00,2.00,3.00,5.00,5.00,2.00,1.00,1.00,1.00,1.00,1.00
04/22/24,Smoke RMK 106 (Smoke #66),39.7144,-105.124,https://wrcc.dri.edu/cgi-bin/rawMAIN4.pl?idsm66+22+04+24+M,4,14,1,1.6,321,20.4,28.9,12.5,34,64,16,823.0,14.5,14.5,14.5,2.00,24:00,https://tools.airfire.org/monitor-qc-report/v2/wrcc?unitID=sm66,1.00,2.00,4.00,8.00,6.00,4.00,4.00,3.00,3.00,3.00,2.00,1.00,2.00,2.00,2.00,1.00,2.00,1.00,1.00,1.00,2.00,5.00,9.00,9.00
04/22/24,Smoke RMK 107 (Smoke #67),39.7143,-105.124,https://wrcc.dri.edu/cgi-bin/rawMAIN4.pl?idsm67+22+04+24+M,4,22,1,1.6,329,18.6,27.0,10.8,33,63,15,822.4,14.5,14.5,14.5,2.00,24:00,https://tools.airfire.org/monitor-qc-report/v2/wrcc?unitID=sm67,2.00,2.00,4.00,8.00,5.00,4.00,3.00,2.00,2.00,2.00,1.00,1.00,1.00,2.00,2.00,1.00,3.00,1.00,1.00,1.00,3.00,8.00,11.00,10.00
04/22/24,Smoke RMK 108 (Smoke #456),39.9722,-105.4986,https://wrcc.dri.edu/cgi-bin/rawMAIN4.pl?ids456+22+04+24+M,1,1,1,1.4,265,11.2,17.5,5.3,34,45,23,744.2,14.4,14.4,14.4,2.00,24:00,https://tools.airfire.org/monitor-qc-report/v2/wrcc?unitID=s456,1.00,1.00,1.00,1.00,1.00,1.00,1.00,1.00,1.00,1.00,1.00,1.00,1.00,1.00,1.00,1.00,1.00,1.00,1.00,1.00,1.00,1.00,1.00,1.00
04/22/24,Smoke RMK 113 (Smoke #16),39.7144,-105.124,https://wrcc.dri.edu/cgi-bin/rawMAIN4.pl?idsm16+22+04+24+M,2,8,1,1.5,312,17.0,25.4,8.7,33,64,16,822.4,14.5,14.5,14.3,2.00,24:00,https://tools.airfire.org/monitor-qc-report/v2/wrcc?unitID=sm16,2.00,3.00,6.00,7.00,4.00,4.00,2.00,2.00,2.00,1.00,1.00,1.00,1.00,1.00,1.00,1.00,1.00,1.00,1.00,1.00,1.00,4.00,1.00,8.00
04/22/24,Smoke RMK 122 (Smoke #69),43.9978,-121.4053,https://wrcc.dri.edu/cgi-bin/rawMAIN4.pl?idsm69+22+04+24+M,2,2,1,0.8,276,5.7,17.6,-4.2,55,87,22,876.3,14.4,14.5,14.3,2.00,24:00,https://tools.airfire.org/monitor-qc-report/v2/wrcc?unitID=sm69,1.00,1.00,1.00,1.00,1.00,1.00,2.00,1.00,2.00,2.00,1.00,1.00,1.00,1.00,1.00,1.00,2.00,2.00,2.00,2.00,2.00,2.00,2.00,2.00
04/22/24,Smoke RMK 123 (Smoke #209),39.9427,-105.2493,https://wrcc.dri.edu/cgi-bin/rawMAIN4.pl?ids209+22+04+24+M,2,9,1,1.9,236,17.2,25.1,11.4,38,63,19,825.0,14.4,14.5,14.4,2.00,24:00,https://tools.airfire.org/monitor-qc-report/v2/wrcc?unitID=s209,9.00,9.00,6.00,3.00,2.00,2.00,2.00,2.00,1.00,1.00,1.00,1.00,1.00,1.00,1.00,1.00,1.00,1.00,1.00,1.00,1.00,1.00,1.00,1.00
04/22/24,Smoke RMK 124 (Smoke #210),37.3502,-108.2908,https://wrcc.dri.edu/cgi-bin/rawMAIN4.pl?ids210+22+04+24+M,2,6,1,1.0,162,16.1,27.6,5.3,30,51,14,787.1,14.4,14.5,14.4,2.00,24:00,https://tools.airfire.org/monitor-qc-report/v2/wrcc?unitID=s210,1.00,1.00,1.00,1.00,5.00,6.00,2.00,4.00,2.00,1.00,2.00,2.00,2.00,2.00,2.00,3.00,3.00,1.00,1.00,1.00,1.00,1.00,1.00,1.00
04/22/24,Smoke RMK 125 (Smoke #216),37.4716,-108.5163,https://wrcc.dri.edu/cgi-bin/rawMAIN4.pl?ids216+22+04+24+M,1,2,0,2.2,92,17.0,26.2,8.9,35,50,23,788.0,14.5,14.5,14.4,2.00,24:00,https://tools.airfire.org/monitor-qc-report/v2/wrcc?unitID=s216,1.00,1.00,1.00,1.00,1.00,2.00,1.00,1.00,1.00,1.00,1.00,1.00,1.00,1.00,1.00,1.00,1.00,0.00,0.00,1.00,1.00,1.00,1.00,1.00
04/22/24,Smoke USFS R2-65,39.7144,-105.124,https://wrcc.dri.edu/cgi-bin/rawMAIN4.pl?ids265+22+04+24+M,3,9,1,1.6,309,19.1,27.6,10.8,32,62,15,822.2,14.5,14.6,14.4,2.00,24:00,https://tools.airfire.org/monitor-qc-report/v4/wrcc?unitID=s265,2.00,3.00,6.00,7.00,4.00,3.00,2.00,2.00,1.00,1.00,1.00,1.00,1.00,1.00,1.00,1.00,1.00,1.00,1.00,1.00,1.00,3.00,3.00,9.00
04/22/24,Smoke USFS R3-86,35.687,-105.8956,https://wrcc.dri.edu/cgi-bin/rawMAIN4.pl?ids386+22+04+24+M,2,11,-5,0.6,342,4.2,16.2,-5.4,1,1,0,-9999,13.9,13.9,13.8,16.70,24:00,https://tools.airfire.org/monitor-qc-report/v4/wrcc?unitID=s386,-3.00,-1.00,0.00,-2.00,2.00,2.00,3.00,2.00,0.00,5.00,3.00,5.00,3.00,2.00,-5.00,-5.00,11.00,5.00,9.00,6.00,5.00,-1.00,-5.00,0.00
04/22/24,Smoke USFS R1-307,46.5842,-112.0419,https://wrcc.dri.edu/cgi-bin/rawMAIN4.pl?id1307+22+04+24+M,0,0,0,1.2,348,9.8,21.5,3.7,29,39,13,-9999,14.3,14.4,14.1,2.00,24:00,https://tools.airfire.org/monitor-qc-report/v4/wrcc?unitID=1307,1.00,0.00,0.00,0.00,0.00,0.00,0.00,0.00,0.00,0.00,0.00,0.00,0.00,0.00,0.00,0.00,0.00,0.00,0.00,0.00,0.00,0.00,0.00,0.00
04/22/24,Smoke USFS R2-264,40.7421,-105.5086,https://wrcc.dri.edu/cgi-bin/rawMAIN4.pl?id2264+22+04+24+M,0,1,0,2.1,298,11.0,20.3,1.8,44,77,19,768.8,14.3,14.4,14.1,2.00,24:00,https://tools.airfire.org/monitor-qc-report/v4/wrcc?unitID=2264,0.00,0.00,0.00,0.00,0.00,0.00,0.00,0.00,0.00,0.00,0.00,0.00,0.00,0.00,0.00,0.00,0.00,0.00,0.00,1.00,1.00,0.00,0.00,1.00
