,,Position (Deg.),,,Concentration (µg/m3),,,Wind,,Air Temperature (Deg. C.),,,Humidity (Percent),,,Barometer,Battery Voltage (volts),,,Air Flow (totalizer),,,Concentration by Hour,,,,,,,,,,,,,,,,,,,,,,,
Date,Station,Latitude,Longitude,Station Chart Link,Mean,Max,Min,Ave Vel. (m/s),V. Dir. (Deg),Mean,Max,Min,Mean,Max,Min,Baro. Pressure (mbars),Mean,Max,Min,Mean,Time of latest ob,Airfire QC Report Link,0:00,1:00,2:00,3:00,4:00,5:00,6:00,7:00,8:00,9:00,10:00,11:00,12:00,13:00,14:00,15:00,16:00,17:00,18:00,19:00,20:00,21:00,22:00,23:00
03/19/24,Smoke RMK 108 (Smoke #456),39.7144,-105.1239,https://wrcc.dri.edu/cgi-bin/rawMAIN4.pl?ids456+19+03+24+M,1,2,1,1.3,295,11.8,20.0,4.2,34,53,17,828.2,14.5,14.5,14.5,2.00,24:00,https://tools.airfire.org/monitor-qc-report/v2/wrcc?unitID=s456,0.00,1.00,1.00,1.00,2.00,2.00,1.00,1.00,1.00,1.00,1.00,2.00,2.00,2.00,2.00,2.00,2.00,1.00,1.00,1.00,1.00,1.00,1.00,1.00
03/19/24,Smoke RMK 112 (Smoke #11),39.7144,-105.1239,https://wrcc.dri.edu/cgi-bin/rawMAIN4.pl?idsm11+19+03+24+M,1,2,1,1.4,182,12.3,20.5,5.1,43,60,26,824.9,14.3,14.4,14.3,2.00,24:00,https://tools.airfire.org/monitor-qc-report/v2/wrcc?unitID=sm11,1.00,1.00,1.00,2.00,2.00,2.00,1.00,1.00,1.00,1.00,1.00,2.00,2.00,2.00,2.00,2.00,2.00,1.00,1.00,1.00,1.00,1.00,1.00,1.00
03/19/24,Smoke USFS R3-86,35.687,-105.8956,https://wrcc.dri.edu/cgi-bin/rawMAIN4.pl?ids386+19+03+24+M,1,8,-5,0.4,339,-3.6,7.1,-10.3,1,1,0,-9999,13.9,14.0,13.8,16.70,24:00,https://tools.airfire.org/monitor-qc-report/v4/wrcc?unitID=s386,0.00,-5.00,2.00,2.00,3.00,2.00,2.00,2.00,6.00,1.00,1.00,2.00,-5.00,4.00,0.00,-5.00,1.00,4.00,8.00,3.00,-2.00,-4.00,7.00,0.00
03/19/24,Smoke RMK 400 (EBAM #487),39.7143,-105.1239,https://wrcc.dri.edu/cgi-bin/rawMAIN4.pl?ide487+19+03+24+M,66666,99999,-1,1.5,-9999,20.9,22.5,17.9,26,35,21,-9999,11.6,11.7,11.6,12.00,24:00,https://tools.airfire.org/monitor-qc-report/v2/wrcc?unitID=e487,-9999,-9999,-9999,-9999,-9999,-9999,-9999,-9999,-9999,-9999,-9999,-9999,-9999,-9999,-9999,-9999,-9999,-9999,-9999,-9999,-9999,-9999,-1.00,99999.00
03/19/24,Smoke RMK 401 (EBAM #488),39.7144,-105.1239,https://wrcc.dri.edu/cgi-bin/rawMAIN4.pl?ide488+19+03+24+M,56000,99999,-1,1.2,-9999,19.4,19.7,19.3,22,23,20,-9999,11.8,11.9,11.8,9.68,24:00,https://tools.airfire.org/monitor-qc-report/v2/wrcc?unitID=e488,-9999,-9999,-9999,-9999,-9999,-9999,-9999,-9999,-9999,-9999,-9999,-9999,-9999,-9999,-9999,-9999,-9999,-9999,-9999,-9999,99999.00,99999.00,80000.00,1.00
03/19/24,Smoke RMK 405 (EBAM #947),39.7143,-105.1239,https://wrcc.dri.edu/cgi-bin/rawMAIN4.pl?ide947+19+03+24+M,28546,99999,2,1.6,-9999,17.6,18.4,15.7,23,27,20,-9999,11.7,11.8,11.7,11.39,24:00,https://tools.airfire.org/monitor-qc-report/v2/wrcc?unitID=e947,-9999,-9999,-9999,-9999,-9999,-9999,-9999,-9999,-9999,-9999,-9999,-9999,-9999,-9999,-9999,-9999,-9999,99999.00,99999.00,28338.00,6.00,7.00,3.00,2.00
03/19/24,Smoke RMK 406 (EBAM #949),39.7143,-105.1239,https://wrcc.dri.edu/cgi-bin/rawMAIN4.pl?ide949+19+03+24+M,30418,99999,-3,1.1,-9999,20.7,21.1,20.4,20,21,19,-9999,11.8,11.8,11.8,12.47,24:00,https://tools.airfire.org/monitor-qc-report/v2/wrcc?unitID=e949,-9999,-9999,-9999,-9999,-9999,-9999,-9999,-9999,-9999,-9999,-9999,-9999,-9999,-9999,-9999,-9999,-9999,-9999,-9999,-9999,-9999,99999.00,21673.00,-3.00
03/19/24,Smoke USFS R1-307,46.584,-112.0421,https://wrcc.dri.edu/cgi-bin/rawMAIN4.pl?id1307+19+03+24+M,10,18,1,1.1,358,11.3,26.1,3.0,50,73,25,-9999,14.3,14.4,14.0,2.00,24:00,https://tools.airfire.org/monitor-qc-report/v4/wrcc?unitID=1307,0.00,1.00,12.00,15.00,18.00,17.00,14.00,15.00,14.00,12.00,12.00,9.00,10.00,8.00,9.00,15.00,17.00,13.00,8.00,9.00,3.00,1.00,1.00,1.00
