,,Position (Deg.),,,Concentration (µg/m3),,,Wind,,Air Temperature (Deg. C.),,,Humidity (Percent),,,Barometer,Battery Voltage (volts),,,Air Flow (totalizer),,,Concentration by Hour,,,,,,,,,,,,,,,,,,,,,,,
Date,Station,Latitude,Longitude,Station Chart Link,Mean,Max,Min,Ave Vel. (m/s),V. Dir. (Deg),Mean,Max,Min,Mean,Max,Min,Baro. Pressure (mbars),Mean,Max,Min,Mean,Time of latest ob,Airfire QC Report Link,0:00,1:00,2:00,3:00,4:00,5:00,6:00,7:00,8:00,9:00,10:00,11:00,12:00,13:00,14:00,15:00,16:00,17:00,18:00,19:00,20:00,21:00,22:00,23:00
07/11/21,Smoke RMK 107 (Smoke #67),39.7143,-105.124,https://wrcc.dri.edu/cgi-bin/rawMAIN4.pl?idsm67+11+07+21+M,4,11,0,1.0,-9999,24.7,32.1,17.1,40,60,22,831.8,14.2,14.3,14.1,1.99,22:00,https://tools.airfire.org/monitor-qc-report/v2/wrcc?unitID=sm67,6.00,8.00,7.00,5.00,4.00,2.00,2.00,2.00,1.00,1.00,1.00,0.00,0.00,0.00,1.00,2.00,3.00,4.00,5.00,6.00,7.00,8.00,11.00,-9999
07/11/21,Smoke RMK 108 (Smoke #456),39.7144,-105.1239,https://wrcc.dri.edu/cgi-bin/rawMAIN4.pl?ids456+11+07+21+M,5,8,2,1.0,-9999,23.4,30.6,16.4,40,60,20,829.9,14.2,14.4,14.1,1.98,24:00,https://tools.airfire.org/monitor-qc-report/v2/wrcc?unitID=s456,2.00,2.00,3.00,4.00,5.00,4.00,5.00,6.00,7.00,6.00,6.00,6.00,6.00,6.00,7.00,5.00,-9999,4.00,-9999,-9999,-9999,5.00,8.00,7.00
07/11/21,Smoke RMK 109 (Smoke #84),39.7143,-105.1239,https://wrcc.dri.edu/cgi-bin/rawMAIN4.pl?ids284+11+07+21+M,7,8,7,1.2,-9999,31.1,31.8,30.6,24,25,23,827.3,14.0,14.0,14.0,1.93,24:00,https://tools.airfire.org/monitor-qc-report/v2/wrcc?unitID=s284,-9999,-9999,-9999,-9999,-9999,-9999,-9999,-9999,-9999,-9999,-9999,-9999,-9999,-9999,-9999,-9999,-9999,-9999,-9999,-9999,-9999,-9999,7.00,8.00
07/11/21,Smoke RMK 114 (Smoke #19),39.7143,-105.1239,https://wrcc.dri.edu/cgi-bin/rawMAIN4.pl?idsm19+11+07+21+M,5,10,3,1.7,-9999,20.9,29.3,13.7,40,56,27,-9999,14.1,14.2,14.0,1.99,20:00,https://tools.airfire.org/monitor-qc-report/v2/wrcc?unitID=sm19,7.00,6.00,6.00,6.00,5.00,5.00,4.00,5.00,5.00,4.00,4.00,4.00,4.00,4.00,3.00,10.00,4.00,5.00,5.00,5.00,6.00,-9999,-9999,-9999
07/11/21,Smoke RMK 118 (Smoke #23),39.7143,-105.1239,https://wrcc.dri.edu/cgi-bin/rawMAIN4.pl?idsm23+11+07+21+M,8,10,6,0.8,-9999,22.6,31.3,14.8,40,58,24,833.6,14.1,14.2,14.0,2.00,21:00,https://tools.airfire.org/monitor-qc-report/v2/wrcc?unitID=sm23,6.00,6.00,6.00,6.00,7.00,7.00,7.00,10.00,10.00,9.00,8.00,10.00,9.00,9.00,9.00,10.00,7.00,7.00,7.00,7.00,8.00,7.00,-9999,-9999
07/11/21,Smoke USFS R3-28,35.6715,-105.9555,https://wrcc.dri.edu/cgi-bin/rawMAIN4.pl?ids328+11+07+21+M,7,17,-2,2.5,356,31.9,-9999,-9999,100,-9999,-9999,-9999,14.1,14.2,14.0,16.69,24:00,https://tools.airfire.org/monitor-qc-report/v4/wrcc?unitID=s328,1.00,16.00,9.00,4.00,2.00,6.00,4.00,7.00,10.00,-2.00,4.00,4.00,11.00,6.00,15.00,17.00,15.00,8.00,2.00,8.00,6.00,5.00,-2.00,14.00
07/11/21,AQB Smoke EBAM T-1,36.7575,-108.1823,https://wrcc.dri.edu/cgi-bin/rawMAIN4.pl?ideat1+11+07+21+M,9,21,0,1.5,35,27.4,34.7,20.9,1,1,0,-9999,13.9,13.9,13.8,16.70,24:00,https://tools.airfire.org/monitor-qc-report/v4/wrcc?unitID=eat1,8.00,10.00,21.00,2.00,13.00,10.00,7.00,10.00,9.00,12.00,4.00,13.00,5.00,8.00,11.00,0.00,3.00,6.00,5.00,10.00,7.00,5.00,14.00,9.00
07/11/21,AQB Smoke EBAM T-2,36.7575,-108.1823,https://wrcc.dri.edu/cgi-bin/rawMAIN4.pl?ideat2+11+07+21+M,10,57,-5,1.5,48,26.1,35.5,18.2,1,1,0,-9999,14.1,14.1,14.0,16.70,24:00,https://tools.airfire.org/monitor-qc-report/v4/wrcc?unitID=eat2,8.00,-4.00,-5.00,-5.00,-5.00,-5.00,-5.00,-2.00,-5.00,5.00,-5.00,-5.00,-5.00,-3.00,-5.00,13.00,35.00,57.00,50.00,38.00,26.00,39.00,20.00,11.00
