,,Position (Deg.),,,Concentration (µg/m3),,,Wind,,Air Temperature (Deg. C.),,,Humidity (Percent),,,Barometer,Battery Voltage (volts),,,Air Flow (totalizer),,,Concentration by Hour,,,,,,,,,,,,,,,,,,,,,,,
Date,Station,Latitude,Longitude,Station Chart Link,Mean,Max,Min,Ave Vel. (m/s),V. Dir. (Deg),Mean,Max,Min,Mean,Max,Min,Baro. Pressure (mbars),Mean,Max,Min,Mean,Time of latest ob,Airfire QC Report Link,0:00,1:00,2:00,3:00,4:00,5:00,6:00,7:00,8:00,9:00,10:00,11:00,12:00,13:00,14:00,15:00,16:00,17:00,18:00,19:00,20:00,21:00,22:00,23:00
02/20/24,Smoke RMK 101 (Smoke #660),40.4514,-105.4505,https://wrcc.dri.edu/cgi-bin/rawMAIN4.pl?ids660+20+02+24+M,1,1,1,1.2,187,5.4,10.5,-0.9,44,73,31,779.3,14.5,14.5,14.5,2.00,24:00,https://tools.airfire.org/monitor-qc-report/v2/wrcc?unitID=s660,0.00,1.00,1.00,1.00,1.00,1.00,1.00,1.00,1.00,1.00,1.00,1.00,1.00,1.00,1.00,1.00,1.00,1.00,1.00,1.00,1.00,1.00,1.00,1.00
02/20/24,Smoke RMK 107 (Smoke #67),40.4497,-105.3313,https://wrcc.dri.edu/cgi-bin/rawMAIN4.pl?idsm67+20+02+24+M,1,1,0,3.1,245,10.0,14.2,6.0,36,45,26,781.8,14.5,14.5,14.5,2.00,24:00,https://tools.airfire.org/monitor-qc-report/v2/wrcc?unitID=sm67,1.00,1.00,1.00,1.00,1.00,1.00,1.00,1.00,1.00,1.00,1.00,1.00,1.00,1.00,1.00,1.00,1.00,1.00,1.00,1.00,1.00,0.00,1.00,0.00
02/20/24,Smoke RMK 109 (Smoke #84),40.3741,-105.2265,https://wrcc.dri.edu/cgi-bin/rawMAIN4.pl?ids284+20+02+24+M,2,8,1,1.2,-9999,13.2,22.0,5.0,40,59,20,832.6,14.5,14.5,14.5,2.00,21:00,https://tools.airfire.org/monitor-qc-report/v2/wrcc?unitID=s284,-9999,-9999,2.00,2.00,3.00,6.00,8.00,-9999,-9999,-9999,3.00,-9999,2.00,-9999,-9999,-9999,1.00,1.00,1.00,1.00,1.00,1.00,-9999,-9999
02/20/24,Smoke RMK 127 (Smoke #454),39.7143,-105.124,https://wrcc.dri.edu/cgi-bin/rawMAIN4.pl?ids454+20+02+24+M,5,5,5,1.4,-9999,18.0,-9999,-9999,22,-9999,-9999,824.5,14.5,14.5,14.5,2.00,24:00,https://tools.airfire.org/monitor-qc-report/v2/wrcc?unitID=s454,-9999,-9999,-9999,-9999,-9999,-9999,-9999,-9999,-9999,-9999,-9999,-9999,-9999,-9999,-9999,-9999,-9999,-9999,-9999,-9999,-9999,-9999,-9999,-9999
02/20/24,Smoke RMK 129 (USFS R2-922),39.7144,-105.1239,https://wrcc.dri.edu/cgi-bin/rawMAIN4.pl?id2922+20+02+24+M,1,1,1,1.6,-9999,15.0,-9999,-9999,24,-9999,-9999,6.2,14.4,14.4,14.4,2.00,24:00,https://tools.airfire.org/monitor-qc-report/v2/wrcc?unitID=2922,-9999,-9999,-9999,-9999,-9999,-9999,-9999,-9999,-9999,-9999,-9999,-9999,-9999,-9999,-9999,-9999,-9999,-9999,-9999,-9999,-9999,-9999,-9999,-9999
02/20/24,Smoke USFS R3-86,35.6871,-105.8956,https://wrcc.dri.edu/cgi-bin/rawMAIN4.pl?ids386+20+02+24+M,-0,9,-5,0.5,11,-3.8,6.9,-10.7,1,-9999,-9999,-9999,13.9,13.9,13.8,16.70,24:00,https://tools.airfire.org/monitor-qc-report/v4/wrcc?unitID=s386,-5.00,2.00,9.00,-2.00,-2.00,-2.00,2.00,1.00,-3.00,4.00,-3.00,-1.00,3.00,-3.00,3.00,-5.00,-5.00,3.00,-1.00,6.00,1.00,-4.00,2.00,-5.00
02/20/24,Smoke USFS R1-307,46.584,-112.0421,https://wrcc.dri.edu/cgi-bin/rawMAIN4.pl?id1307+20+02+24+M,3,8,0,0.8,357,2.3,9.7,-2.3,74,85,53,-9999,14.4,14.4,14.3,2.00,24:00,https://tools.airfire.org/monitor-qc-report/v4/wrcc?unitID=1307,9.00,8.00,6.00,4.00,5.00,3.00,2.00,3.00,4.00,3.00,2.00,1.00,0.00,0.00,0.00,2.00,2.00,3.00,3.00,8.00,4.00,4.00,4.00,4.00
02/20/24,Smoke USFS R9-3018,37.0014,-91.0158,https://wrcc.dri.edu/cgi-bin/rawMAIN4.pl?ids318+20+02+24+M,12,29,3,0.6,85,11.6,24.0,2.0,50,84,24,1001.0,14.3,14.4,14.0,2.00,24:00,https://tools.airfire.org/monitor-qc-report/v4/wrcc?unitID=s318,8.00,9.00,13.00,12.00,29.00,10.00,11.00,10.00,12.00,12.00,13.00,13.00,11.00,11.00,20.00,12.00,9.00,6.00,9.00,8.00,5.00,4.00,3.00,11.00
