,,Position (Deg.),,,Concentration (µg/m3),,,Wind,,Air Temperature (Deg. C.),,,Humidity (Percent),,,Barometer,Battery Voltage (volts),,,Air Flow (totalizer),,,Concentration by Hour,,,,,,,,,,,,,,,,,,,,,,,
Date,Station,Latitude,Longitude,Station Chart Link,Mean,Max,Min,Ave Vel. (m/s),V. Dir. (Deg),Mean,Max,Min,Mean,Max,Min,Baro. Pressure (mbars),Mean,Max,Min,Mean,Time of latest ob,Airfire QC Report Link,0:00,1:00,2:00,3:00,4:00,5:00,6:00,7:00,8:00,9:00,10:00,11:00,12:00,13:00,14:00,15:00,16:00,17:00,18:00,19:00,20:00,21:00,22:00,23:00
03/08/19,Smoke #13,40.1156,-105.386,https://wrcc.dri.edu/cgi-bin/rawMAIN4.pl?idsm13+08+03+19+M,3,18,0,0.8,323,4.4,10.9,-1.8,61,78,38,773.6,14.4,14.4,14.4,2.00,24:00,https://tools.airfire.org/monitor-qc-report/v4/wrcc?unitID=sm13,0.00,1.00,3.00,1.00,0.00,5.00,8.00,1.00,2.00,4.00,4.00,2.00,2.00,1.00,1.00,1.00,4.00,0.00,0.00,1.00,3.00,4.00,8.00,18.00
03/08/19,Smoke RMK 125 (Smoke #216),39.4065,-105.4825,https://wrcc.dri.edu/cgi-bin/rawMAIN4.pl?ids216+08+03+19+M,0,3,0,1.1,325,2.5,11.4,-5.4,66,91,32,751.1,14.4,14.4,14.3,2.00,24:00,https://tools.airfire.org/monitor-qc-report/v2/wrcc?unitID=s216,2.00,0.00,0.00,0.00,0.00,0.00,0.00,0.00,0.00,0.00,0.00,0.00,0.00,0.00,0.00,0.00,0.00,0.00,0.00,0.00,0.00,0.00,0.00,0.00
03/08/19,Smoke RMK 131 (USFS R2-924),39.389,-105.2734,https://wrcc.dri.edu/cgi-bin/rawMAIN4.pl?id2924+08+03+19+M,1,8,0,1.2,172,3.4,14.4,-5.2,66,95,28,786.6,14.4,14.4,14.2,2.00,24:00,https://tools.airfire.org/monitor-qc-report/v2/wrcc?unitID=2924,0.00,0.00,1.00,0.00,0.00,3.00,8.00,1.00,2.00,8.00,2.00,1.00,0.00,1.00,1.00,3.00,1.00,0.00,0.00,0.00,0.00,0.00,0.00,0.00
03/08/19,Smoke USFS R2-69,38.9793,-105.353,https://wrcc.dri.edu/cgi-bin/rawMAIN4.pl?ids269+08+03+19+M,3,13,0,0.3,1,1.7,10.4,-6.0,0,1,0,746.3,14.4,14.4,14.4,2.00,24:00,https://tools.airfire.org/monitor-qc-report/v4/wrcc?unitID=s269,0.00,0.00,0.00,1.00,1.00,1.00,1.00,2.00,3.00,4.00,4.00,3.00,4.00,4.00,5.00,7.00,2.00,1.00,0.00,0.00,9.00,5.00,2.00,13.00
03/08/19,Smoke USFS R3-86,35.6871,-105.8956,https://wrcc.dri.edu/cgi-bin/rawMAIN4.pl?ids386+08+03+19+M,5,23,-5,0.3,191,12.3,22.0,4.6,0,1,0,-9999,14.4,14.4,14.4,16.67,24:00,https://tools.airfire.org/monitor-qc-report/v4/wrcc?unitID=s386,20.00,17.00,10.00,-5.00,0.00,21.00,23.00,16.00,23.00,-4.00,1.00,2.00,-5.00,0.00,1.00,-5.00,-5.00,-5.00,-5.00,-5.00,13.00,7.00,9.00,21.00
03/08/19,Smoke RMK 411 (EBAM #794),39.7144,-105.124,https://wrcc.dri.edu/cgi-bin/rawMAIN4.pl?ide794+08+03+19+M,8,33,-5,1.3,176,3.6,10.1,-2.3,52,85,27,-9999,14.4,14.4,14.4,16.67,24:00,https://tools.airfire.org/monitor-qc-report/v2/wrcc?unitID=e794,-1.00,-5.00,6.00,0.00,11.00,2.00,4.00,12.00,18.00,15.00,-5.00,-1.00,5.00,1.00,0.00,10.00,-5.00,6.00,7.00,11.00,6.00,10.00,31.00,33.00
03/08/19,Smoke RMK 412 (EBAM #840),39.7144,-105.124,https://wrcc.dri.edu/cgi-bin/rawMAIN4.pl?ide840+08+03+19+M,8,29,-5,0.3,1,4.2,10.3,-1.3,55,82,30,-9999,14.2,14.2,14.1,16.70,24:00,https://tools.airfire.org/monitor-qc-report/v2/wrcc?unitID=e840,-5.00,-1.00,-5.00,1.00,5.00,1.00,3.00,28.00,8.00,-4.00,2.00,-1.00,-1.00,9.00,0.00,3.00,12.00,18.00,3.00,8.00,15.00,27.00,19.00,29.00
03/08/19,Smoke RMK 415 (EBAM #925),37.4611,-108.5157,https://wrcc.dri.edu/cgi-bin/rawMAIN4.pl?ide925+08+03+19+M,5,52,-5,2.8,95,-0.7,4.8,-5.1,72,94,48,-9999,14.3,14.3,14.1,16.70,24:00,https://tools.airfire.org/monitor-qc-report/v2/wrcc?unitID=e925,6.00,1.00,1.00,0.00,0.00,1.00,6.00,2.00,-5.00,4.00,8.00,7.00,-1.00,7.00,12.00,4.00,3.00,1.00,-2.00,2.00,-4.00,5.00,23.00,-5.00
