,,Position (Deg.),,,Concentration (µg/m3),,,Wind,,Air Temperature (Deg. C.),,,Humidity (Percent),,,Barometer,Battery Voltage (volts),,,Air Flow (totalizer),,,Concentration by Hour,,,,,,,,,,,,,,,,,,,,,,,
Date,Station,Latitude,Longitude,Station Chart Link,Mean,Max,Min,Ave Vel. (m/s),V. Dir. (Deg),Mean,Max,Min,Mean,Max,Min,Baro. Pressure (mbars),Mean,Max,Min,Mean,Time of latest ob,Airfire QC Report Link,0:00,1:00,2:00,3:00,4:00,5:00,6:00,7:00,8:00,9:00,10:00,11:00,12:00,13:00,14:00,15:00,16:00,17:00,18:00,19:00,20:00,21:00,22:00,23:00
05/09/17,Smoke RMK 113 (Smoke #16),31.212,-82.3852,https://wrcc.dri.edu/cgi-bin/rawMAIN4.pl?idsm16+09+05+17+M,10,31,0,0.8,300,25.2,38.8,13.0,52,89,22,-9999,14.1,14.2,13.9,2.00,24:00,https://tools.airfire.org/monitor-qc-report/v2/wrcc?unitID=sm16,7.00,0.00,1.00,0.00,0.00,0.00,0.00,0.00,0.00,0.00,0.00,0.00,0.00,0.00,7.00,15.00,20.00,22.00,25.00,28.00,30.00,31.00,29.00,25.00
05/09/17,Smoke RMK 118 (Smoke #23),30.8325,-82.0041,https://wrcc.dri.edu/cgi-bin/rawMAIN4.pl?idsm23+09+05+17+M,76,827,1,0.7,175,27.4,41.6,16.0,48,85,17,1014.0,14.0,14.1,13.8,2.00,24:00,https://tools.airfire.org/monitor-qc-report/v2/wrcc?unitID=sm23,1.00,1.00,2.00,4.00,4.00,3.00,3.00,3.00,3.00,3.00,13.00,28.00,86.00,328.00,827.00,360.00,50.00,19.00,19.00,12.00,9.00,10.00,11.00,19.00
05/09/17,Smoke RMK 119 (Smoke #24),39.7144,-105.1239,https://wrcc.dri.edu/cgi-bin/rawMAIN4.pl?idsm24+09+05+17+M,8,11,5,0.3,-9999,20.9,21.6,18.9,1,-9999,-9999,822.5,14.2,14.3,14.2,1.98,24:00,https://tools.airfire.org/monitor-qc-report/v2/wrcc?unitID=sm24,-9999,-9999,-9999,-9999,-9999,-9999,-9999,-9999,-9999,-9999,-9999,-9999,-9999,-9999,-9999,-9999,-9999,-9999,-9999,5.00,6.00,7.00,9.00,11.00
05/09/17,Smoke USFS R1-53,48.8978,-115.0584,https://wrcc.dri.edu/cgi-bin/rawMAIN4.pl?ids153+09+05+17+M,2,3,1,0.9,130,15.1,26.1,6.1,54,86,26,923.7,14.3,14.4,14.1,2.00,24:00,https://tools.airfire.org/monitor-qc-report/v4/wrcc?unitID=s153,4.00,2.00,2.00,1.00,2.00,3.00,3.00,2.00,2.00,2.00,2.00,2.00,2.00,3.00,3.00,2.00,2.00,2.00,2.00,2.00,2.00,2.00,2.00,2.00
05/09/17,Smoke USFS R2-69,38.9792,-105.353,https://wrcc.dri.edu/cgi-bin/rawMAIN4.pl?ids269+09+05+17+M,0,0,0,0.3,1,9.9,16.7,5.7,1,1,0,755.6,14.3,14.4,14.2,2.00,24:00,https://tools.airfire.org/monitor-qc-report/v4/wrcc?unitID=s269,0.00,0.00,0.00,0.00,0.00,0.00,0.00,0.00,0.00,0.00,0.00,0.00,0.00,0.00,0.00,0.00,0.00,0.00,0.00,0.00,0.00,0.00,0.00,0.00
05/09/17,Smoke USFS R3-28,35.6714,-105.9557,https://wrcc.dri.edu/cgi-bin/rawMAIN4.pl?ids328+09+05+17+M,4,14,-5,3.6,95,13.3,16.9,10.2,0,-9999,-9999,-9999,14.4,14.4,14.3,16.70,24:00,https://tools.airfire.org/monitor-qc-report/v4/wrcc?unitID=s328,12.00,-5.00,0.00,0.00,3.00,3.00,6.00,9.00,6.00,2.00,9.00,3.00,4.00,5.00,2.00,5.00,9.00,7.00,-5.00,13.00,14.00,-1.00,3.00,5.00
05/09/17,Smoke USFS R3-86,35.687,-105.8956,https://wrcc.dri.edu/cgi-bin/rawMAIN4.pl?ids386+09+05+17+M,3,12,-5,0.6,80,13.2,18.3,10.1,0,-9999,-9999,-9999,14.1,14.1,14.0,16.69,24:00,https://tools.airfire.org/monitor-qc-report/v4/wrcc?unitID=s386,5.00,1.00,6.00,-1.00,3.00,4.00,5.00,6.00,9.00,5.00,5.00,2.00,4.00,2.00,-4.00,5.00,-2.00,12.00,2.00,-5.00,12.00,-4.00,1.00,4.00
05/09/17,Smoke USFS R2-265,40.7421,-105.5083,https://wrcc.dri.edu/cgi-bin/rawMAIN4.pl?id2265+09+05+17+M,1501350,8808000,-9697000,0.8,184,11.1,15.3,8.9,88,97,69,771.8,14.3,14.3,14.2,2.00,24:00,https://tools.airfire.org/monitor-qc-report/v4/wrcc?unitID=2265,12790000.00,42802000.00,43631000.00,43700000.00,43832000.00,22110000.00,6734000.00,8808000.00,10303000.00,4372000.00,2188000.00,2245000.00,1358000.00,1430000.00,998000.00,990000.00,986000.00,986000.00,980000.00,980000.00,988000.00,994000.00,993000.00,848000.00
