,,Position (Deg.),,,Concentration (µg/m3),,,Wind,,Air Temperature (Deg. C.),,,Humidity (Percent),,,Barometer,Battery Voltage (volts),,,Air Flow (totalizer),,,Concentration by Hour,,,,,,,,,,,,,,,,,,,,,,,
Date,Station,Latitude,Longitude,Station Chart Link,Mean,Max,Min,Ave Vel. (m/s),V. Dir. (Deg),Mean,Max,Min,Mean,Max,Min,Baro. Pressure (mbars),Mean,Max,Min,Mean,Time of latest ob,Airfire QC Report Link,0:00,1:00,2:00,3:00,4:00,5:00,6:00,7:00,8:00,9:00,10:00,11:00,12:00,13:00,14:00,15:00,16:00,17:00,18:00,19:00,20:00,21:00,22:00,23:00
08/29/13,Smoke #13,43.8052,-115.1306,https://wrcc.dri.edu/cgi-bin/rawMAIN4.pl?idsm13+29+08+13+M,26,68,2,0.3,2,20.2,32.8,9.4,52,86,22,837.3,14.1,14.2,13.9,2.00,24:00,https://tools.airfire.org/monitor-qc-report/v4/wrcc?unitID=sm13,11.00,12.00,13.00,13.00,13.00,9.00,12.00,20.00,30.00,34.00,47.00,68.00,60.00,67.00,52.00,42.00,48.00,46.00,2.00,4.00,5.00,5.00,3.00,4.00
08/29/13,Smoke RMK 115 (Smoke #20),43.5651,-116.2088,https://wrcc.dri.edu/cgi-bin/rawMAIN4.pl?idsm20+29+08+13+M,8,12,1,1.9,115,32.3,44.9,24.7,27,39,11,-9999,13.9,14.0,13.8,2.00,24:00,https://tools.airfire.org/monitor-qc-report/v2/wrcc?unitID=sm20,8.00,9.00,9.00,11.00,12.00,10.00,9.00,11.00,10.00,8.00,8.00,9.00,10.00,9.00,8.00,8.00,5.00,2.00,1.00,3.00,2.00,7.00,8.00,8.00
08/29/13,Smoke RMK 116 (Smoke #21),44.5044,-114.2224,https://wrcc.dri.edu/cgi-bin/rawMAIN4.pl?idsm21+29+08+13+M,7,10,0,1.0,267,22.6,35.6,13.6,51,76,15,-9999,14.2,14.3,14.0,2.00,24:00,https://tools.airfire.org/monitor-qc-report/v2/wrcc?unitID=sm21,9.00,8.00,8.00,7.00,7.00,8.00,9.00,9.00,10.00,9.00,9.00,9.00,9.00,9.00,10.00,10.00,9.00,9.00,9.00,5.00,3.00,1.00,0.00,0.00
08/29/13,Smoke E-BAM 52,35.889,-78.8747,https://wrcc.dri.edu/cgi-bin/rawMAIN4.pl?idsm52+29+08+13+M,30,97,8,1.0,225,25.9,27.9,24.3,0,-9999,-9999,-10.0,14.1,14.1,14.0,16.67,24:00,https://tools.airfire.org/monitor-qc-report/v4/wrcc?unitID=sm52,34.00,97.00,45.00,45.00,53.00,34.00,34.00,38.00,38.00,40.00,46.00,46.00,30.00,16.00,11.00,23.00,30.00,20.00,14.00,16.00,12.00,11.00,8.00,11.00
08/29/13,Smoke #86,46.9272,-114.0971,https://wrcc.dri.edu/cgi-bin/rawMAIN4.pl?idsm86+29+08+13+M,6,12,1,1.3,351,22.8,35.0,13.5,55,85,25,903.5,12.8,13.2,12.5,2.00,24:00,https://tools.airfire.org/monitor-qc-report/v4/wrcc?unitID=sm86,4.00,3.00,4.00,1.00,2.00,5.00,4.00,6.00,4.00,7.00,7.00,5.00,6.00,5.00,8.00,10.00,11.00,9.00,11.00,11.00,9.00,7.00,6.00,12.00
08/29/13,Smoke USFS R1-52,46.7533,-114.0903,https://wrcc.dri.edu/cgi-bin/rawMAIN4.pl?ids152+29+08+13+M,16,30,5,1.2,225,21.0,33.8,12.4,64,87,26,903.6,14.1,14.2,13.9,2.00,24:00,https://tools.airfire.org/monitor-qc-report/v4/wrcc?unitID=s152,4.00,6.00,7.00,9.00,10.00,11.00,12.00,17.00,14.00,23.00,20.00,25.00,27.00,30.00,30.00,28.00,18.00,23.00,14.00,10.00,7.00,5.00,11.00,19.00
08/29/13,Smoke USFS R1-53,47.8271,-112.1965,https://wrcc.dri.edu/cgi-bin/rawMAIN4.pl?ids153+29+08+13+M,158,169,142,1.1,29,22.1,35.7,10.8,58,91,20,882.1,11.8,12.0,11.8,2.00,24:00,https://tools.airfire.org/monitor-qc-report/v4/wrcc?unitID=s153,153.00,151.00,156.00,166.00,167.00,166.00,164.00,163.00,163.00,163.00,163.00,163.00,165.00,168.00,169.00,169.00,167.00,156.00,150.00,147.00,147.00,146.00,145.00,144.00
08/29/13,Smoke USFS R1-39,47.4929,-112.3973,https://wrcc.dri.edu/cgi-bin/rawMAIN4.pl?ids139+29+08+13+M,7,13,2,1.1,169,21.2,35.0,10.4,53,82,16,874.9,14.2,14.3,14.0,2.00,24:00,https://tools.airfire.org/monitor-qc-report/v4/wrcc?unitID=s139,8.00,2.00,3.00,3.00,3.00,4.00,5.00,5.00,6.00,7.00,8.00,8.00,8.00,9.00,10.00,13.00,12.00,8.00,4.00,5.00,6.00,7.00,7.00,6.00
