,,Position (Deg.),,,Concentration (µg/m3),,,Wind,,Air Temperature (Deg. C.),,,Humidity (Percent),,,Barometer,Battery Voltage (volts),,,Air Flow (totalizer),,,Concentration by Hour,,,,,,,,,,,,,,,,,,,,,,,
Date,Station,Latitude,Longitude,Station Chart Link,Mean,Max,Min,Ave Vel. (m/s),V. Dir. (Deg),Mean,Max,Min,Mean,Max,Min,Baro. Pressure (mbars),Mean,Max,Min,Mean,Time of latest ob,Airfire QC Report Link,0:00,1:00,2:00,3:00,4:00,5:00,6:00,7:00,8:00,9:00,10:00,11:00,12:00,13:00,14:00,15:00,16:00,17:00,18:00,19:00,20:00,21:00,22:00,23:00
05/03/17,Smoke #13,39.6465,-106.3888,https://wrcc.dri.edu/cgi-bin/rawMAIN4.pl?idsm13+03+05+17+M,1,4,0,0.3,2,78.2,88.7,72.6,68,90,23,751.4,14.3,14.4,14.1,2.00,24:00,https://tools.airfire.org/monitor-qc-report/v4/wrcc?unitID=sm13,1.00,0.00,0.00,0.00,0.00,0.00,0.00,1.00,1.00,0.00,1.00,1.00,1.00,1.00,1.00,1.00,1.00,1.00,1.00,2.00,3.00,3.00,4.00,4.00
05/03/17,Smoke RMK 113 (Smoke #16),31.212,-82.3852,https://wrcc.dri.edu/cgi-bin/rawMAIN4.pl?idsm16+03+05+17+M,19,120,0,1.2,358,24.4,37.0,12.7,51,88,20,-9999,14.1,14.2,14.0,2.00,24:00,https://tools.airfire.org/monitor-qc-report/v2/wrcc?unitID=sm16,6.00,0.00,2.00,0.00,0.00,0.00,0.00,14.00,120.00,82.00,41.00,0.00,5.00,3.00,4.00,12.00,17.00,21.00,21.00,22.00,23.00,23.00,19.00,13.00
05/03/17,Smoke RMK 118 (Smoke #23),30.8324,-82.0041,https://wrcc.dri.edu/cgi-bin/rawMAIN4.pl?idsm23+03+05+17+M,41,214,1,0.8,134,27.3,38.6,17.4,52,91,16,1013.0,14.0,14.1,13.9,2.00,24:00,https://tools.airfire.org/monitor-qc-report/v2/wrcc?unitID=sm23,2.00,1.00,2.00,4.00,4.00,4.00,4.00,4.00,5.00,103.00,214.00,190.00,128.00,120.00,109.00,41.00,12.00,7.00,5.00,5.00,5.00,3.00,4.00,6.00
05/03/17,Smoke RMK 119 (Smoke #24),39.7143,-105.1239,https://wrcc.dri.edu/cgi-bin/rawMAIN4.pl?idsm24+03+05+17+M,0,2,0,0.3,2,9.9,18.9,5.1,0,1,0,827.9,14.4,14.4,14.2,2.00,24:00,https://tools.airfire.org/monitor-qc-report/v2/wrcc?unitID=sm24,0.00,0.00,0.00,0.00,0.00,0.00,0.00,0.00,0.00,0.00,0.00,0.00,0.00,0.00,0.00,0.00,0.00,0.00,0.00,0.00,0.00,0.00,0.00,1.00
05/03/17,Smoke RMK 121 (Smoke #68),37.0558,-88.1199,https://wrcc.dri.edu/cgi-bin/rawMAIN4.pl?idsm68+03+05+17+M,1,2,0,0.7,-9999,13.4,18.3,10.4,67,82,53,997.2,14.4,14.4,14.3,2.00,15:00,https://tools.airfire.org/monitor-qc-report/v2/wrcc?unitID=sm68,0.00,0.00,1.00,1.00,1.00,1.00,1.00,1.00,2.00,2.00,1.00,1.00,1.00,1.00,0.00,0.00,-9999,-9999,-9999,-9999,-9999,-9999,-9999,-9999
05/03/17,Smoke USFS R1-53,48.8978,-115.0584,https://wrcc.dri.edu/cgi-bin/rawMAIN4.pl?ids153+03+05+17+M,1,2,1,1.4,262,12.2,20.3,4.0,56,83,34,929.6,14.3,14.4,14.2,2.00,24:00,https://tools.airfire.org/monitor-qc-report/v4/wrcc?unitID=s153,4.00,2.00,1.00,1.00,1.00,1.00,1.00,1.00,1.00,1.00,2.00,1.00,1.00,2.00,1.00,1.00,1.00,2.00,1.00,1.00,2.00,2.00,2.00,2.00
05/03/17,Smoke USFS R2-69,38.9792,-105.3531,https://wrcc.dri.edu/cgi-bin/rawMAIN4.pl?ids269+03+05+17+M,1,3,0,0.3,1,5.6,13.1,-0.3,0,1,0,756.8,14.4,14.4,14.3,2.00,24:00,https://tools.airfire.org/monitor-qc-report/v4/wrcc?unitID=s269,0.00,0.00,0.00,0.00,0.00,0.00,0.00,1.00,2.00,2.00,2.00,3.00,1.00,2.00,1.00,1.00,0.00,0.00,0.00,0.00,0.00,0.00,0.00,0.00
05/03/17,Smoke USFS R3-28,35.6715,-105.9557,https://wrcc.dri.edu/cgi-bin/rawMAIN4.pl?ids328+03+05+17+M,1,25,-5,1.4,-9999,12.9,19.2,4.2,0,-9999,-9999,-9999,14.3,14.4,14.3,16.70,24:00,https://tools.airfire.org/monitor-qc-report/v4/wrcc?unitID=s328,2.00,-5.00,-2.00,-9999,2.00,0.00,-4.00,1.00,-4.00,-1.00,-5.00,3.00,-5.00,2.00,12.00,25.00,7.00,2.00,0.00,1.00,2.00,-5.00,1.00,-5.00
05/03/17,Smoke USFS R3-86,35.687,-105.8956,https://wrcc.dri.edu/cgi-bin/rawMAIN4.pl?ids386+03+05+17+M,0,13,-5,0.5,343,13.3,22.5,1.3,0,-9999,-9999,-9999,14.2,14.2,14.1,16.69,24:00,https://tools.airfire.org/monitor-qc-report/v4/wrcc?unitID=s386,2.00,0.00,-3.00,4.00,0.00,-4.00,-2.00,0.00,-2.00,3.00,-5.00,0.00,4.00,-3.00,-5.00,-4.00,13.00,6.00,5.00,1.00,2.00,1.00,-3.00,-5.00
05/03/17,Smoke USFS R2-265,40.7421,-105.5082,https://wrcc.dri.edu/cgi-bin/rawMAIN4.pl?id2265+03+05+17+M,364,1000,0,1.2,-9999,7.4,16.3,2.1,72,98,31,774.1,14.3,14.4,14.2,2.00,24:00,https://tools.airfire.org/monitor-qc-report/v4/wrcc?unitID=2265,0.00,0.00,0.00,-9999,1000.00,1000.00,1000.00,1000.00,1000.00,1000.00,1000.00,0.00,0.00,0.00,0.00,-9999,0.00,0.00,0.00,0.00,0.00,0.00,0.00,1000.00
