,,Position (Deg.),,,Concentration (µg/m3),,,Wind,,Air Temperature (Deg. C.),,,Humidity (Percent),,,Barometer,Battery Voltage (volts),,,Air Flow (totalizer),,,Concentration by Hour,,,,,,,,,,,,,,,,,,,,,,,
Date,Station,Latitude,Longitude,Station Chart Link,Mean,Max,Min,Ave Vel. (m/s),V. Dir. (Deg),Mean,Max,Min,Mean,Max,Min,Baro. Pressure (mbars),Mean,Max,Min,Mean,Time of latest ob,Airfire QC Report Link,0:00,1:00,2:00,3:00,4:00,5:00,6:00,7:00,8:00,9:00,10:00,11:00,12:00,13:00,14:00,15:00,16:00,17:00,18:00,19:00,20:00,21:00,22:00,23:00
11/15/15,Smoke RMK 118 (Smoke #23),39.8891,-105.7624,https://wrcc.dri.edu/cgi-bin/rawMAIN4.pl?idsm23+15+11+15+M,0,1,0,2.2,204,-0.9,9.8,-7.3,60,77,25,720.6,14.4,14.4,14.2,2.00,24:00,https://tools.airfire.org/monitor-qc-report/v2/wrcc?unitID=sm23,0.00,0.00,0.00,0.00,0.00,0.00,0.00,0.00,0.00,0.00,1.00,1.00,1.00,1.00,1.00,1.00,1.00,0.00,0.00,0.00,0.00,0.00,0.00,0.00
11/15/15,Smoke RMK 131 (USFS R2-924),39.1002,-105.0937,https://wrcc.dri.edu/cgi-bin/rawMAIN4.pl?id2924+15+11+15+M,2,5,0,1.7,172,1.7,12.2,-6.0,47,72,17,762.6,14.4,14.4,14.4,2.00,24:00,https://tools.airfire.org/monitor-qc-report/v2/wrcc?unitID=2924,0.00,4.00,2.00,4.00,5.00,3.00,2.00,1.00,1.00,2.00,4.00,4.00,3.00,2.00,0.00,2.00,1.00,2.00,0.00,0.00,0.00,0.00,0.00,0.00
11/15/15,Smoke USFS R1-52,47.5353,-113.721,https://wrcc.dri.edu/cgi-bin/rawMAIN4.pl?ids152+15+11+15+M,11,36,0,0.6,91,4.4,11.1,0.0,76,96,41,875.4,14.4,14.4,14.3,2.00,24:00,https://tools.airfire.org/monitor-qc-report/v4/wrcc?unitID=s152,1.00,4.00,13.00,26.00,33.00,25.00,11.00,36.00,21.00,21.00,13.00,7.00,3.00,12.00,19.00,9.00,9.00,8.00,2.00,2.00,0.00,0.00,0.00,0.00
11/15/15,Smoke USFS R2-69,38.9792,-105.3531,https://wrcc.dri.edu/cgi-bin/rawMAIN4.pl?ids269+15+11+15+M,4,9,0,0.3,1,-0.9,13.4,-11.6,0,1,0,753.0,14.4,14.4,14.3,2.00,24:00,https://tools.airfire.org/monitor-qc-report/v4/wrcc?unitID=s269,5.00,8.00,6.00,5.00,2.00,4.00,5.00,9.00,4.00,5.00,3.00,3.00,5.00,7.00,9.00,7.00,0.00,0.00,0.00,0.00,1.00,4.00,2.00,2.00
11/15/15,Smoke USFS R3-28,35.6715,-105.9557,https://wrcc.dri.edu/cgi-bin/rawMAIN4.pl?ids328+15+11+15+M,-41622,17,-999000,-40.1,83,-36.6,11.4,-998.9,-42,0,-999,-10.0,-27.9,14.4,-999.0,-25.61,24:00,https://tools.airfire.org/monitor-qc-report/v4/wrcc?unitID=s328,-1.00,-5.00,-4.00,-1.00,3.00,3.00,5.00,3.00,-1.00,1.00,1.00,2.00,0.00,6.00,2.00,4.00,14.00,17.00,15.00,2.00,-5.00,-5.00,9.00,-999000.00
11/15/15,Smoke USFS R1-306,45.4119,-116.3294,https://wrcc.dri.edu/cgi-bin/rawMAIN4.pl?id1306+15+11+15+M,3,5,0,1.8,273,11.0,19.0,5.9,56,76,24,-9999,14.3,14.4,14.2,2.00,24:00,https://tools.airfire.org/monitor-qc-report/v4/wrcc?unitID=1306,2.00,2.00,3.00,4.00,5.00,4.00,4.00,3.00,3.00,3.00,3.00,5.00,4.00,3.00,2.00,2.00,2.00,1.00,1.00,2.00,2.00,1.00,0.00,0.00
11/15/15,Smoke USFS R2-264,39.9192,-105.7845,https://wrcc.dri.edu/cgi-bin/rawMAIN4.pl?id2264+15+11+15+M,1,5,0,1.2,162,-1.9,11.6,-11.5,66,89,26,733.3,14.4,14.4,14.3,2.00,24:00,https://tools.airfire.org/monitor-qc-report/v4/wrcc?unitID=2264,0.00,1.00,2.00,1.00,0.00,1.00,0.00,0.00,0.00,0.00,0.00,0.00,2.00,5.00,3.00,0.00,0.00,0.00,0.00,0.00,0.00,0.00,0.00,0.00
11/15/15,Smoke USFS R2-265,39.9101,-105.7978,https://wrcc.dri.edu/cgi-bin/rawMAIN4.pl?id2265+15+11+15+M,0,1,0,0.5,259,-2.0,12.8,-9.5,66,88,26,727.2,14.4,14.4,14.3,2.00,24:00,https://tools.airfire.org/monitor-qc-report/v4/wrcc?unitID=2265,0.00,0.00,0.00,0.00,0.00,0.00,0.00,0.00,0.00,0.00,0.00,0.00,0.00,0.00,0.00,0.00,0.00,1.00,0.00,0.00,0.00,0.00,0.00,0.00
