,,Position (Deg.),,,Concentration (µg/m3),,,Wind,,Air Temperature (Deg. C.),,,Humidity (Percent),,,Barometer,Battery Voltage (volts),,,Air Flow (totalizer),,,Concentration by Hour,,,,,,,,,,,,,,,,,,,,,,,
Date,Station,Latitude,Longitude,Station Chart Link,Mean,Max,Min,Ave Vel. (m/s),V. Dir. (Deg),Mean,Max,Min,Mean,Max,Min,Baro. Pressure (mbars),Mean,Max,Min,Mean,Time of latest ob,Airfire QC Report Link,0:00,1:00,2:00,3:00,4:00,5:00,6:00,7:00,8:00,9:00,10:00,11:00,12:00,13:00,14:00,15:00,16:00,17:00,18:00,19:00,20:00,21:00,22:00,23:00
07/17/24,Smoke RMK 105 (Smoke #17),39.7144,-105.124,https://wrcc.dri.edu/cgi-bin/rawMAIN4.pl?idsm17+17+07+24+M,6,9,4,1.2,333,26.3,32.5,19.8,36,50,24,6.2,14.5,14.5,14.5,2.00,24:00,https://tools.airfire.org/monitor-qc-report/v2/wrcc?unitID=sm17,3.00,4.00,4.00,4.00,4.00,5.00,5.00,5.00,5.00,5.00,5.00,5.00,6.00,7.00,6.00,7.00,7.00,7.00,9.00,8.00,6.00,6.00,7.00,6.00
07/17/24,Smoke RMK 106 (Smoke #66),38.2385,-112.2244,https://wrcc.dri.edu/cgi-bin/rawMAIN4.pl?idsm66+17+07+24+M,0,1,0,0.8,-9999,23.5,33.4,16.0,51,71,27,820.6,14.5,14.5,14.4,2.00,18:00,https://tools.airfire.org/monitor-qc-report/v2/wrcc?unitID=sm66,0.00,0.00,0.00,0.00,0.00,0.00,0.00,1.00,1.00,1.00,1.00,1.00,0.00,1.00,0.00,0.00,0.00,0.00,0.00,-9999,-9999,-9999,-9999,-9999
07/17/24,Smoke RMK 109 (Smoke #84),39.7144,-105.1239,https://wrcc.dri.edu/cgi-bin/rawMAIN4.pl?ids284+17+07+24+M,6,6,5,1.6,-9999,32.4,33.1,31.9,20,22,18,831.8,14.5,14.5,14.5,1.90,24:00,https://tools.airfire.org/monitor-qc-report/v2/wrcc?unitID=s284,-9999,-9999,-9999,-9999,-9999,-9999,-9999,-9999,-9999,-9999,-9999,-9999,-9999,-9999,-9999,-9999,-9999,-9999,-9999,-9999,-9999,-9999,6.00,6.00
07/17/24,Smoke RMK 110 (Smoke #215),46.5707,-111.5701,https://wrcc.dri.edu/cgi-bin/rawMAIN4.pl?ids215+17+07+24+M,17,21,11,2.2,-9999,35.9,38.3,33.7,24,30,20,881.8,14.5,14.5,14.4,1.92,24:00,https://tools.airfire.org/monitor-qc-report/v2/wrcc?unitID=s215,-9999,-9999,-9999,-9999,-9999,-9999,-9999,-9999,-9999,-9999,-9999,-9999,-9999,-9999,-9999,-9999,-9999,-9999,-9999,-9999,17.00,21.00,21.00,11.00
07/17/24,Smoke RMK 112 (Smoke #11),48.3086,-120.6567,https://wrcc.dri.edu/cgi-bin/rawMAIN4.pl?idsm11+17+07+24+M,63,216,32,0.6,10,25.1,34.9,19.8,45,56,25,969.4,14.4,14.5,14.4,2.00,24:00,https://tools.airfire.org/monitor-qc-report/v2/wrcc?unitID=sm11,109.00,38.00,49.00,41.00,32.00,37.00,35.00,32.00,40.00,39.00,32.00,37.00,36.00,44.00,49.00,38.00,36.00,33.00,37.00,47.00,96.00,132.00,162.00,185.00
07/17/24,Smoke RMK 113 (Smoke #16),38.4505,-112.2277,https://wrcc.dri.edu/cgi-bin/rawMAIN4.pl?idsm16+17+07+24+M,11,23,3,0.7,123,21.2,33.7,11.4,53,82,20,825.4,14.5,14.5,14.4,2.00,24:00,https://tools.airfire.org/monitor-qc-report/v2/wrcc?unitID=sm16,7.00,6.00,5.00,5.00,7.00,14.00,19.00,21.00,23.00,20.00,19.00,18.00,19.00,19.00,16.00,12.00,7.00,5.00,5.00,3.00,6.00,5.00,4.00,6.00
07/17/24,Smoke RMK 115 (Smoke #20),39.7144,-105.1239,https://wrcc.dri.edu/cgi-bin/rawMAIN4.pl?idsm20+17+07+24+M,6,9,3,1.2,325,25.4,31.9,19.3,33,45,21,6.2,14.5,14.5,14.4,2.00,24:00,https://tools.airfire.org/monitor-qc-report/v2/wrcc?unitID=sm20,4.00,3.00,4.00,4.00,5.00,4.00,5.00,5.00,5.00,5.00,5.00,5.00,5.00,6.00,6.00,6.00,7.00,7.00,8.00,9.00,8.00,6.00,6.00,7.00
07/17/24,Smoke RMK 116 (Smoke #21),39.7143,-105.124,https://wrcc.dri.edu/cgi-bin/rawMAIN4.pl?idsm21+17+07+24+M,6,8,4,1.7,-9999,30.7,31.7,29.7,23,26,20,832.1,14.5,14.5,14.5,1.75,24:00,https://tools.airfire.org/monitor-qc-report/v2/wrcc?unitID=sm21,-9999,-9999,-9999,-9999,-9999,-9999,-9999,-9999,-9999,-9999,-9999,-9999,-9999,-9999,-9999,-9999,-9999,-9999,-9999,-9999,-9999,4.00,8.00,7.00
07/17/24,Smoke RMK 118 (Smoke #23),46.3153,-111.518,https://wrcc.dri.edu/cgi-bin/rawMAIN4.pl?idsm23+17+07+24+M,13,17,8,1.7,-9999,37.5,38.9,36.8,16,17,14,6.6,14.5,14.5,14.4,1.77,24:00,https://tools.airfire.org/monitor-qc-report/v2/wrcc?unitID=sm23,-9999,-9999,-9999,-9999,-9999,-9999,-9999,-9999,-9999,-9999,-9999,-9999,-9999,-9999,-9999,-9999,-9999,-9999,-9999,-9999,-9999,-9999,8.00,13.00
07/17/24,Smoke RMK 119 (Smoke #24),39.7144,-105.1239,https://wrcc.dri.edu/cgi-bin/rawMAIN4.pl?idsm24+17+07+24+M,6,9,3,1.2,315,23.9,30.3,17.7,40,52,28,831.0,14.5,14.6,14.5,2.00,24:00,https://tools.airfire.org/monitor-qc-report/v2/wrcc?unitID=sm24,4.00,3.00,4.00,4.00,4.00,4.00,5.00,5.00,5.00,5.00,5.00,5.00,5.00,6.00,7.00,6.00,7.00,7.00,8.00,9.00,8.00,6.00,6.00,7.00
07/17/24,Smoke RMK 121 (Smoke #68),47.8999,-120.1411,https://wrcc.dri.edu/cgi-bin/rawMAIN4.pl?idsm68+17+07+24+M,35,83,8,0.8,7,27.2,39.6,17.2,41,64,13,966.2,14.5,14.5,14.4,2.00,24:00,https://tools.airfire.org/monitor-qc-report/v2/wrcc?unitID=sm68,10.00,9.00,8.00,9.00,11.00,9.00,8.00,8.00,8.00,8.00,8.00,14.00,25.00,45.00,55.00,59.00,77.00,75.00,78.00,81.00,83.00,70.00,45.00,26.00
07/17/24,Smoke RMK 122 (Smoke #69),43.9978,-121.4054,https://wrcc.dri.edu/cgi-bin/rawMAIN4.pl?idsm69+17+07+24+M,4,7,2,0.9,162,22.7,34.0,12.7,49,79,13,874.0,14.4,14.5,14.4,2.00,24:00,https://tools.airfire.org/monitor-qc-report/v2/wrcc?unitID=sm69,3.00,4.00,5.00,7.00,3.00,2.00,3.00,3.00,3.00,3.00,3.00,3.00,4.00,4.00,4.00,5.00,5.00,6.00,4.00,3.00,2.00,2.00,2.00,2.00
07/17/24,Smoke RMK 127 (Smoke #454),40.6233,-111.2283,https://wrcc.dri.edu/cgi-bin/rawMAIN4.pl?ids454+17+07+24+M,7,12,4,1.2,358,24.6,35.3,14.6,39,64,18,799.0,14.5,14.5,14.4,2.00,24:00,https://tools.airfire.org/monitor-qc-report/v2/wrcc?unitID=s454,5.00,5.00,6.00,6.00,6.00,7.00,8.00,9.00,11.00,11.00,12.00,11.00,9.00,7.00,9.00,8.00,7.00,6.00,6.00,5.00,4.00,5.00,6.00,6.00
07/17/24,Smoke USFS R1-53,46.7815,-114.0107,https://wrcc.dri.edu/cgi-bin/rawMAIN4.pl?ids153+17+07+24+M,10,14,5,1.3,-9999,38.5,40.2,35.0,9,12,8,896.2,14.0,14.1,14.0,1.94,24:00,https://tools.airfire.org/monitor-qc-report/v4/wrcc?unitID=s153,-9999,-9999,-9999,-9999,-9999,-9999,-9999,-9999,-9999,-9999,-9999,-9999,-9999,-9999,-9999,-9999,-9999,-9999,-9999,-9999,5.00,11.00,14.00,11.00
07/17/24,Smoke USFS R1-39,46.9268,-114.0961,https://wrcc.dri.edu/cgi-bin/rawMAIN4.pl?ids139+17+07+24+M,3,20,0,1.0,-9999,32.8,45.2,21.8,30,53,10,908.6,14.1,14.4,13.6,2.00,14:00,https://tools.airfire.org/monitor-qc-report/v4/wrcc?unitID=s139,22.00,20.00,7.00,5.00,3.00,1.00,0.00,0.00,0.00,0.00,0.00,0.00,0.00,0.00,0.00,-9999,-9999,-9999,-9999,-9999,-9999,-9999,-9999,-9999
07/17/24,Smoke USFS R3-86,35.6871,-105.8956,https://wrcc.dri.edu/cgi-bin/rawMAIN4.pl?ids386+17+07+24+M,3,16,-5,0.5,35,13.9,23.7,5.5,1,-9999,-9999,-9999,13.8,13.8,13.7,16.70,24:00,https://tools.airfire.org/monitor-qc-report/v4/wrcc?unitID=s386,2.00,-5.00,0.00,-1.00,4.00,2.00,5.00,7.00,-1.00,7.00,1.00,8.00,6.00,7.00,0.00,0.00,16.00,7.00,9.00,-1.00,8.00,0.00,-2.00,4.00
07/17/24,Smoke RMK 406 (EBAM #949),39.7144,-105.124,https://wrcc.dri.edu/cgi-bin/rawMAIN4.pl?ide949+17+07+24+M,7,14,2,1.1,-9999,19.9,27.1,14.8,43,54,31,-9999,11.7,11.7,11.7,12.49,19:00,https://tools.airfire.org/monitor-qc-report/v2/wrcc?unitID=e949,4.00,2.00,6.00,14.00,9.00,6.00,6.00,9.00,9.00,10.00,5.00,3.00,8.00,5.00,4.00,10.00,6.00,5.00,11.00,9.00,-9999,-9999,-9999,-9999
07/17/24,AQB Smoke EBAM T-3,33.2986,-105.6602,https://wrcc.dri.edu/cgi-bin/rawMAIN4.pl?ideat3+17+07+24+M,6,12,-4,1.2,344,23.4,35.9,12.3,0,-9999,-9999,-9999,14.4,14.4,14.4,16.70,24:00,https://tools.airfire.org/monitor-qc-report/v4/wrcc?unitID=eat3,9.00,0.00,6.00,2.00,12.00,12.00,9.00,11.00,7.00,9.00,1.00,5.00,10.00,4.00,3.00,8.00,5.00,-4.00,2.00,2.00,11.00,8.00,-1.00,2.00
