,,Position (Deg.),,,Concentration (µg/m3),,,Wind,,Air Temperature (Deg. C.),,,Humidity (Percent),,,Barometer,Battery Voltage (volts),,,Air Flow (totalizer),,,Concentration by Hour,,,,,,,,,,,,,,,,,,,,,,,
Date,Station,Latitude,Longitude,Station Chart Link,Mean,Max,Min,Ave Vel. (m/s),V. Dir. (Deg),Mean,Max,Min,Mean,Max,Min,Baro. Pressure (mbars),Mean,Max,Min,Mean,Time of latest ob,Airfire QC Report Link,0:00,1:00,2:00,3:00,4:00,5:00,6:00,7:00,8:00,9:00,10:00,11:00,12:00,13:00,14:00,15:00,16:00,17:00,18:00,19:00,20:00,21:00,22:00,23:00
01/31/12,Smoke RMK 104 (Smoke #15),33.2163,-86.1578,https://wrcc.dri.edu/cgi-bin/rawMAIN4.pl?idsm15+31+01+12+M,-999000,-99900,-999000,-998.9,-9999,-998.9,-99.9,-998.9,-999,-100,-999,-10.0,-999.0,-99.9,-999.0,-998.90,22:00,https://tools.airfire.org/monitor-qc-report/v2/wrcc?unitID=sm15,-9999,-9999,-9999,-9999,-9999,-9999,-9999,-9999,-9999,-9999,-9999,-9999,-9999,-9999,-9999,-9999,-9999,-9999,-999000.00,-999000.00,-999000.00,-999000.00,-999000.00,-9999
01/31/12,Smoke RMK 107 (Smoke #67),43.565,-116.2087,https://wrcc.dri.edu/cgi-bin/rawMAIN4.pl?idsm67+31+01+12+M,43565,43565,43565,43.6,-9999,18.0,-9999,-9999,44,-9999,-9999,-1.2,31.0,31.0,31.0,31.00,20:00,https://tools.airfire.org/monitor-qc-report/v2/wrcc?unitID=sm67,0.00,-9999,-9999,-9999,-9999,-9999,-9999,-9999,-9999,-9999,-9999,-9999,-9999,-9999,-9999,-9999,-9999,-9999,-9999,-9999,43565.02,-9999,-9999,-9999
01/31/12,Smoke RMK 113 (Smoke #16),33.6294,-85.7479,https://wrcc.dri.edu/cgi-bin/rawMAIN4.pl?idsm16+31+01+12+M,461,938,7,0.6,-9999,8.2,20.3,2.0,60,81,34,-9999,12.2,12.9,11.4,1.99,22:00,https://tools.airfire.org/monitor-qc-report/v2/wrcc?unitID=sm16,0.00,29.00,224.00,795.00,937.00,937.00,937.00,929.00,938.00,938.00,865.00,622.00,356.00,168.00,-9999,-9999,-9999,11.00,7.00,17.00,19.00,23.00,8.00,-9999
01/31/12,Smoke RMK 114 (Smoke #19),43.565,-116.2087,https://wrcc.dri.edu/cgi-bin/rawMAIN4.pl?idsm19+31+01+12+M,1,6,0,1.7,107,6.5,16.3,1.5,46,57,25,-9999,14.4,14.4,14.2,1.98,24:00,https://tools.airfire.org/monitor-qc-report/v2/wrcc?unitID=sm19,0.00,0.00,2.00,1.00,0.00,0.00,0.00,0.00,0.00,0.00,0.00,0.00,0.00,0.00,0.00,0.00,0.00,6.00,4.00,2.00,0.00,0.00,0.00,0.00
01/31/12,Smoke RMK 118 (Smoke #23),33.2498,-86.1484,https://wrcc.dri.edu/cgi-bin/rawMAIN4.pl?idsm23+31+01+12+M,11,20,4,1.1,-9999,19.2,20.8,15.8,42,65,34,-9999,12.7,12.7,12.5,1.99,24:00,https://tools.airfire.org/monitor-qc-report/v2/wrcc?unitID=sm23,-9999,-9999,-9999,-9999,-9999,-9999,-9999,-9999,-9999,-9999,-9999,-9999,-9999,-9999,-9999,-9999,-9999,-9999,6.00,20.00,18.00,17.00,4.00,6.00
01/31/12,Smoke RMK 119 (Smoke #24),33.1996,-86.1927,https://wrcc.dri.edu/cgi-bin/rawMAIN4.pl?idsm24+31+01+12+M,11,63,0,0.9,151,10.9,21.1,4.2,63,91,32,-9999,14.3,14.4,14.2,2.00,24:00,https://tools.airfire.org/monitor-qc-report/v2/wrcc?unitID=sm24,1.00,1.00,1.00,0.00,0.00,0.00,0.00,0.00,0.00,0.00,0.00,1.00,1.00,2.00,6.00,6.00,10.00,13.00,6.00,12.00,23.00,63.00,45.00,31.00
01/31/12,Smoke #25,46.9251,-114.0923,https://wrcc.dri.edu/cgi-bin/rawMAIN4.pl?idsm25+31+01+12+M,2,9,0,0.9,343,1.4,5.0,-2.7,94,100,84,-9999,14.4,14.4,14.4,2.00,24:00,https://tools.airfire.org/monitor-qc-report/v4/wrcc?unitID=sm25,0.00,0.00,0.00,0.00,0.00,1.00,1.00,1.00,0.00,0.00,1.00,1.00,1.00,2.00,3.00,4.00,4.00,6.00,9.00,5.00,4.00,3.00,2.00,0.00
01/31/12,Smoke RMK 122 (Smoke #69),33.3219,-86.1968,https://wrcc.dri.edu/cgi-bin/rawMAIN4.pl?idsm69+31+01+12+M,13,25,4,1.9,-9999,18.9,20.9,14.6,34,37,25,-9999,12.4,12.5,12.3,1.88,22:00,https://tools.airfire.org/monitor-qc-report/v2/wrcc?unitID=sm69,-9999,-9999,-9999,-9999,-9999,-9999,-9999,-9999,-9999,-9999,-9999,-9999,-9999,-9999,-9999,-9999,-9999,9.00,9.00,4.00,5.00,25.00,24.00,-9999
