,,Position (Deg.),,,Concentration (µg/m3),,,Wind,,Air Temperature (Deg. C.),,,Humidity (Percent),,,Barometer,Battery Voltage (volts),,,Air Flow (totalizer),,,Concentration by Hour,,,,,,,,,,,,,,,,,,,,,,,
Date,Station,Latitude,Longitude,Station Chart Link,Mean,Max,Min,Ave Vel. (m/s),V. Dir. (Deg),Mean,Max,Min,Mean,Max,Min,Baro. Pressure (mbars),Mean,Max,Min,Mean,Time of latest ob,Airfire QC Report Link,0:00,1:00,2:00,3:00,4:00,5:00,6:00,7:00,8:00,9:00,10:00,11:00,12:00,13:00,14:00,15:00,16:00,17:00,18:00,19:00,20:00,21:00,22:00,23:00
07/26/21,Smoke RMK 107 (Smoke #67),38.9941,-119.1613,https://wrcc.dri.edu/cgi-bin/rawMAIN4.pl?idsm67+26+07+21+M,39,117,14,1.6,152,26.7,37.7,18.0,28,47,10,860.0,14.1,14.2,14.0,2.00,24:00,https://tools.airfire.org/monitor-qc-report/v2/wrcc?unitID=sm67,34.00,39.00,33.00,34.00,42.00,41.00,29.00,18.00,15.00,14.00,18.00,19.00,21.00,26.00,27.00,28.00,28.00,33.00,45.00,53.00,68.00,117.00,71.00,67.00
07/26/21,Smoke RMK 109 (Smoke #84),48.5861,-120.41,https://wrcc.dri.edu/cgi-bin/rawMAIN4.pl?ids284+26+07+21+M,119,409,2,0.8,60,23.1,32.4,16.2,32,46,17,932.7,14.1,14.2,14.0,1.83,24:00,https://tools.airfire.org/monitor-qc-report/v2/wrcc?unitID=s284,10.00,3.00,3.00,4.00,2.00,4.00,48.00,64.00,105.00,96.00,45.00,81.00,236.00,155.00,409.00,114.00,46.00,156.00,239.00,219.00,150.00,155.00,222.00,185.00
07/26/21,Smoke RMK 113 (Smoke #16),39.7144,-105.1239,https://wrcc.dri.edu/cgi-bin/rawMAIN4.pl?idsm16+26+07+21+M,12,20,2,1.0,-9999,27.4,39.4,18.4,39,59,10,828.7,14.1,14.2,13.9,2.00,22:00,https://tools.airfire.org/monitor-qc-report/v2/wrcc?unitID=sm16,16.00,10.00,14.00,12.00,11.00,13.00,16.00,14.00,15.00,12.00,17.00,20.00,14.00,13.00,2.00,8.00,6.00,6.00,7.00,15.00,14.00,7.00,7.00,-9999
07/26/21,Smoke RMK 116 (Smoke #21),39.7143,-105.124,https://wrcc.dri.edu/cgi-bin/rawMAIN4.pl?idsm21+26+07+21+M,0,0,0,1.1,-9999,38.2,38.3,38.1,10,11,9,-9999,14.0,14.0,14.0,1.80,24:00,https://tools.airfire.org/monitor-qc-report/v2/wrcc?unitID=sm21,-9999,-9999,-9999,-9999,-9999,-9999,-9999,-9999,-9999,-9999,-9999,-9999,-9999,-9999,-9999,-9999,-9999,-9999,-9999,-9999,-9999,-9999,-9999,0.00
07/26/21,Smoke RMK 125 (Smoke #216),45.4119,-116.3293,https://wrcc.dri.edu/cgi-bin/rawMAIN4.pl?ids216+26+07+21+M,40,157,16,1.0,160,28.5,39.9,17.6,22,38,10,942.1,14.1,14.2,14.0,2.00,24:00,https://tools.airfire.org/monitor-qc-report/v2/wrcc?unitID=s216,25.00,25.00,26.00,26.00,26.00,27.00,29.00,32.00,31.00,32.00,31.00,31.00,32.00,31.00,32.00,32.00,31.00,49.00,149.00,157.00,59.00,18.00,16.00,16.00
07/26/21,Smoke #86,46.9269,-114.0962,https://wrcc.dri.edu/cgi-bin/rawMAIN4.pl?idsm86+26+07+21+M,9,23,3,0.7,-9999,27.9,43.1,17.6,26,42,10,903.3,14.0,14.1,13.9,2.00,12:00,https://tools.airfire.org/monitor-qc-report/v4/wrcc?unitID=sm86,31.00,23.00,16.00,15.00,11.00,8.00,7.00,7.00,4.00,4.00,3.00,4.00,4.00,-9999,-9999,-9999,-9999,-9999,-9999,-9999,-9999,-9999,-9999,-9999
07/26/21,Smoke USFS R1-52,47.4663,-114.8796,https://wrcc.dri.edu/cgi-bin/rawMAIN4.pl?ids152+26+07+21+M,51,84,6,1.3,100,26.7,41.7,11.3,33,66,8,924.1,14.0,14.3,13.9,2.00,24:00,https://tools.airfire.org/monitor-qc-report/v4/wrcc?unitID=s152,8.00,6.00,8.00,12.00,34.00,84.00,74.00,81.00,78.00,79.00,82.00,80.00,79.00,77.00,72.00,62.00,65.00,65.00,61.00,37.00,14.00,9.00,9.00,21.00
07/26/21,Smoke USFS R1-53,46.5137,-114.091,https://wrcc.dri.edu/cgi-bin/rawMAIN4.pl?ids153+26+07+21+M,54,74,36,0.7,257,22.5,36.6,8.8,54,92,18,886.7,14.2,14.3,14.0,2.00,24:00,https://tools.airfire.org/monitor-qc-report/v4/wrcc?unitID=s153,102.00,74.00,66.00,67.00,70.00,71.00,59.00,61.00,65.00,62.00,58.00,58.00,57.00,51.00,43.00,36.00,39.00,52.00,43.00,42.00,49.00,53.00,39.00,39.00
07/26/21,Smoke USFS R2-65,48.9356,-119.4364,https://wrcc.dri.edu/cgi-bin/rawMAIN4.pl?ids265+26+07+21+M,22,48,5,1.2,8,27.0,36.4,16.9,25,50,9,971.8,14.1,14.2,14.0,2.00,24:00,https://tools.airfire.org/monitor-qc-report/v4/wrcc?unitID=s265,4.00,5.00,12.00,13.00,16.00,21.00,12.00,10.00,9.00,11.00,14.00,31.00,48.00,47.00,45.00,44.00,38.00,26.00,22.00,20.00,12.00,10.00,27.00,24.00
07/26/21,Smoke USFS R3-28,35.6715,-105.9556,https://wrcc.dri.edu/cgi-bin/rawMAIN4.pl?ids328+26+07+21+M,3,31,-5,1.7,351,31.9,-9999,-9999,100,-9999,-9999,-9999,14.1,14.2,14.0,16.69,24:00,https://tools.airfire.org/monitor-qc-report/v4/wrcc?unitID=s328,-1.00,-5.00,-5.00,1.00,4.00,8.00,-2.00,1.00,2.00,3.00,4.00,5.00,-1.00,-2.00,9.00,31.00,16.00,4.00,6.00,-5.00,4.00,4.00,4.00,0.00
07/26/21,Smoke RMK 407 (EBAM #231),39.7144,-105.124,https://wrcc.dri.edu/cgi-bin/rawMAIN4.pl?ide231+26+07+21+M,9,20,-5,1.2,-9999,20.1,25.3,14.9,32,50,3,-9999,14.2,14.3,14.1,16.70,22:00,https://tools.airfire.org/monitor-qc-report/v2/wrcc?unitID=e231,-3.00,-5.00,4.00,6.00,6.00,11.00,10.00,9.00,14.00,3.00,11.00,13.00,11.00,9.00,3.00,9.00,11.00,20.00,9.00,11.00,14.00,14.00,5.00,-9999
07/26/21,Smoke RMK 408 (EBAM #418),39.7144,-105.124,https://wrcc.dri.edu/cgi-bin/rawMAIN4.pl?ide418+26+07+21+M,12,33,-3,1.3,178,22.4,30.9,14.7,32,51,2,-9999,13.7,14.1,13.6,16.06,24:00,https://tools.airfire.org/monitor-qc-report/v2/wrcc?unitID=e418,7.00,-3.00,13.00,5.00,12.00,8.00,13.00,10.00,17.00,10.00,12.00,17.00,11.00,10.00,9.00,13.00,10.00,14.00,12.00,10.00,19.00,15.00,7.00,10.00
07/26/21,Smoke RMK 410 (EBAM #787),43.1221,-121.061,https://wrcc.dri.edu/cgi-bin/rawMAIN4.pl?ide787+26+07+21+M,12,21,5,1.1,31,18.8,32.2,7.7,31,64,8,-9999,14.1,14.2,14.0,16.23,24:00,https://tools.airfire.org/monitor-qc-report/v2/wrcc?unitID=e787,25.00,21.00,18.00,19.00,15.00,15.00,16.00,12.00,19.00,12.00,11.00,6.00,10.00,11.00,10.00,14.00,5.00,8.00,5.00,14.00,10.00,6.00,8.00,5.00
07/26/21,Smoke USFS R1-307,46.7623,-114.0832,https://wrcc.dri.edu/cgi-bin/rawMAIN4.pl?id1307+26+07+21+M,41,67,8,0.8,-9999,24.1,40.4,13.5,34,61,12,-9999,14.1,14.2,13.9,2.00,19:00,https://tools.airfire.org/monitor-qc-report/v4/wrcc?unitID=1307,52.00,51.00,46.00,18.00,8.00,16.00,20.00,22.00,25.00,28.00,31.00,63.00,66.00,60.00,59.00,67.00,61.00,45.00,42.00,46.00,-9999,-9999,-9999,-9999
07/26/21,Smoke USFS 3015,47.6927,-114.1831,https://wrcc.dri.edu/cgi-bin/rawMAIN4.pl?ids315+26+07+21+M,16,23,13,1.8,-9999,36.2,37.4,34.9,17,22,15,910.7,14.1,14.1,14.1,1.98,24:00,https://tools.airfire.org/monitor-qc-report/v4/wrcc?unitID=s315,-9999,-9999,-9999,-9999,-9999,-9999,-9999,-9999,-9999,-9999,-9999,-9999,-9999,-9999,-9999,-9999,-9999,-9999,-9999,23.00,13.00,15.00,14.00,14.00
07/26/21,Lolo NF Smoke #1,47.1951,-114.8944,https://wrcc.dri.edu/cgi-bin/rawMAIN4.pl?idsml1+26+07+21+M,60,88,22,0.8,109,25.9,39.2,12.5,33,68,12,919.2,14.0,14.2,13.9,2.00,24:00,https://tools.airfire.org/monitor-qc-report/v4/wrcc?unitID=sml1,74.00,77.00,86.00,86.00,86.00,88.00,87.00,82.00,78.00,72.00,69.00,66.00,62.00,60.00,57.00,54.00,49.00,47.00,46.00,32.00,23.00,22.00,36.00,41.00
07/26/21,AQB Smoke EBAM T-1,36.7575,-108.1823,https://wrcc.dri.edu/cgi-bin/rawMAIN4.pl?ideat1+26+07+21+M,5,31,-5,0.9,31,23.1,30.6,17.4,1,1,0,-9999,14.0,14.1,13.9,16.70,24:00,https://tools.airfire.org/monitor-qc-report/v4/wrcc?unitID=eat1,-1.00,5.00,31.00,1.00,4.00,10.00,7.00,6.00,7.00,2.00,2.00,10.00,3.00,5.00,3.00,2.00,3.00,-1.00,5.00,2.00,3.00,8.00,2.00,-5.00
07/26/21,AQB Smoke EBAM T-2,36.7576,-108.1823,https://wrcc.dri.edu/cgi-bin/rawMAIN4.pl?ideat2+26+07+21+M,9,38,-5,0.9,-9999,20.9,30.4,13.2,1,1,0,-9999,14.1,14.1,13.9,16.70,24:00,https://tools.airfire.org/monitor-qc-report/v4/wrcc?unitID=eat2,23.00,33.00,-5.00,-2.00,-5.00,-5.00,-3.00,-9999,-5.00,11.00,3.00,-5.00,-4.00,1.00,-2.00,19.00,26.00,38.00,33.00,17.00,8.00,0.00,14.00,21.00
