,,Position (Deg.),,,Concentration (µg/m3),,,Wind,,Air Temperature (Deg. C.),,,Humidity (Percent),,,Barometer,Battery Voltage (volts),,,Air Flow (totalizer),,,Concentration by Hour,,,,,,,,,,,,,,,,,,,,,,,
Date,Station,Latitude,Longitude,Station Chart Link,Mean,Max,Min,Ave Vel. (m/s),V. Dir. (Deg),Mean,Max,Min,Mean,Max,Min,Baro. Pressure (mbars),Mean,Max,Min,Mean,Time of latest ob,Airfire QC Report Link,0:00,1:00,2:00,3:00,4:00,5:00,6:00,7:00,8:00,9:00,10:00,11:00,12:00,13:00,14:00,15:00,16:00,17:00,18:00,19:00,20:00,21:00,22:00,23:00
06/29/13,Smoke RMK 104 (Smoke #15),33.1483,-107.2485,https://wrcc.dri.edu/cgi-bin/rawMAIN4.pl?idsm15+29+06+13+M,7,27,2,1.3,260,34.0,43.7,25.0,22,36,9,866.4,13.9,14.0,13.9,2.00,24:00,https://tools.airfire.org/monitor-qc-report/v2/wrcc?unitID=sm15,2.00,2.00,3.00,3.00,3.00,4.00,6.00,6.00,7.00,7.00,7.00,5.00,6.00,6.00,6.00,6.00,5.00,4.00,3.00,3.00,3.00,8.00,16.00,27.00
06/29/13,Smoke RMK 107 (Smoke #67),36.0177,-106.0655,https://wrcc.dri.edu/cgi-bin/rawMAIN4.pl?idsm67+29+06+13+M,6,19,4,0.6,191,26.6,42.3,17.0,56,100,12,833.3,14.1,14.2,13.9,2.00,24:00,https://tools.airfire.org/monitor-qc-report/v2/wrcc?unitID=sm67,7.00,4.00,4.00,4.00,4.00,4.00,5.00,5.00,5.00,5.00,5.00,6.00,5.00,19.00,9.00,9.00,7.00,6.00,5.00,7.00,9.00,10.00,4.00,6.00
06/29/13,Smoke USFS R9-17,41.9903,-68.3049,https://wrcc.dri.edu/cgi-bin/rawMAIN4.pl?ids917+29+06+13+M,-41621,12,-999000,2.3,73,26.1,100.0,18.4,88,100,63,936.8,13.5,14.2,0.0,2.69,24:00,https://tools.airfire.org/monitor-qc-report/v4/wrcc?unitID=s917,1.00,1.00,1.00,1.00,1.00,-999000.00,1.00,1.00,1.00,1.00,1.00,1.00,0.00,1.00,1.00,6.00,10.00,12.00,12.00,10.00,8.00,5.00,5.00,5.00
06/29/13,Smoke USFS R1-53,46.9269,-114.0962,https://wrcc.dri.edu/cgi-bin/rawMAIN4.pl?ids153+29+06+13+M,0,0,0,1.0,261,26.0,41.4,16.4,52,80,19,907.1,14.2,14.3,14.0,0.00,24:00,https://tools.airfire.org/monitor-qc-report/v4/wrcc?unitID=s153,0.00,0.00,0.00,0.00,0.00,0.00,0.00,0.00,0.00,0.00,0.00,0.00,0.00,0.00,0.00,0.00,0.00,0.00,0.00,0.00,0.00,0.00,0.00,0.00
06/29/13,Smoke USFS R2-65,37.2737,-106.9875,https://wrcc.dri.edu/cgi-bin/rawMAIN4.pl?ids265+29+06+13+M,8,15,0,0.3,-9999,28.2,28.3,28.1,32,44,20,787.5,13.7,14.4,12.9,0.95,24:00,https://tools.airfire.org/monitor-qc-report/v4/wrcc?unitID=s265,-9999,-9999,-9999,-9999,-9999,-9999,-9999,-9999,-9999,-9999,-9999,-9999,-9999,-9999,-9999,-9999,-9999,-9999,-9999,-9999,-9999,-9999,-9999,0.00
06/29/13,Smoke USFS R2-69,37.6769,-106.3409,https://wrcc.dri.edu/cgi-bin/rawMAIN4.pl?ids269+29+06+13+M,21,64,3,0.3,1,20.6,29.0,12.9,1,-9999,-9999,769.6,14.2,14.3,14.0,2.00,24:00,https://tools.airfire.org/monitor-qc-report/v4/wrcc?unitID=s269,41.00,12.00,13.00,3.00,6.00,3.00,7.00,4.00,26.00,30.00,34.00,34.00,27.00,30.00,40.00,64.00,29.00,26.00,19.00,27.00,23.00,7.00,3.00,18.00
06/29/13,Smoke USFS R2-78,37.8466,-106.9261,https://wrcc.dri.edu/cgi-bin/rawMAIN4.pl?ids278+29+06+13+M,100,494,1,0.3,1,17.7,26.2,9.3,0,1,0,744.0,14.2,14.4,14.1,2.00,24:00,https://tools.airfire.org/monitor-qc-report/v4/wrcc?unitID=s278,197.00,494.00,398.00,101.00,7.00,11.00,13.00,11.00,12.00,13.00,12.00,13.00,30.00,54.00,67.00,78.00,116.00,318.00,342.00,238.00,53.00,1.00,3.00,10.00
06/29/13,Smoke USFS R3-28,35.994,-105.3714,https://wrcc.dri.edu/cgi-bin/rawMAIN4.pl?ids328+29+06+13+M,-41611,30,-999000,-40.3,316,-23.7,31.4,-998.9,-41,1,-999,-10.0,-27.8,14.4,-999.0,-25.62,24:00,https://tools.airfire.org/monitor-qc-report/v4/wrcc?unitID=s328,2.00,17.00,17.00,28.00,-999000.00,13.00,7.00,12.00,3.00,9.00,6.00,7.00,20.00,-1.00,21.00,22.00,28.00,30.00,27.00,13.00,14.00,11.00,10.00,12.00
