,,Position (Deg.),,,Concentration (µg/m3),,,Wind,,Air Temperature (Deg. C.),,,Humidity (Percent),,,Barometer,Battery Voltage (volts),,,Air Flow (totalizer),,,Concentration by Hour,,,,,,,,,,,,,,,,,,,,,,,
Date,Station,Latitude,Longitude,Station Chart Link,Mean,Max,Min,Ave Vel. (m/s),V. Dir. (Deg),Mean,Max,Min,Mean,Max,Min,Baro. Pressure (mbars),Mean,Max,Min,Mean,Time of latest ob,Airfire QC Report Link,0:00,1:00,2:00,3:00,4:00,5:00,6:00,7:00,8:00,9:00,10:00,11:00,12:00,13:00,14:00,15:00,16:00,17:00,18:00,19:00,20:00,21:00,22:00,23:00
12/05/17,Smoke RMK 117 (Smoke #22),39.7144,-105.1239,https://wrcc.dri.edu/cgi-bin/rawMAIN4.pl?idsm22+05+12+17+M,2,4,0,1.2,-9999,-1.5,7.5,-5.4,44,64,19,827.6,14.4,14.4,14.3,2.00,19:00,https://tools.airfire.org/monitor-qc-report/v2/wrcc?unitID=sm22,1.00,1.00,1.00,2.00,4.00,4.00,4.00,3.00,4.00,4.00,4.00,3.00,2.00,1.00,0.00,1.00,0.00,0.00,0.00,0.00,-9999,-9999,-9999,-9999
12/05/17,Smoke RMK 119 (Smoke #24),39.7144,-105.1239,https://wrcc.dri.edu/cgi-bin/rawMAIN4.pl?idsm24+05+12+17+M,7,10,3,0.3,-9999,14.3,16.1,11.4,15,19,12,827.0,14.2,14.3,14.2,2.00,24:00,https://tools.airfire.org/monitor-qc-report/v2/wrcc?unitID=sm24,-9999,-9999,-9999,-9999,-9999,-9999,-9999,-9999,-9999,-9999,-9999,-9999,-9999,-9999,-9999,-9999,-9999,-9999,-9999,-9999,-9999,-9999,8.00,10.00
12/05/17,Smoke RMK 125 (Smoke #216),39.7144,-105.1239,https://wrcc.dri.edu/cgi-bin/rawMAIN4.pl?ids216+05+12+17+M,0,0,0,1.4,-9999,12.7,15.7,8.7,18,23,13,828.0,14.2,14.3,14.2,2.00,24:00,https://tools.airfire.org/monitor-qc-report/v2/wrcc?unitID=s216,-9999,-9999,-9999,-9999,-9999,-9999,-9999,-9999,-9999,-9999,-9999,-9999,-9999,-9999,-9999,-9999,-9999,-9999,-9999,-9999,-9999,0.00,0.00,0.00
12/05/17,Smoke RMK 129 (USFS R2-922),38.7102,-108.1508,https://wrcc.dri.edu/cgi-bin/rawMAIN4.pl?id2922+05+12+17+M,5,18,0,0.3,-9999,-0.8,13.2,-9.9,0,-9999,-9999,855.0,14.4,14.4,14.3,2.00,24:00,https://tools.airfire.org/monitor-qc-report/v2/wrcc?unitID=2922,7.00,0.00,0.00,0.00,0.00,0.00,0.00,4.00,11.00,10.00,6.00,5.00,5.00,4.00,-9999,7.00,6.00,6.00,4.00,0.00,0.00,0.00,8.00,18.00
12/05/17,Smoke USFS R2-65,39.389,-105.2734,https://wrcc.dri.edu/cgi-bin/rawMAIN4.pl?ids265+05+12+17+M,4,23,0,0.7,202,-5.2,14.0,-15.2,60,85,12,797.3,14.4,14.4,14.3,2.00,24:00,https://tools.airfire.org/monitor-qc-report/v4/wrcc?unitID=s265,2.00,3.00,2.00,3.00,12.00,2.00,5.00,8.00,3.00,3.00,5.00,9.00,6.00,5.00,6.00,2.00,5.00,23.00,4.00,0.00,0.00,0.00,0.00,0.00
12/05/17,Smoke USFS R2-69,38.9793,-105.353,https://wrcc.dri.edu/cgi-bin/rawMAIN4.pl?ids269+05+12+17+M,1,3,0,0.3,1,-5.4,8.9,-16.2,0,1,0,755.7,14.4,14.4,14.4,2.00,24:00,https://tools.airfire.org/monitor-qc-report/v4/wrcc?unitID=s269,2.00,0.00,1.00,1.00,2.00,1.00,1.00,1.00,2.00,2.00,3.00,2.00,2.00,3.00,3.00,3.00,3.00,0.00,0.00,0.00,0.00,0.00,0.00,0.00
12/05/17,Smoke USFS R3-28,35.6715,-105.9557,https://wrcc.dri.edu/cgi-bin/rawMAIN4.pl?ids328+05+12+17+M,3,13,-5,1.0,-9999,0.7,4.1,-4.2,0,-9999,-9999,-9999,14.3,14.3,14.2,16.69,21:00,https://tools.airfire.org/monitor-qc-report/v4/wrcc?unitID=s328,-5.00,-5.00,6.00,6.00,5.00,8.00,3.00,4.00,2.00,-1.00,-1.00,4.00,2.00,-9999,0.00,-9999,3.00,5.00,3.00,3.00,-9999,13.00,-9999,-9999
12/05/17,Smoke USFS R3-86,35.6871,-105.8956,https://wrcc.dri.edu/cgi-bin/rawMAIN4.pl?ids386+05+12+17+M,11,38,-5,0.3,1,4.7,12.7,-2.2,0,-9999,-9999,-9999,14.4,14.4,14.4,16.70,24:00,https://tools.airfire.org/monitor-qc-report/v4/wrcc?unitID=s386,23.00,20.00,-5.00,15.00,22.00,28.00,18.00,16.00,18.00,-5.00,16.00,-5.00,-5.00,10.00,7.00,-1.00,22.00,-5.00,-5.00,38.00,-5.00,17.00,17.00,30.00
