,,Position (Deg.),,,Concentration (µg/m3),,,Wind,,Air Temperature (Deg. C.),,,Humidity (Percent),,,Barometer,Battery Voltage (volts),,,Air Flow (totalizer),,,Concentration by Hour,,,,,,,,,,,,,,,,,,,,,,,
Date,Station,Latitude,Longitude,Station Chart Link,Mean,Max,Min,Ave Vel. (m/s),V. Dir. (Deg),Mean,Max,Min,Mean,Max,Min,Baro. Pressure (mbars),Mean,Max,Min,Mean,Time of latest ob,Airfire QC Report Link,0:00,1:00,2:00,3:00,4:00,5:00,6:00,7:00,8:00,9:00,10:00,11:00,12:00,13:00,14:00,15:00,16:00,17:00,18:00,19:00,20:00,21:00,22:00,23:00
12/02/18,Smoke RMK 108 (Smoke #456),39.7144,-105.1239,https://wrcc.dri.edu/cgi-bin/rawMAIN4.pl?ids456+02+12+18+M,0,0,0,1.5,-9999,1.3,-9999,-9999,48,-9999,-9999,820.4,14.4,14.4,14.4,2.00,24:00,https://tools.airfire.org/monitor-qc-report/v2/wrcc?unitID=s456,-9999,-9999,-9999,-9999,-9999,-9999,-9999,-9999,-9999,-9999,-9999,-9999,-9999,-9999,-9999,-9999,-9999,-9999,-9999,-9999,-9999,-9999,-9999,-9999
12/02/18,Smoke RMK 116 (Smoke #21),39.7144,-105.124,https://wrcc.dri.edu/cgi-bin/rawMAIN4.pl?idsm21+02+12+18+M,1,3,0,1.4,84,1.2,8.5,-4.8,44,62,28,-9999,14.4,14.4,14.4,2.00,24:00,https://tools.airfire.org/monitor-qc-report/v2/wrcc?unitID=sm21,0.00,0.00,0.00,0.00,1.00,1.00,2.00,2.00,2.00,2.00,2.00,2.00,3.00,3.00,3.00,3.00,2.00,0.00,0.00,0.00,0.00,0.00,0.00,0.00
12/02/18,Smoke RMK 125 (Smoke #216),39.5141,-105.5038,https://wrcc.dri.edu/cgi-bin/rawMAIN4.pl?ids216+02+12+18+M,1,12,0,1.2,243,-10.3,-0.6,-19.0,50,70,27,720.2,14.4,14.4,14.4,2.00,24:00,https://tools.airfire.org/monitor-qc-report/v2/wrcc?unitID=s216,2.00,3.00,3.00,12.00,2.00,1.00,0.00,0.00,0.00,0.00,0.00,0.00,0.00,0.00,0.00,0.00,3.00,1.00,2.00,0.00,1.00,0.00,0.00,2.00
12/02/18,Smoke RMK 131 (USFS R2-924),39.389,-105.2734,https://wrcc.dri.edu/cgi-bin/rawMAIN4.pl?id2924+02+12+18+M,2,10,0,0.7,179,-6.2,5.1,-16.1,61,83,29,787.1,14.4,14.4,14.4,2.00,24:00,https://tools.airfire.org/monitor-qc-report/v2/wrcc?unitID=2924,0.00,1.00,3.00,1.00,1.00,7.00,10.00,8.00,4.00,3.00,7.00,2.00,0.00,0.00,2.00,1.00,7.00,1.00,0.00,0.00,0.00,0.00,0.00,0.00
12/02/18,Smoke USFS R2-69,38.9793,-105.353,https://wrcc.dri.edu/cgi-bin/rawMAIN4.pl?ids269+02+12+18+M,6,31,0,0.3,1,-8.6,2.9,-18.5,0,-9999,-9999,744.7,14.4,14.4,14.4,2.00,24:00,https://tools.airfire.org/monitor-qc-report/v4/wrcc?unitID=s269,1.00,13.00,0.00,1.00,1.00,2.00,2.00,3.00,4.00,5.00,6.00,6.00,9.00,9.00,13.00,24.00,31.00,2.00,0.00,0.00,0.00,0.00,0.00,0.00
12/02/18,Smoke USFS R3-86,35.687,-105.8956,https://wrcc.dri.edu/cgi-bin/rawMAIN4.pl?ids386+02+12+18+M,5,52,-5,0.3,136,1.4,5.2,-2.8,0,-9999,-9999,-9999,14.4,14.4,14.4,16.70,24:00,https://tools.airfire.org/monitor-qc-report/v4/wrcc?unitID=s386,6.00,-5.00,9.00,-4.00,-5.00,5.00,4.00,-5.00,18.00,6.00,-5.00,8.00,-2.00,12.00,6.00,-5.00,-5.00,-4.00,-5.00,13.00,3.00,11.00,52.00,-4.00
12/02/18,Smoke RMK 407 (EBAM #231),39.7144,-105.1239,https://wrcc.dri.edu/cgi-bin/rawMAIN4.pl?ide231+02+12+18+M,7,69,-5,1.4,63,-4.6,0.5,-11.6,43,63,28,-9999,13.7,13.8,13.4,16.62,24:00,https://tools.airfire.org/monitor-qc-report/v2/wrcc?unitID=e231,-5.00,-5.00,-5.00,5.00,3.00,15.00,69.00,-5.00,18.00,11.00,-5.00,-5.00,20.00,-5.00,21.00,-3.00,-5.00,21.00,-4.00,-5.00,4.00,16.00,-5.00,24.00
12/02/18,Smoke RMK 415 (EBAM #925),37.4611,-108.5157,https://wrcc.dri.edu/cgi-bin/rawMAIN4.pl?ide925+02+12+18+M,2,7,-3,2.2,64,-10.7,-8.0,-15.0,80,91,68,-9999,14.3,14.3,14.2,16.70,24:00,https://tools.airfire.org/monitor-qc-report/v2/wrcc?unitID=e925,7.00,7.00,0.00,-1.00,3.00,0.00,2.00,0.00,1.00,1.00,2.00,4.00,6.00,1.00,2.00,-1.00,2.00,4.00,3.00,-1.00,-3.00,3.00,-1.00,2.00
