,,Position (Deg.),,,Concentration (µg/m3),,,Wind,,Air Temperature (Deg. C.),,,Humidity (Percent),,,Barometer,Battery Voltage (volts),,,Air Flow (totalizer),,,Concentration by Hour,,,,,,,,,,,,,,,,,,,,,,,
Date,Station,Latitude,Longitude,Station Chart Link,Mean,Max,Min,Ave Vel. (m/s),V. Dir. (Deg),Mean,Max,Min,Mean,Max,Min,Baro. Pressure (mbars),Mean,Max,Min,Mean,Time of latest ob,Airfire QC Report Link,0:00,1:00,2:00,3:00,4:00,5:00,6:00,7:00,8:00,9:00,10:00,11:00,12:00,13:00,14:00,15:00,16:00,17:00,18:00,19:00,20:00,21:00,22:00,23:00
06/30/16,Smoke RMK 105 (Smoke #17),39.7144,-105.1239,https://wrcc.dri.edu/cgi-bin/rawMAIN4.pl?idsm17+30+06+16+M,3,4,1,0.3,-9999,21.4,30.1,16.8,1,-9999,-9999,827.2,14.3,14.3,14.1,2.00,14:00,https://tools.airfire.org/monitor-qc-report/v2/wrcc?unitID=sm17,5.00,1.00,1.00,1.00,3.00,3.00,4.00,4.00,3.00,4.00,3.00,4.00,4.00,3.00,3.00,-9999,-9999,-9999,-9999,-9999,-9999,-9999,-9999,-9999
06/30/16,Smoke RMK 114 (Smoke #19),39.7144,-105.1239,https://wrcc.dri.edu/cgi-bin/rawMAIN4.pl?idsm19+30+06+16+M,4,5,3,0.3,-9999,25.9,27.3,24.9,1,-9999,-9999,-9999,13.9,14.0,13.8,1.88,24:00,https://tools.airfire.org/monitor-qc-report/v2/wrcc?unitID=sm19,-9999,-9999,-9999,-9999,-9999,-9999,-9999,-9999,-9999,-9999,-9999,-9999,-9999,-9999,-9999,-9999,-9999,-9999,-9999,-9999,-9999,3.00,5.00,4.00
06/30/16,Smoke USFS R1-52,48.8978,-115.0584,https://wrcc.dri.edu/cgi-bin/rawMAIN4.pl?ids152+30+06+16+M,9,18,0,1.0,129,27.5,39.1,15.8,44,77,14,922.1,14.0,14.2,13.9,2.00,24:00,https://tools.airfire.org/monitor-qc-report/v4/wrcc?unitID=s152,0.00,0.00,1.00,2.00,5.00,10.00,12.00,14.00,16.00,15.00,17.00,17.00,17.00,18.00,16.00,14.00,10.00,9.00,5.00,3.00,3.00,3.00,2.00,2.00
06/30/16,Smoke USFS R1-53,46.9269,-114.0962,https://wrcc.dri.edu/cgi-bin/rawMAIN4.pl?ids153+30+06+16+M,1,6,0,1.0,37,28.4,40.1,18.3,35,63,12,904.4,14.1,14.2,14.0,2.00,24:00,https://tools.airfire.org/monitor-qc-report/v4/wrcc?unitID=s153,3.00,2.00,2.00,1.00,1.00,1.00,1.00,0.00,0.00,0.00,0.00,0.00,0.00,0.00,0.00,1.00,1.00,1.00,3.00,3.00,2.00,3.00,3.00,4.00
06/30/16,Smoke USFS R2-69,38.9792,-105.353,https://wrcc.dri.edu/cgi-bin/rawMAIN4.pl?ids269+30+06+16+M,2,7,0,0.3,1,18.2,27.8,11.8,1,-9999,-9999,761.9,14.2,14.3,14.1,2.00,24:00,https://tools.airfire.org/monitor-qc-report/v4/wrcc?unitID=s269,2.00,0.00,4.00,3.00,2.00,1.00,2.00,2.00,2.00,0.00,2.00,2.00,1.00,1.00,1.00,0.00,0.00,0.00,6.00,7.00,3.00,1.00,2.00,2.00
06/30/16,Smoke NPS Yosemite 01,37.8751,-119.3556,https://wrcc.dri.edu/cgi-bin/rawMAIN4.pl?idsmy1+30+06+16+M,18,172,-1,0.6,247,14.3,25.5,4.6,50,79,19,-10.0,14.4,14.4,14.4,16.69,24:00,https://tools.airfire.org/monitor-qc-report/v4/wrcc?unitID=smy1,4.00,0.00,1.00,8.00,81.00,172.00,44.00,18.00,8.00,4.00,5.00,2.00,8.00,10.00,9.00,5.00,8.00,1.00,7.00,5.00,8.00,11.00,7.00,5.00
06/30/16,Smoke USFS R1-306,46.9269,-114.0962,https://wrcc.dri.edu/cgi-bin/rawMAIN4.pl?id1306+30+06+16+M,7,15,2,1.0,339,28.6,40.3,18.5,34,59,14,-9999,14.0,14.1,13.9,2.00,24:00,https://tools.airfire.org/monitor-qc-report/v4/wrcc?unitID=1306,1.00,5.00,6.00,7.00,6.00,6.00,6.00,5.00,4.00,5.00,5.00,6.00,7.00,7.00,8.00,9.00,8.00,8.00,14.00,15.00,7.00,9.00,6.00,3.00
06/30/16,RSF Smoke Monitor #1,42.1941,-122.7085,https://wrcc.dri.edu/cgi-bin/rawMAIN4.pl?idsmrs+30+06+16+M,66,66,66,1.9,307,23.7,33.9,12.8,42,77,16,949.2,14.2,14.3,14.0,2.00,24:00,https://tools.airfire.org/monitor-qc-report/v4/wrcc?unitID=smrs,65.54,65.54,65.54,65.54,65.54,65.54,65.54,65.54,65.54,65.54,65.54,65.54,65.54,65.54,65.54,65.54,65.54,65.54,65.54,65.54,65.54,65.54,65.54,65.54
