,,Position (Deg.),,,Concentration (µg/m3),,,Wind,,Air Temperature (Deg. C.),,,Humidity (Percent),,,Barometer,Battery Voltage (volts),,,Air Flow (totalizer),,,Concentration by Hour,,,,,,,,,,,,,,,,,,,,,,,
Date,Station,Latitude,Longitude,Station Chart Link,Mean,Max,Min,Ave Vel. (m/s),V. Dir. (Deg),Mean,Max,Min,Mean,Max,Min,Baro. Pressure (mbars),Mean,Max,Min,Mean,Time of latest ob,Airfire QC Report Link,0:00,1:00,2:00,3:00,4:00,5:00,6:00,7:00,8:00,9:00,10:00,11:00,12:00,13:00,14:00,15:00,16:00,17:00,18:00,19:00,20:00,21:00,22:00,23:00
09/20/21,Smoke RMK 107 (Smoke #67),46.7304,-120.7051,https://wrcc.dri.edu/cgi-bin/rawMAIN4.pl?idsm67+20+09+21+M,9,24,2,1.2,330,9.3,21.5,1.1,61,93,27,965.7,14.3,14.4,14.2,2.00,24:00,https://tools.airfire.org/monitor-qc-report/v2/wrcc?unitID=sm67,10.00,5.00,3.00,2.00,4.00,2.00,2.00,2.00,4.00,4.00,2.00,2.00,2.00,2.00,3.00,7.00,9.00,13.00,15.00,19.00,16.00,20.00,22.00,24.00
09/20/21,Smoke RMK 125 (Smoke #216),39.7144,-105.124,https://wrcc.dri.edu/cgi-bin/rawMAIN4.pl?ids216+20+09+21+M,0,1,0,1.5,-9999,23.1,24.0,21.4,21,23,20,827.8,14.1,14.1,14.1,1.95,24:00,https://tools.airfire.org/monitor-qc-report/v2/wrcc?unitID=s216,-9999,-9999,-9999,-9999,-9999,-9999,-9999,-9999,-9999,-9999,-9999,-9999,-9999,-9999,-9999,-9999,-9999,-9999,-9999,-9999,-9999,0.00,0.00,1.00
09/20/21,Smoke USFS R9-15,47.5704,-90.8483,https://wrcc.dri.edu/cgi-bin/rawMAIN4.pl?ids915+20+09+21+M,4,4,2,0.7,12,20.1,25.4,17.1,83,89,68,980.7,14.2,14.3,14.2,2.00,24:00,https://tools.airfire.org/monitor-qc-report/v4/wrcc?unitID=s915,3.00,3.00,3.00,3.00,4.00,4.00,4.00,4.00,4.00,4.00,4.00,4.00,4.00,4.00,4.00,4.00,4.00,4.00,4.00,3.00,3.00,3.00,4.00,3.00
09/20/21,Smoke USFS R2-78,39.7144,-105.1239,https://wrcc.dri.edu/cgi-bin/rawMAIN4.pl?ids278+20+09+21+M,4,10,0,1.3,185,15.4,29.8,6.9,34,62,16,823.2,14.3,14.4,14.1,2.00,24:00,https://tools.airfire.org/monitor-qc-report/v4/wrcc?unitID=s278,0.00,0.00,4.00,8.00,9.00,10.00,5.00,5.00,8.00,9.00,7.00,3.00,2.00,2.00,2.00,2.00,2.00,2.00,1.00,1.00,1.00,1.00,1.00,0.00
09/20/21,Smoke USFS R3-28,35.6715,-105.9555,https://wrcc.dri.edu/cgi-bin/rawMAIN4.pl?ids328+20+09+21+M,4,31,-5,1.6,352,30.6,32.5,26.9,100,-9999,-9999,-9999,14.1,14.1,14.0,16.69,24:00,https://tools.airfire.org/monitor-qc-report/v4/wrcc?unitID=s328,5.00,-1.00,-5.00,2.00,1.00,1.00,1.00,8.00,-3.00,0.00,-4.00,3.00,6.00,-1.00,5.00,30.00,31.00,9.00,0.00,1.00,1.00,3.00,-5.00,-4.00
09/20/21,Smoke USFS 3016,45.5485,-113.9309,https://wrcc.dri.edu/cgi-bin/rawMAIN4.pl?ids316+20+09+21+M,17,85,0,0.7,172,10.8,16.8,8.0,70,85,42,868.5,14.2,14.2,14.1,1.56,24:00,https://tools.airfire.org/monitor-qc-report/v4/wrcc?unitID=s316,0.00,0.00,0.00,0.00,3.00,10.00,2.00,3.00,16.00,20.00,85.00,76.00,57.00,39.00,27.00,21.00,27.00,13.00,4.00,2.00,0.00,0.00,0.00,0.00
09/20/21,AQB Smoke EBAM T-1,36.7575,-108.1823,https://wrcc.dri.edu/cgi-bin/rawMAIN4.pl?ideat1+20+09+21+M,6,22,-5,1.8,260,18.9,25.8,13.3,1,1,0,-9999,14.0,14.0,13.9,16.70,24:00,https://tools.airfire.org/monitor-qc-report/v4/wrcc?unitID=eat1,9.00,2.00,22.00,0.00,6.00,9.00,3.00,8.00,6.00,5.00,6.00,1.00,16.00,5.00,0.00,6.00,-5.00,10.00,10.00,8.00,4.00,9.00,5.00,8.00
09/20/21,AQB Smoke EBAM T-2,36.7576,-108.1823,https://wrcc.dri.edu/cgi-bin/rawMAIN4.pl?ideat2+20+09+21+M,6,22,-5,1.9,271,15.5,24.3,7.9,1,1,0,-9999,14.1,14.1,14.0,16.70,24:00,https://tools.airfire.org/monitor-qc-report/v4/wrcc?unitID=eat2,7.00,-5.00,-5.00,-5.00,-3.00,-5.00,-3.00,0.00,-2.00,2.00,4.00,2.00,8.00,-5.00,16.00,7.00,6.00,18.00,22.00,19.00,9.00,13.00,13.00,14.00
