,,Position (Deg.),,,Concentration (µg/m3),,,Wind,,Air Temperature (Deg. C.),,,Humidity (Percent),,,Barometer,Battery Voltage (volts),,,Air Flow (totalizer),,,Concentration by Hour,,,,,,,,,,,,,,,,,,,,,,,
Date,Station,Latitude,Longitude,Station Chart Link,Mean,Max,Min,Ave Vel. (m/s),V. Dir. (Deg),Mean,Max,Min,Mean,Max,Min,Baro. Pressure (mbars),Mean,Max,Min,Mean,Time of latest ob,Airfire QC Report Link,0:00,1:00,2:00,3:00,4:00,5:00,6:00,7:00,8:00,9:00,10:00,11:00,12:00,13:00,14:00,15:00,16:00,17:00,18:00,19:00,20:00,21:00,22:00,23:00
05/08/24,Smoke RMK 100 (Smoke #659),44.022,-121.2601,https://wrcc.dri.edu/cgi-bin/rawMAIN4.pl?ids659+08+05+24+M,1,3,0,1.0,306,4.9,15.6,-5.1,67,100,32,895.4,14.4,14.4,14.3,2.00,24:00,https://tools.airfire.org/monitor-qc-report/v2/wrcc?unitID=s659,0.00,0.00,0.00,0.00,1.00,1.00,1.00,1.00,1.00,2.00,3.00,3.00,2.00,2.00,2.00,3.00,3.00,2.00,1.00,1.00,1.00,1.00,1.00,1.00
05/08/24,Smoke RMK 107 (Smoke #67),39.7137,-105.1229,https://wrcc.dri.edu/cgi-bin/rawMAIN4.pl?idsm67+08+05+24+M,2,3,1,3.4,292,10.9,15.8,6.2,31,48,19,816.7,14.5,14.5,14.5,2.00,24:00,https://tools.airfire.org/monitor-qc-report/v2/wrcc?unitID=sm67,2.00,1.00,1.00,1.00,1.00,1.00,1.00,1.00,1.00,1.00,1.00,1.00,1.00,1.00,1.00,3.00,2.00,3.00,1.00,1.00,2.00,3.00,3.00,3.00
05/08/24,Smoke RMK 108 (Smoke #456),39.9722,-105.4985,https://wrcc.dri.edu/cgi-bin/rawMAIN4.pl?ids456+08+05+24+M,1,1,0,1.7,281,1.6,7.4,-2.1,56,85,37,735.8,14.4,14.4,14.2,2.00,24:00,https://tools.airfire.org/monitor-qc-report/v2/wrcc?unitID=s456,0.00,0.00,1.00,1.00,1.00,1.00,1.00,1.00,1.00,1.00,1.00,1.00,1.00,1.00,1.00,1.00,1.00,1.00,1.00,1.00,1.00,1.00,0.00,0.00
05/08/24,Smoke RMK 109 (Smoke #84),39.7137,-105.1229,https://wrcc.dri.edu/cgi-bin/rawMAIN4.pl?ids284+08+05+24+M,3,3,2,4.7,-9999,12.9,13.5,11.7,21,22,20,819.4,14.5,14.5,14.5,1.99,24:00,https://tools.airfire.org/monitor-qc-report/v2/wrcc?unitID=s284,-9999,-9999,-9999,-9999,-9999,-9999,-9999,-9999,-9999,-9999,-9999,-9999,-9999,-9999,-9999,-9999,-9999,-9999,3.00,2.00,3.00,3.00,2.00,3.00
05/08/24,Smoke RMK 110 (Smoke #215),39.7137,-105.1229,https://wrcc.dri.edu/cgi-bin/rawMAIN4.pl?ids215+08+05+24+M,2,5,1,4.9,-9999,14.1,15.5,12.7,28,30,26,818.2,14.5,14.5,14.5,2.00,24:00,https://tools.airfire.org/monitor-qc-report/v2/wrcc?unitID=s215,-9999,-9999,-9999,-9999,-9999,-9999,-9999,-9999,-9999,-9999,-9999,-9999,-9999,-9999,-9999,-9999,-9999,1.00,1.00,1.00,5.00,1.00,1.00,1.00
05/08/24,Smoke RMK 116 (Smoke #21),37.6517,-108.2947,https://wrcc.dri.edu/cgi-bin/rawMAIN4.pl?idsm21+08+05+24+M,1,2,0,1.1,206,12.3,19.7,6.4,42,69,21,759.7,14.4,14.5,14.4,2.00,24:00,https://tools.airfire.org/monitor-qc-report/v2/wrcc?unitID=sm21,2.00,2.00,2.00,2.00,1.00,1.00,1.00,1.00,1.00,1.00,1.00,1.00,1.00,0.00,0.00,0.00,0.00,0.00,0.00,0.00,0.00,0.00,0.00,0.00
05/08/24,Smoke RMK 122 (Smoke #69),43.9978,-121.4053,https://wrcc.dri.edu/cgi-bin/rawMAIN4.pl?idsm69+08+05+24+M,1,1,0,1.1,283,3.0,12.9,-4.9,65,93,31,880.2,14.4,14.4,14.3,2.00,24:00,https://tools.airfire.org/monitor-qc-report/v2/wrcc?unitID=sm69,0.00,0.00,0.00,1.00,1.00,1.00,1.00,1.00,1.00,1.00,1.00,1.00,1.00,1.00,1.00,1.00,1.00,1.00,1.00,1.00,1.00,1.00,1.00,1.00
05/08/24,Smoke RMK 123 (Smoke #209),39.9427,-105.2494,https://wrcc.dri.edu/cgi-bin/rawMAIN4.pl?ids209+08+05+24+M,0,1,0,4.5,263,9.6,14.9,6.7,36,60,23,818.6,14.4,14.5,14.4,2.00,24:00,https://tools.airfire.org/monitor-qc-report/v2/wrcc?unitID=s209,1.00,0.00,0.00,0.00,0.00,1.00,1.00,1.00,0.00,0.00,0.00,0.00,1.00,1.00,1.00,1.00,1.00,0.00,0.00,0.00,1.00,0.00,0.00,0.00
05/08/24,Smoke RMK 124 (Smoke #210),37.3501,-108.2907,https://wrcc.dri.edu/cgi-bin/rawMAIN4.pl?ids210+08+05+24+M,1,2,0,1.2,54,11.4,21.1,2.5,28,44,15,779.1,14.4,14.5,14.4,2.00,24:00,https://tools.airfire.org/monitor-qc-report/v2/wrcc?unitID=s210,2.00,2.00,1.00,2.00,1.00,1.00,1.00,1.00,1.00,1.00,1.00,1.00,0.00,1.00,1.00,0.00,0.00,0.00,1.00,0.00,1.00,1.00,1.00,0.00
05/08/24,Smoke RMK 125 (Smoke #216),37.4716,-108.5163,https://wrcc.dri.edu/cgi-bin/rawMAIN4.pl?ids216+08+05+24+M,1,2,0,1.6,142,10.4,18.9,3.2,37,53,25,780.7,14.4,14.5,14.4,2.00,24:00,https://tools.airfire.org/monitor-qc-report/v2/wrcc?unitID=s216,1.00,2.00,2.00,1.00,1.00,1.00,1.00,1.00,1.00,1.00,1.00,1.00,1.00,1.00,1.00,1.00,1.00,1.00,1.00,1.00,0.00,1.00,1.00,1.00
05/08/24,Smoke USFS R2-65,39.7138,-105.1229,https://wrcc.dri.edu/cgi-bin/rawMAIN4.pl?ids265+08+05+24+M,2,7,1,3.7,293,11.1,16.6,6.1,31,47,19,816.9,14.5,14.5,14.4,2.00,24:00,https://tools.airfire.org/monitor-qc-report/v4/wrcc?unitID=s265,2.00,2.00,2.00,1.00,1.00,1.00,1.00,1.00,1.00,1.00,1.00,1.00,1.00,1.00,4.00,2.00,2.00,3.00,2.00,3.00,7.00,2.00,5.00,4.00
05/08/24,Smoke USFS R3-86,35.687,-105.8956,https://wrcc.dri.edu/cgi-bin/rawMAIN4.pl?ids386+08+05+24+M,2,12,-5,0.9,201,2.4,10.4,-9.1,1,-9999,-9999,-9999,13.9,13.9,13.8,16.70,24:00,https://tools.airfire.org/monitor-qc-report/v4/wrcc?unitID=s386,2.00,-5.00,3.00,1.00,4.00,2.00,6.00,0.00,-4.00,12.00,4.00,2.00,3.00,-1.00,-3.00,3.00,12.00,5.00,3.00,1.00,3.00,1.00,2.00,-1.00
05/08/24,Smoke USFS R1-307,46.5842,-112.0418,https://wrcc.dri.edu/cgi-bin/rawMAIN4.pl?id1307+08+05+24+M,0,0,0,0.7,29,4.4,6.2,1.7,80,93,60,-9999,14.4,14.4,14.4,2.00,24:00,https://tools.airfire.org/monitor-qc-report/v4/wrcc?unitID=1307,0.00,0.00,0.00,0.00,0.00,0.00,0.00,0.00,0.00,0.00,0.00,0.00,0.00,0.00,0.00,0.00,0.00,0.00,0.00,0.00,0.00,0.00,0.00,0.00
05/08/24,Smoke USFS R2-264,40.7421,-105.5085,https://wrcc.dri.edu/cgi-bin/rawMAIN4.pl?id2264+08+05+24+M,0,0,0,3.6,246,3.1,11.1,-2.2,47,59,33,761.6,14.4,14.4,14.3,2.00,24:00,https://tools.airfire.org/monitor-qc-report/v4/wrcc?unitID=2264,0.00,0.00,0.00,0.00,0.00,0.00,0.00,0.00,0.00,0.00,0.00,0.00,0.00,0.00,0.00,0.00,0.00,0.00,0.00,0.00,0.00,0.00,0.00,0.00
