,,Position (Deg.),,,Concentration (µg/m3),,,Wind,,Air Temperature (Deg. C.),,,Humidity (Percent),,,Barometer,Battery Voltage (volts),,,Air Flow (totalizer),,,Concentration by Hour,,,,,,,,,,,,,,,,,,,,,,,
Date,Station,Latitude,Longitude,Station Chart Link,Mean,Max,Min,Ave Vel. (m/s),V. Dir. (Deg),Mean,Max,Min,Mean,Max,Min,Baro. Pressure (mbars),Mean,Max,Min,Mean,Time of latest ob,Airfire QC Report Link,0:00,1:00,2:00,3:00,4:00,5:00,6:00,7:00,8:00,9:00,10:00,11:00,12:00,13:00,14:00,15:00,16:00,17:00,18:00,19:00,20:00,21:00,22:00,23:00
10/23/14,Smoke #13,44.4363,-118.1893,https://wrcc.dri.edu/cgi-bin/rawMAIN4.pl?idsm13+23+10+14+M,0,3,0,3.4,135,10.9,11.9,9.1,67,91,50,871.4,14.2,14.2,14.2,2.00,24:00,https://tools.airfire.org/monitor-qc-report/v4/wrcc?unitID=sm13,30.00,2.00,0.00,0.00,0.00,0.00,0.00,0.00,0.00,0.00,0.00,0.00,0.00,0.00,0.00,0.00,0.00,0.00,2.00,0.00,0.00,0.00,0.00,1.00
10/23/14,Smoke RMK 104 (Smoke #15),39.8859,-105.7635,https://wrcc.dri.edu/cgi-bin/rawMAIN4.pl?idsm15+23+10+14+M,0,0,0,1.3,217,5.5,16.3,-1.0,75,92,41,731.1,14.3,14.4,14.2,2.00,24:00,https://tools.airfire.org/monitor-qc-report/v2/wrcc?unitID=sm15,0.00,0.00,0.00,0.00,0.00,0.00,0.00,0.00,0.00,0.00,0.00,0.00,0.00,0.00,0.00,0.00,0.00,0.00,0.00,0.00,0.00,0.00,0.00,0.00
10/23/14,Smoke RMK 105 (Smoke #17),39.9101,-105.7978,https://wrcc.dri.edu/cgi-bin/rawMAIN4.pl?idsm17+23+10+14+M,2,12,0,0.3,2,5.5,19.4,-1.0,75,91,34,731.9,14.4,14.4,14.3,2.00,24:00,https://tools.airfire.org/monitor-qc-report/v2/wrcc?unitID=sm17,0.00,0.00,0.00,0.00,0.00,1.00,1.00,1.00,0.00,0.00,0.00,0.00,0.00,0.00,0.00,0.00,0.00,0.00,0.00,0.00,0.00,6.00,12.00,12.00
10/23/14,Smoke RMK 110 (Smoke #215),44.2609,-121.1469,https://wrcc.dri.edu/cgi-bin/rawMAIN4.pl?ids215+23+10+14+M,0,1,0,1.7,176,13.9,17.1,12.5,72,91,48,903.4,14.3,14.3,14.2,2.00,24:00,https://tools.airfire.org/monitor-qc-report/v2/wrcc?unitID=s215,0.00,0.00,0.00,1.00,0.00,0.00,0.00,0.00,0.00,0.00,0.00,0.00,0.00,0.00,0.00,0.00,0.00,0.00,0.00,0.00,1.00,0.00,0.00,0.00
10/23/14,Smoke RMK 112 (Smoke #11),38.6935,-108.1473,https://wrcc.dri.edu/cgi-bin/rawMAIN4.pl?idsm11+23+10+14+M,2,4,0,0.5,43,13.0,28.7,2.6,70,99,23,851.0,14.2,14.4,13.9,2.00,24:00,https://tools.airfire.org/monitor-qc-report/v2/wrcc?unitID=sm11,1.00,2.00,2.00,3.00,3.00,3.00,3.00,3.00,3.00,4.00,3.00,3.00,3.00,3.00,3.00,3.00,3.00,3.00,2.00,1.00,0.00,0.00,0.00,0.00
10/23/14,Smoke RMK 113 (Smoke #16),43.9031,-121.4332,https://wrcc.dri.edu/cgi-bin/rawMAIN4.pl?idsm16+23+10+14+M,0,0,0,1.2,-9999,9.3,-9999,-9999,83,-9999,-9999,-9999,14.4,14.4,14.4,2.00,24:00,https://tools.airfire.org/monitor-qc-report/v2/wrcc?unitID=sm16,0.00,-9999,-9999,-9999,-9999,-9999,-9999,-9999,-9999,-9999,-9999,-9999,-9999,-9999,-9999,-9999,-9999,-9999,-9999,-9999,-9999,-9999,-9999,-9999
10/23/14,Smoke RMK 116 (Smoke #21),39.9191,-105.7845,https://wrcc.dri.edu/cgi-bin/rawMAIN4.pl?idsm21+23+10+14+M,1,3,0,0.9,314,6.2,17.3,-2.3,74,93,32,-9999,14.4,14.4,14.2,2.00,24:00,https://tools.airfire.org/monitor-qc-report/v2/wrcc?unitID=sm21,0.00,1.00,1.00,0.00,1.00,0.00,1.00,1.00,0.00,1.00,1.00,1.00,1.00,1.00,3.00,1.00,2.00,2.00,0.00,0.00,0.00,0.00,0.00,0.00
10/23/14,Smoke RMK 117 (Smoke #22),39.1004,-105.0938,https://wrcc.dri.edu/cgi-bin/rawMAIN4.pl?idsm22+23+10+14+M,0,3,0,1.6,-9999,20.1,23.7,14.8,27,38,23,766.4,14.1,14.3,14.1,2.00,24:00,https://tools.airfire.org/monitor-qc-report/v2/wrcc?unitID=sm22,-9999,-9999,-9999,-9999,-9999,-9999,-9999,-9999,-9999,-9999,-9999,-9999,-9999,-9999,-9999,-9999,-9999,0.00,0.00,0.00,0.00,0.00,0.00,0.00
10/23/14,Smoke USFS R1-53,47.5354,-113.7211,https://wrcc.dri.edu/cgi-bin/rawMAIN4.pl?ids153+23+10+14+M,1,8,0,0.7,177,10.2,13.8,7.6,82,99,62,883.0,14.4,14.4,14.3,2.00,24:00,https://tools.airfire.org/monitor-qc-report/v4/wrcc?unitID=s153,0.00,2.00,1.00,4.00,0.00,2.00,1.00,2.00,8.00,0.00,0.00,2.00,0.00,1.00,0.00,0.00,0.00,0.00,0.00,0.00,0.00,0.00,0.00,0.00
10/23/14,Smoke USFS R2-65,43.9861,-121.3984,https://wrcc.dri.edu/cgi-bin/rawMAIN4.pl?ids265+23+10+14+M,0,0,0,1.9,-9999,10.5,-9999,-9999,76,-9999,-9999,875.3,11.7,11.7,11.7,1.60,24:00,https://tools.airfire.org/monitor-qc-report/v4/wrcc?unitID=s265,-9999,-9999,-9999,-9999,-9999,-9999,-9999,-9999,-9999,-9999,-9999,-9999,-9999,-9999,-9999,-9999,-9999,-9999,-9999,-9999,-9999,-9999,-9999,-9999
