,,Position (Deg.),,,Concentration (µg/m3),,,Wind,,Air Temperature (Deg. C.),,,Humidity (Percent),,,Barometer,Battery Voltage (volts),,,Air Flow (totalizer),,,Concentration by Hour,,,,,,,,,,,,,,,,,,,,,,,
Date,Station,Latitude,Longitude,Station Chart Link,Mean,Max,Min,Ave Vel. (m/s),V. Dir. (Deg),Mean,Max,Min,Mean,Max,Min,Baro. Pressure (mbars),Mean,Max,Min,Mean,Time of latest ob,Airfire QC Report Link,0:00,1:00,2:00,3:00,4:00,5:00,6:00,7:00,8:00,9:00,10:00,11:00,12:00,13:00,14:00,15:00,16:00,17:00,18:00,19:00,20:00,21:00,22:00,23:00
09/16/12,Smoke #13,43.5651,-116.2087,https://wrcc.dri.edu/cgi-bin/rawMAIN4.pl?idsm13+16+09+12+M,11,38,0,0.9,80,26.3,43.0,14.4,24,48,4,915.4,14.0,14.2,13.8,2.00,24:00,https://tools.airfire.org/monitor-qc-report/v4/wrcc?unitID=sm13,3.00,1.00,1.00,1.00,0.00,0.00,0.00,0.00,0.00,0.00,4.00,11.00,15.00,7.00,11.00,1.00,1.00,10.00,34.00,34.00,35.00,38.00,38.00,15.00
09/16/12,Smoke RMK 106 (Smoke #66),47.1971,-120.9563,https://wrcc.dri.edu/cgi-bin/rawMAIN4.pl?idsm66+16+09+12+M,13,30,3,1.1,306,17.8,28.7,7.4,48,75,16,948.9,14.4,14.4,14.4,2.00,24:00,https://tools.airfire.org/monitor-qc-report/v2/wrcc?unitID=sm66,2.00,3.00,5.00,7.00,7.00,9.00,11.00,11.00,11.00,11.00,10.00,10.00,10.00,11.00,12.00,13.00,12.00,12.00,12.00,16.00,28.00,30.00,15.00,18.00
09/16/12,Smoke RMK 107 (Smoke #67),47.5157,-120.4771,https://wrcc.dri.edu/cgi-bin/rawMAIN4.pl?idsm67+16+09+12+M,59,79,42,0.9,-9999,33.0,35.3,28.2,22,32,16,987.5,14.0,14.0,13.9,1.97,24:00,https://tools.airfire.org/monitor-qc-report/v2/wrcc?unitID=sm67,-9999,-9999,-9999,-9999,-9999,-9999,-9999,-9999,-9999,-9999,-9999,-9999,-9999,-9999,-9999,-9999,-9999,-9999,-9999,70.00,67.00,79.00,51.00,46.00
09/16/12,Smoke RMK 113 (Smoke #16),47.231,-119.8686,https://wrcc.dri.edu/cgi-bin/rawMAIN4.pl?idsm16+16+09+12+M,11,13,9,1.6,-9999,33.9,34.3,33.3,19,20,18,-9999,14.0,14.0,13.9,1.87,24:00,https://tools.airfire.org/monitor-qc-report/v2/wrcc?unitID=sm16,-9999,-9999,-9999,-9999,-9999,-9999,-9999,-9999,-9999,-9999,-9999,-9999,-9999,-9999,-9999,-9999,-9999,-9999,-9999,-9999,-9999,-9999,9.00,13.00
09/16/12,Smoke RMK 118 (Smoke #23),44.7346,-110.4921,https://wrcc.dri.edu/cgi-bin/rawMAIN4.pl?idsm23+16+09+12+M,23,57,4,0.4,299,12.8,21.3,4.2,43,71,14,764.3,14.2,14.4,14.0,2.00,24:00,https://tools.airfire.org/monitor-qc-report/v2/wrcc?unitID=sm23,4.00,4.00,29.00,48.00,4.00,5.00,4.00,5.00,5.00,6.00,8.00,10.00,12.00,15.00,18.00,20.00,23.00,31.00,42.00,54.00,57.00,48.00,42.00,34.00
09/16/12,Smoke #25,46.9268,-114.0962,https://wrcc.dri.edu/cgi-bin/rawMAIN4.pl?idsm25+16+09+12+M,46,98,7,0.3,2,19.3,30.5,9.9,1,-9999,-9999,906.0,14.2,14.4,14.0,2.00,24:00,https://tools.airfire.org/monitor-qc-report/v4/wrcc?unitID=sm25,229.00,98.00,55.00,18.00,31.00,32.00,34.00,37.00,43.00,50.00,72.00,77.00,70.00,64.00,63.00,63.00,61.00,58.00,50.00,46.00,34.00,24.00,18.00,7.00
09/16/12,Smoke RMK 121 (Smoke #68),47.4619,-120.3255,https://wrcc.dri.edu/cgi-bin/rawMAIN4.pl?idsm68+16+09+12+M,72,170,0,1.1,249,21.7,32.6,13.8,39,61,17,995.9,14.3,14.4,14.1,2.00,24:00,https://tools.airfire.org/monitor-qc-report/v2/wrcc?unitID=sm68,2.00,0.00,1.00,2.00,3.00,5.00,5.00,14.00,42.00,81.00,61.00,95.00,158.00,160.00,95.00,126.00,88.00,106.00,106.00,145.00,90.00,170.00,80.00,43.00
09/16/12,Smoke RMK 122 (Smoke #69),47.6721,-120.2119,https://wrcc.dri.edu/cgi-bin/rawMAIN4.pl?idsm69+16+09+12+M,24,49,2,0.9,278,22.0,33.2,13.5,46,71,21,992.6,14.1,14.2,13.9,2.00,24:00,https://tools.airfire.org/monitor-qc-report/v2/wrcc?unitID=sm69,1.00,2.00,5.00,9.00,17.00,18.00,20.00,20.00,17.00,18.00,19.00,23.00,26.00,34.00,35.00,36.00,36.00,37.00,36.00,49.00,44.00,25.00,23.00,22.00
