,,Position (Deg.),,,Concentration (µg/m3),,,Wind,,Air Temperature (Deg. C.),,,Humidity (Percent),,,Barometer,Battery Voltage (volts),,,Air Flow (totalizer),,,Concentration by Hour,,,,,,,,,,,,,,,,,,,,,,,
Date,Station,Latitude,Longitude,Station Chart Link,Mean,Max,Min,Ave Vel. (m/s),V. Dir. (Deg),Mean,Max,Min,Mean,Max,Min,Baro. Pressure (mbars),Mean,Max,Min,Mean,Time of latest ob,Airfire QC Report Link,0:00,1:00,2:00,3:00,4:00,5:00,6:00,7:00,8:00,9:00,10:00,11:00,12:00,13:00,14:00,15:00,16:00,17:00,18:00,19:00,20:00,21:00,22:00,23:00
06/09/16,Smoke USFS R1-52,48.8978,-115.0584,https://wrcc.dri.edu/cgi-bin/rawMAIN4.pl?ids152+09+06+16+M,2,4,0,1.4,159,18.9,27.5,12.6,68,93,23,916.5,14.1,14.2,14.0,2.00,24:00,https://tools.airfire.org/monitor-qc-report/v4/wrcc?unitID=s152,3.00,4.00,3.00,3.00,3.00,3.00,3.00,3.00,3.00,3.00,4.00,4.00,4.00,4.00,4.00,3.00,3.00,2.00,0.00,0.00,0.00,0.00,0.00,0.00
06/09/16,Smoke USFS R2-65,34.3986,-110.5523,https://wrcc.dri.edu/cgi-bin/rawMAIN4.pl?ids265+09+06+16+M,3,4,2,0.3,-9999,32.7,34.4,31.0,18,20,17,797.5,13.9,13.9,13.9,2.00,24:00,https://tools.airfire.org/monitor-qc-report/v4/wrcc?unitID=s265,-9999,-9999,-9999,-9999,-9999,-9999,-9999,-9999,-9999,-9999,-9999,-9999,-9999,-9999,-9999,-9999,-9999,-9999,-9999,-9999,4.00,3.00,2.00,2.00
06/09/16,Smoke USFS R2-69,38.9792,-105.3531,https://wrcc.dri.edu/cgi-bin/rawMAIN4.pl?ids269+09+06+16+M,2,6,0,0.3,1,16.5,31.2,6.1,1,1,0,757.1,14.2,14.4,14.0,2.00,24:00,https://tools.airfire.org/monitor-qc-report/v4/wrcc?unitID=s269,2.00,1.00,4.00,0.00,1.00,2.00,2.00,1.00,2.00,2.00,1.00,3.00,1.00,0.00,0.00,0.00,0.00,0.00,0.00,0.00,6.00,4.00,1.00,5.00
06/09/16,Smoke NPS Yosemite 01,37.5399,-119.6584,https://wrcc.dri.edu/cgi-bin/rawMAIN4.pl?idsmy1+09+06+16+M,12,17,7,0.4,-9999,8.2,9.7,7.1,81,84,79,-10.0,14.4,14.4,14.4,16.70,15:00,https://tools.airfire.org/monitor-qc-report/v4/wrcc?unitID=smy1,-9999,-9999,-9999,-9999,-9999,-9999,-9999,-9999,12.00,-9999,-9999,17.00,-9999,-9999,-9999,7.00,-9999,-9999,-9999,-9999,-9999,-9999,-9999,-9999
06/09/16,Smoke RMK 407 (EBAM #231),33.6026,-111.0053,https://wrcc.dri.edu/cgi-bin/rawMAIN4.pl?ide231+09+06+16+M,6,15,-5,1.2,313,30.7,36.7,24.8,14,22,8,-9999,14.0,14.0,13.8,16.70,24:00,https://tools.airfire.org/monitor-qc-report/v2/wrcc?unitID=e231,12.00,-5.00,8.00,15.00,9.00,8.00,4.00,5.00,9.00,6.00,8.00,6.00,5.00,5.00,2.00,6.00,10.00,3.00,5.00,8.00,3.00,4.00,8.00,4.00
06/09/16,Smoke RMK 415 (EBAM #925),34.4047,-110.5259,https://wrcc.dri.edu/cgi-bin/rawMAIN4.pl?ide925+09+06+16+M,15,37,7,1.3,-9999,18.4,30.7,14.7,35,66,11,-9999,14.1,14.2,14.1,16.66,24:00,https://tools.airfire.org/monitor-qc-report/v2/wrcc?unitID=e925,4.00,21.00,-9999,17.00,12.00,9.00,19.00,7.00,12.00,15.00,12.00,11.00,12.00,16.00,21.00,12.00,10.00,13.00,13.00,-9999,-9999,-9999,-9999,-9999
06/09/16,Smoke USFS R2-264,39.7659,-105.6071,https://wrcc.dri.edu/cgi-bin/rawMAIN4.pl?id2264+09+06+16+M,1,2,0,1.5,216,19.2,32.8,9.8,55,88,15,760.3,14.1,14.3,14.0,2.00,24:00,https://tools.airfire.org/monitor-qc-report/v4/wrcc?unitID=2264,2.00,2.00,1.00,1.00,1.00,1.00,0.00,1.00,1.00,1.00,1.00,1.00,1.00,2.00,1.00,1.00,0.00,1.00,1.00,1.00,0.00,0.00,0.00,0.00
06/09/16,Smoke USFS R2-265,39.7622,-105.6851,https://wrcc.dri.edu/cgi-bin/rawMAIN4.pl?id2265+09+06+16+M,96,2000,0,1.4,-9999,-30.9,32.3,-998.9,51,100,19,671.2,12.7,14.3,0.0,3534.00,24:00,https://tools.airfire.org/monitor-qc-report/v4/wrcc?unitID=2265,1.00,2.00,2.00,-9999,-9999,-9999,0.00,1.00,1.00,1.00,1.00,1.00,1.00,1.00,2000.00,1.00,1.00,1.00,1.00,1.00,0.00,0.00,0.00,0.00
