,,Position (Deg.),,,Concentration (µg/m3),,,Wind,,Air Temperature (Deg. C.),,,Humidity (Percent),,,Barometer,Battery Voltage (volts),,,Air Flow (totalizer),,,Concentration by Hour,,,,,,,,,,,,,,,,,,,,,,,
Date,Station,Latitude,Longitude,Station Chart Link,Mean,Max,Min,Ave Vel. (m/s),V. Dir. (Deg),Mean,Max,Min,Mean,Max,Min,Baro. Pressure (mbars),Mean,Max,Min,Mean,Time of latest ob,Airfire QC Report Link,0:00,1:00,2:00,3:00,4:00,5:00,6:00,7:00,8:00,9:00,10:00,11:00,12:00,13:00,14:00,15:00,16:00,17:00,18:00,19:00,20:00,21:00,22:00,23:00
01/21/19,Smoke #13,40.1156,-105.3859,https://wrcc.dri.edu/cgi-bin/rawMAIN4.pl?idsm13+21+01+19+M,1,12,0,1.9,308,6.4,14.0,0.7,35,66,14,770.9,14.4,14.4,14.4,2.00,24:00,https://tools.airfire.org/monitor-qc-report/v4/wrcc?unitID=sm13,1.00,7.00,11.00,12.00,4.00,0.00,0.00,0.00,0.00,0.00,0.00,0.00,0.00,0.00,0.00,0.00,0.00,0.00,0.00,0.00,0.00,0.00,0.00,0.00
01/21/19,Smoke RMK 108 (Smoke #456),39.7144,-105.124,https://wrcc.dri.edu/cgi-bin/rawMAIN4.pl?ids456+21+01+19+M,2,7,0,1.6,116,5.4,15.0,-1.5,51,75,19,814.2,14.4,14.4,14.2,2.00,24:00,https://tools.airfire.org/monitor-qc-report/v2/wrcc?unitID=s456,1.00,2.00,5.00,7.00,7.00,5.00,4.00,3.00,1.00,1.00,0.00,0.00,0.00,0.00,2.00,3.00,3.00,3.00,5.00,0.00,0.00,0.00,0.00,0.00
01/21/19,Smoke RMK 125 (Smoke #216),39.4065,-105.4825,https://wrcc.dri.edu/cgi-bin/rawMAIN4.pl?ids216+21+01+19+M,0,8,0,1.4,275,1.5,9.5,-5.2,49,73,27,749.5,14.4,14.4,14.4,2.00,24:00,https://tools.airfire.org/monitor-qc-report/v2/wrcc?unitID=s216,1.00,0.00,0.00,0.00,0.00,0.00,8.00,0.00,0.00,0.00,0.00,0.00,0.00,0.00,0.00,0.00,0.00,0.00,0.00,1.00,0.00,0.00,0.00,0.00
01/21/19,Smoke RMK 131 (USFS R2-924),39.3889,-105.2734,https://wrcc.dri.edu/cgi-bin/rawMAIN4.pl?id2924+21+01+19+M,1,8,0,1.0,182,1.1,14.4,-8.7,65,92,20,784.5,14.4,14.4,14.2,2.00,24:00,https://tools.airfire.org/monitor-qc-report/v2/wrcc?unitID=2924,3.00,0.00,0.00,1.00,0.00,0.00,1.00,0.00,0.00,1.00,2.00,2.00,1.00,0.00,0.00,0.00,0.00,8.00,0.00,0.00,0.00,0.00,0.00,0.00
01/21/19,Smoke USFS R2-69,38.9793,-105.353,https://wrcc.dri.edu/cgi-bin/rawMAIN4.pl?ids269+21+01+19+M,14,72,0,0.3,1,-2.9,9.5,-12.8,0,1,0,745.1,14.4,14.4,14.4,2.00,24:00,https://tools.airfire.org/monitor-qc-report/v4/wrcc?unitID=s269,0.00,0.00,1.00,2.00,3.00,5.00,5.00,8.00,9.00,8.00,12.00,13.00,26.00,51.00,72.00,57.00,63.00,10.00,2.00,0.00,0.00,0.00,0.00,0.00
01/21/19,Smoke USFS R3-86,35.687,-105.8956,https://wrcc.dri.edu/cgi-bin/rawMAIN4.pl?ids386+21+01+19+M,1,16,-5,0.4,32,7.5,17.7,2.2,0,-9999,-9999,-9999,14.4,14.4,14.4,16.70,24:00,https://tools.airfire.org/monitor-qc-report/v4/wrcc?unitID=s386,-4.00,7.00,2.00,-5.00,-4.00,3.00,15.00,-4.00,5.00,2.00,-5.00,-1.00,-5.00,10.00,-3.00,-5.00,9.00,3.00,-5.00,-3.00,-5.00,-5.00,12.00,-4.00
01/21/19,Smoke RMK 411 (EBAM #794),39.7144,-105.124,https://wrcc.dri.edu/cgi-bin/rawMAIN4.pl?ide794+21+01+19+M,5,17,-5,1.6,176,3.7,12.7,-3.8,0,-9999,-9999,-9999,14.4,14.4,14.4,16.67,24:00,https://tools.airfire.org/monitor-qc-report/v2/wrcc?unitID=e794,3.00,12.00,16.00,13.00,17.00,17.00,4.00,1.00,4.00,1.00,-1.00,2.00,0.00,4.00,4.00,9.00,-2.00,4.00,7.00,-5.00,1.00,-5.00,0.00,-3.00
01/21/19,Smoke RMK 415 (EBAM #925),37.4611,-108.5157,https://wrcc.dri.edu/cgi-bin/rawMAIN4.pl?ide925+21+01+19+M,2,17,-5,2.7,89,-4.4,-0.5,-7.8,68,92,46,-9999,14.3,14.3,14.3,16.70,24:00,https://tools.airfire.org/monitor-qc-report/v2/wrcc?unitID=e925,3.00,1.00,9.00,2.00,-5.00,4.00,3.00,1.00,5.00,-3.00,7.00,-2.00,1.00,2.00,1.00,2.00,-5.00,8.00,4.00,-5.00,10.00,13.00,-5.00,-5.00
