,,Position (Deg.),,,Concentration (µg/m3),,,Wind,,Air Temperature (Deg. C.),,,Humidity (Percent),,,Barometer,Battery Voltage (volts),,,Air Flow (totalizer),,,Concentration by Hour,,,,,,,,,,,,,,,,,,,,,,,
Date,Station,Latitude,Longitude,Station Chart Link,Mean,Max,Min,Ave Vel. (m/s),V. Dir. (Deg),Mean,Max,Min,Mean,Max,Min,Baro. Pressure (mbars),Mean,Max,Min,Mean,Time of latest ob,Airfire QC Report Link,0:00,1:00,2:00,3:00,4:00,5:00,6:00,7:00,8:00,9:00,10:00,11:00,12:00,13:00,14:00,15:00,16:00,17:00,18:00,19:00,20:00,21:00,22:00,23:00
08/27/20,Smoke RMK 106 (Smoke #66),39.7143,-105.1239,https://wrcc.dri.edu/cgi-bin/rawMAIN4.pl?idsm66+27+08+20+M,5,7,3,1.3,-9999,37.0,37.6,36.1,8,11,5,894.3,14.4,14.4,14.4,1.97,24:00,https://tools.airfire.org/monitor-qc-report/v2/wrcc?unitID=sm66,-9999,-9999,-9999,-9999,-9999,-9999,-9999,-9999,-9999,-9999,-9999,-9999,-9999,-9999,-9999,-9999,-9999,-9999,-9999,-9999,-9999,-9999,3.00,5.00
08/27/20,Smoke RMK 108 (Smoke #456),39.6519,-106.8286,https://wrcc.dri.edu/cgi-bin/rawMAIN4.pl?ids456+27+08+20+M,1,4,0,1.1,202,15.6,30.3,4.1,50,84,16,797.0,14.1,14.3,13.9,2.00,24:00,https://tools.airfire.org/monitor-qc-report/v2/wrcc?unitID=s456,1.00,1.00,0.00,0.00,0.00,0.00,0.00,1.00,4.00,4.00,4.00,2.00,2.00,2.00,2.00,2.00,0.00,0.00,0.00,0.00,0.00,1.00,1.00,1.00
08/27/20,Smoke RMK 109 (Smoke #84),39.7143,-105.1239,https://wrcc.dri.edu/cgi-bin/rawMAIN4.pl?ids284+27+08+20+M,11,13,10,1.2,-9999,39.3,40.6,37.6,15,20,12,820.9,13.8,14.0,13.6,1.98,24:00,https://tools.airfire.org/monitor-qc-report/v2/wrcc?unitID=s284,-9999,-9999,-9999,-9999,-9999,-9999,-9999,-9999,-9999,-9999,-9999,-9999,-9999,-9999,-9999,-9999,-9999,-9999,-9999,-9999,11.00,13.00,12.00,11.00
08/27/20,Smoke RMK 110 (Smoke #215),39.7144,-105.124,https://wrcc.dri.edu/cgi-bin/rawMAIN4.pl?ids215+27+08+20+M,0,0,0,0.3,-9999,33.3,34.0,32.6,18,19,17,822.8,14.1,14.1,14.0,1.80,24:00,https://tools.airfire.org/monitor-qc-report/v2/wrcc?unitID=s215,-9999,-9999,-9999,-9999,-9999,-9999,-9999,-9999,-9999,-9999,-9999,-9999,-9999,-9999,-9999,-9999,-9999,-9999,-9999,-9999,-9999,-9999,-9999,0.00
08/27/20,Smoke RMK 111 (Smoke #455),39.7143,-105.124,https://wrcc.dri.edu/cgi-bin/rawMAIN4.pl?ids455+27+08+20+M,6,7,3,1.2,-9999,30.9,35.2,23.7,27,37,19,821.2,12.8,13.0,12.6,1.85,24:00,https://tools.airfire.org/monitor-qc-report/v2/wrcc?unitID=s455,-9999,-9999,-9999,-9999,-9999,-9999,-9999,-9999,-9999,-9999,-9999,-9999,-9999,-9999,-9999,-9999,7.00,7.00,7.00,7.00,7.00,-9999,3.00,5.00
08/27/20,Smoke RMK 112 (Smoke #11),39.1628,-108.7301,https://wrcc.dri.edu/cgi-bin/rawMAIN4.pl?idsm11+27+08+20+M,29,48,0,1.7,102,33.8,44.0,25.9,30,44,11,853.9,14.0,14.0,13.9,1.60,24:00,https://tools.airfire.org/monitor-qc-report/v2/wrcc?unitID=sm11,10.00,30.00,32.00,36.00,43.00,42.00,41.00,40.00,43.00,44.00,45.00,46.00,47.00,48.00,48.00,47.00,36.00,0.00,6.00,6.00,2.00,4.00,3.00,3.00
08/27/20,Smoke RMK 114 (Smoke #19),40.5114,-106.0105,https://wrcc.dri.edu/cgi-bin/rawMAIN4.pl?idsm19+27+08+20+M,0,0,0,1.6,120,15.2,26.5,4.8,48,76,22,-9999,14.2,14.4,14.0,2.00,24:00,https://tools.airfire.org/monitor-qc-report/v2/wrcc?unitID=sm19,0.00,0.00,0.00,0.00,0.00,0.00,0.00,0.00,0.00,0.00,0.00,0.00,0.00,0.00,0.00,0.00,0.00,0.00,0.00,0.00,0.00,0.00,0.00,0.00
08/27/20,Smoke RMK 119 (Smoke #24),39.325,-108.2034,https://wrcc.dri.edu/cgi-bin/rawMAIN4.pl?idsm24+27+08+20+M,5,20,0,1.5,278,23.8,35.9,15.0,41,66,11,844.9,14.1,14.2,14.0,2.00,24:00,https://tools.airfire.org/monitor-qc-report/v2/wrcc?unitID=sm24,4.00,1.00,6.00,5.00,6.00,2.00,2.00,2.00,1.00,1.00,0.00,0.00,0.00,1.00,1.00,1.00,1.00,2.00,4.00,6.00,9.00,15.00,19.00,20.00
08/27/20,Smoke RMK 123 (Smoke #209),39.9348,-106.1692,https://wrcc.dri.edu/cgi-bin/rawMAIN4.pl?ids209+27+08+20+M,16,76,1,2.1,135,14.8,27.8,4.8,49,78,7,747.3,13.8,14.4,12.8,1.90,24:00,https://tools.airfire.org/monitor-qc-report/v2/wrcc?unitID=s209,6.00,5.00,6.00,7.00,6.00,8.00,10.00,7.00,8.00,7.00,8.00,26.00,76.00,29.00,22.00,25.00,24.00,30.00,29.00,25.00,13.00,8.00,4.00,1.00
08/27/20,Smoke RMK 124 (Smoke #210),40.7324,-106.2804,https://wrcc.dri.edu/cgi-bin/rawMAIN4.pl?ids210+27+08+20+M,6,8,3,0.8,130,18.1,29.3,5.2,49,86,19,756.4,14.2,14.4,14.1,2.00,24:00,https://tools.airfire.org/monitor-qc-report/v2/wrcc?unitID=s210,3.00,4.00,3.00,4.00,5.00,6.00,7.00,7.00,7.00,7.00,7.00,7.00,6.00,6.00,7.00,7.00,8.00,7.00,6.00,4.00,4.00,4.00,4.00,4.00
08/27/20,Smoke RMK 127 (Smoke #454),35.5365,-108.7272,https://wrcc.dri.edu/cgi-bin/rawMAIN4.pl?ids454+27+08+20+M,5,12,2,1.1,306,23.8,35.3,15.1,51,86,20,797.9,14.1,14.2,13.9,2.00,24:00,https://tools.airfire.org/monitor-qc-report/v2/wrcc?unitID=s454,4.00,3.00,5.00,6.00,7.00,8.00,12.00,7.00,3.00,2.00,3.00,4.00,5.00,5.00,5.00,5.00,6.00,5.00,4.00,4.00,5.00,5.00,5.00,5.00
08/27/20,Smoke RMK 128 (Smoke #457),39.5447,-107.3277,https://wrcc.dri.edu/cgi-bin/rawMAIN4.pl?ids457+27+08+20+M,5,8,4,1.9,166,23.1,36.3,12.6,49,79,15,821.4,14.1,14.3,14.0,2.00,24:00,https://tools.airfire.org/monitor-qc-report/v2/wrcc?unitID=s457,8.00,8.00,6.00,5.00,5.00,4.00,5.00,4.00,4.00,5.00,4.00,4.00,4.00,4.00,5.00,6.00,5.00,5.00,5.00,4.00,4.00,4.00,4.00,5.00
08/27/20,Smoke RMK 129 (USFS R2-922),39.935,-105.7932,https://wrcc.dri.edu/cgi-bin/rawMAIN4.pl?id2922+27+08+20+M,7,11,5,1.0,134,13.9,28.3,3.2,58,87,18,740.7,14.3,14.4,14.0,2.00,24:00,https://tools.airfire.org/monitor-qc-report/v2/wrcc?unitID=2922,10.00,9.00,8.00,8.00,7.00,6.00,7.00,7.00,6.00,6.00,6.00,6.00,6.00,7.00,8.00,8.00,9.00,8.00,10.00,11.00,7.00,6.00,6.00,7.00
08/27/20,Smoke RMK 130 (USFS R2-923),38.4571,-107.8684,https://wrcc.dri.edu/cgi-bin/rawMAIN4.pl?id2923+27+08+20+M,5,9,4,0.9,-9999,23.6,34.6,15.5,45,65,23,821.7,14.2,14.3,14.0,2.00,18:00,https://tools.airfire.org/monitor-qc-report/v2/wrcc?unitID=2923,7.00,7.00,6.00,5.00,4.00,4.00,4.00,4.00,5.00,4.00,4.00,4.00,4.00,7.00,9.00,8.00,6.00,5.00,5.00,-9999,-9999,-9999,-9999,-9999
08/27/20,Smoke USFS R2-69,38.9793,-105.353,https://wrcc.dri.edu/cgi-bin/rawMAIN4.pl?ids269+27+08+20+M,1,2,1,0.3,-9999,31.4,33.6,28.8,1,-9999,-9999,756.7,14.0,14.0,14.0,2.00,24:00,https://tools.airfire.org/monitor-qc-report/v4/wrcc?unitID=s269,-9999,-9999,-9999,-9999,-9999,-9999,-9999,-9999,-9999,-9999,-9999,-9999,-9999,-9999,-9999,-9999,-9999,-9999,2.00,2.00,1.00,1.00,1.00,1.00
08/27/20,Smoke USFS R3-28,35.6716,-105.9557,https://wrcc.dri.edu/cgi-bin/rawMAIN4.pl?ids328+27+08+20+M,8,40,-5,1.8,28,24.5,34.2,17.0,0,-9999,-9999,-9999,14.1,14.2,13.9,16.65,24:00,https://tools.airfire.org/monitor-qc-report/v4/wrcc?unitID=s328,-2.00,-5.00,5.00,9.00,11.00,11.00,5.00,6.00,4.00,5.00,7.00,21.00,15.00,15.00,28.00,40.00,23.00,6.00,-5.00,-5.00,-5.00,-2.00,0.00,5.00
08/27/20,Smoke NPS Yosemite 01,37.8774,-119.3433,https://wrcc.dri.edu/cgi-bin/rawMAIN4.pl?idsmy1+27+08+20+M,13,27,-3,0.7,142,12.0,23.5,1.2,59,92,8,-9999,14.4,14.4,14.4,16.62,24:00,https://tools.airfire.org/monitor-qc-report/v4/wrcc?unitID=smy1,17.00,23.00,15.00,24.00,23.00,27.00,27.00,26.00,19.00,20.00,20.00,8.00,6.00,9.00,2.00,4.00,0.00,-3.00,0.00,10.00,5.00,8.00,7.00,14.00
08/27/20,Smoke RMK 408 (EBAM #418),39.4108,-107.2275,https://wrcc.dri.edu/cgi-bin/rawMAIN4.pl?ide418+27+08+20+M,6,14,-5,1.1,183,16.9,29.5,5.7,48,78,13,-9999,13.9,14.0,13.8,16.70,24:00,https://tools.airfire.org/monitor-qc-report/v2/wrcc?unitID=e418,5.00,4.00,7.00,7.00,12.00,4.00,11.00,10.00,6.00,10.00,-5.00,12.00,-5.00,14.00,12.00,3.00,7.00,1.00,8.00,1.00,4.00,10.00,1.00,7.00
08/27/20,Smoke RMK 411 (EBAM #794),39.646,-106.3903,https://wrcc.dri.edu/cgi-bin/rawMAIN4.pl?ide794+27+08+20+M,5,13,-5,0.7,69,14.7,26.1,5.3,51,81,16,-9999,14.4,14.4,14.4,16.70,24:00,https://tools.airfire.org/monitor-qc-report/v2/wrcc?unitID=e794,2.00,9.00,7.00,6.00,3.00,11.00,3.00,5.00,8.00,9.00,1.00,11.00,6.00,4.00,6.00,-5.00,-3.00,7.00,1.00,-1.00,10.00,3.00,6.00,4.00
08/27/20,Smoke USFS R2-264,40.3613,-105.5636,https://wrcc.dri.edu/cgi-bin/rawMAIN4.pl?id2264+27+08+20+M,5,10,2,1.2,313,19.8,30.9,9.9,50,80,19,764.8,14.2,14.3,14.0,2.00,24:00,https://tools.airfire.org/monitor-qc-report/v4/wrcc?unitID=2264,11.00,10.00,6.00,5.00,5.00,5.00,5.00,5.00,5.00,5.00,5.00,5.00,4.00,4.00,4.00,5.00,5.00,4.00,4.00,5.00,3.00,3.00,4.00,3.00
08/27/20,Smoke USFS R2-265,40.8024,-105.5894,https://wrcc.dri.edu/cgi-bin/rawMAIN4.pl?id2265+27+08+20+M,13,20,6,1.1,213,19.5,27.8,10.6,42,65,20,750.4,14.1,14.3,14.0,2.00,24:00,https://tools.airfire.org/monitor-qc-report/v4/wrcc?unitID=2265,16.00,16.00,14.00,15.00,16.00,17.00,16.00,18.00,17.00,17.00,19.00,20.00,13.00,11.00,10.00,9.00,6.00,12.00,13.00,13.00,10.00,11.00,9.00,9.00
08/27/20,Smoke QD Test,39.389,-105.2734,https://wrcc.dri.edu/cgi-bin/rawMAIN4.pl?idsqdt+27+08+20+M,0,1,0,0.7,132,-9999,-9999,-9999,-9999,-9999,-9999,808.2,12.9,13.5,12.6,-9999,-9999,-9999,5.00,1.00,0.00,0.00,0.00,0.00,0.00,0.00,0.00,0.00,0.00,0.00,0.00,0.00,0.00,0.00,0.00,0.00,1.00,1.00,1.00,1.00,0.00,1.00
08/27/20,AQB Smoke EBAM T-1,36.039,-106.06,https://wrcc.dri.edu/cgi-bin/rawMAIN4.pl?ideat1+27+08+20+M,10,17,4,1.6,-9999,34.4,36.1,30.9,0,-9999,-9999,-9999,14.3,14.4,14.3,15.98,24:00,https://tools.airfire.org/monitor-qc-report/v4/wrcc?unitID=eat1,-9999,-9999,-9999,-9999,-9999,-9999,-9999,-9999,-9999,-9999,-9999,-9999,-9999,-9999,-9999,-9999,-9999,-9999,-9999,17.00,17.00,8.00,8.00,5.00
08/27/20,AQB Smoke EBAM T-2,35.8252,-105.9077,https://wrcc.dri.edu/cgi-bin/rawMAIN4.pl?ideat2+27+08+20+M,35,144,-5,1.9,48,20.1,29.8,12.2,0,1,0,-9999,13.9,14.0,13.7,16.67,24:00,https://tools.airfire.org/monitor-qc-report/v4/wrcc?unitID=eat2,12.00,9.00,8.00,47.00,30.00,20.00,47.00,28.00,36.00,59.00,70.00,41.00,56.00,44.00,135.00,144.00,51.00,9.00,2.00,0.00,-5.00,1.00,-3.00,4.00
