,,Position (Deg.),,,Concentration (µg/m3),,,Wind,,Air Temperature (Deg. C.),,,Humidity (Percent),,,Barometer,Battery Voltage (volts),,,Air Flow (totalizer),,,Concentration by Hour,,,,,,,,,,,,,,,,,,,,,,,
Date,Station,Latitude,Longitude,Station Chart Link,Mean,Max,Min,Ave Vel. (m/s),V. Dir. (Deg),Mean,Max,Min,Mean,Max,Min,Baro. Pressure (mbars),Mean,Max,Min,Mean,Time of latest ob,Airfire QC Report Link,0:00,1:00,2:00,3:00,4:00,5:00,6:00,7:00,8:00,9:00,10:00,11:00,12:00,13:00,14:00,15:00,16:00,17:00,18:00,19:00,20:00,21:00,22:00,23:00
06/28/19,Smoke RMK 104 (Smoke #15),39.7144,-105.1239,https://wrcc.dri.edu/cgi-bin/rawMAIN4.pl?idsm15+28+06+19+M,3,6,0,1.4,179,29.9,40.5,18.1,25,38,11,824.0,14.0,14.2,13.9,2.00,24:00,https://tools.airfire.org/monitor-qc-report/v2/wrcc?unitID=sm15,2.00,3.00,3.00,4.00,5.00,5.00,6.00,6.00,5.00,5.00,6.00,6.00,5.00,5.00,4.00,1.00,0.00,0.00,0.00,0.00,0.00,0.00,0.00,0.00
06/28/19,Smoke RMK 109 (Smoke #84),39.7144,-105.1239,https://wrcc.dri.edu/cgi-bin/rawMAIN4.pl?ids284+28+06+19+M,0,0,0,1.5,178,21.0,31.3,9.2,26,42,9,826.7,14.1,14.3,14.0,0.00,24:00,https://tools.airfire.org/monitor-qc-report/v2/wrcc?unitID=s284,0.00,0.00,0.00,0.00,0.00,0.00,0.00,0.00,0.00,0.00,0.00,0.00,0.00,0.00,0.00,0.00,0.00,0.00,0.00,0.00,0.00,0.00,0.00,0.00
06/28/19,Smoke RMK 115 (Smoke #20),37.7092,-108.7405,https://wrcc.dri.edu/cgi-bin/rawMAIN4.pl?idsm20+28+06+19+M,8,56,0,2.4,172,23.0,33.2,14.8,22,32,12,780.3,14.1,14.2,14.0,2.00,24:00,https://tools.airfire.org/monitor-qc-report/v2/wrcc?unitID=sm20,0.00,0.00,0.00,0.00,1.00,6.00,56.00,36.00,29.00,13.00,10.00,3.00,3.00,3.00,4.00,3.00,2.00,2.00,2.00,2.00,2.00,1.00,1.00,1.00
06/28/19,Smoke USFS R1-53,48.9712,-115.1951,https://wrcc.dri.edu/cgi-bin/rawMAIN4.pl?ids153+28+06+19+M,23,28,16,0.6,165,16.3,26.3,7.3,74,100,30,916.5,14.2,14.4,14.1,1.31,24:00,https://tools.airfire.org/monitor-qc-report/v4/wrcc?unitID=s153,17.00,16.00,19.00,16.00,16.00,16.00,16.00,16.00,26.00,23.00,26.00,23.00,23.00,23.00,24.00,24.00,26.00,27.00,25.00,25.00,27.00,28.00,28.00,27.00
06/28/19,Smoke USFS R2-69,38.9793,-105.353,https://wrcc.dri.edu/cgi-bin/rawMAIN4.pl?ids269+28+06+19+M,3,6,0,0.3,-9999,20.6,37.4,4.3,1,1,0,762.1,14.2,14.4,14.0,2.00,24:00,https://tools.airfire.org/monitor-qc-report/v4/wrcc?unitID=s269,1.00,1.00,1.00,2.00,3.00,4.00,5.00,6.00,6.00,6.00,6.00,6.00,6.00,-9999,6.00,6.00,4.00,2.00,0.00,0.00,0.00,0.00,0.00,0.00
06/28/19,Smoke RMK 412 (EBAM #840),37.4771,-108.487,https://wrcc.dri.edu/cgi-bin/rawMAIN4.pl?ide840+28+06+19+M,4,12,-5,0.8,-9999,15.5,29.8,1.9,35,58,11,-9999,14.3,14.4,14.3,16.70,24:00,https://tools.airfire.org/monitor-qc-report/v2/wrcc?unitID=e840,-2.00,7.00,2.00,-9999,-5.00,2.00,1.00,2.00,4.00,1.00,6.00,2.00,3.00,0.00,4.00,8.00,12.00,12.00,4.00,8.00,4.00,4.00,5.00,5.00
06/28/19,Smoke RMK 414 (EBAM #882),37.5112,-108.4835,https://wrcc.dri.edu/cgi-bin/rawMAIN4.pl?ide882+28+06+19+M,3,17,-4,1.1,157,15.3,26.7,4.8,33,53,10,-9999,14.1,14.2,14.0,16.70,24:00,https://tools.airfire.org/monitor-qc-report/v2/wrcc?unitID=e882,1.00,1.00,2.00,3.00,-1.00,3.00,5.00,-2.00,2.00,7.00,0.00,-1.00,4.00,0.00,-4.00,9.00,3.00,11.00,7.00,5.00,7.00,-3.00,17.00,5.00
06/28/19,Smoke RMK 415 (EBAM #925),39.7144,-105.1239,https://wrcc.dri.edu/cgi-bin/rawMAIN4.pl?ide925+28+06+19+M,7,16,-2,1.4,230,25.4,34.5,15.3,20,36,5,-9999,14.2,14.3,14.1,16.70,24:00,https://tools.airfire.org/monitor-qc-report/v2/wrcc?unitID=e925,9.00,8.00,11.00,16.00,9.00,10.00,12.00,5.00,1.00,9.00,10.00,7.00,3.00,9.00,-2.00,9.00,5.00,6.00,6.00,2.00,3.00,3.00,4.00,10.00
