,,Position (Deg.),,,Concentration (µg/m3),,,Wind,,Air Temperature (Deg. C.),,,Humidity (Percent),,,Barometer,Battery Voltage (volts),,,Air Flow (totalizer),,,Concentration by Hour,,,,,,,,,,,,,,,,,,,,,,,
Date,Station,Latitude,Longitude,Station Chart Link,Mean,Max,Min,Ave Vel. (m/s),V. Dir. (Deg),Mean,Max,Min,Mean,Max,Min,Baro. Pressure (mbars),Mean,Max,Min,Mean,Time of latest ob,Airfire QC Report Link,0:00,1:00,2:00,3:00,4:00,5:00,6:00,7:00,8:00,9:00,10:00,11:00,12:00,13:00,14:00,15:00,16:00,17:00,18:00,19:00,20:00,21:00,22:00,23:00
01/17/19,Smoke #13,40.1157,-105.3859,https://wrcc.dri.edu/cgi-bin/rawMAIN4.pl?idsm13+17+01+19+M,1,6,0,1.6,310,6.0,13.3,1.8,44,62,28,780.1,14.4,14.4,14.4,2.00,24:00,https://tools.airfire.org/monitor-qc-report/v4/wrcc?unitID=sm13,0.00,2.00,0.00,0.00,0.00,0.00,0.00,0.00,0.00,0.00,0.00,0.00,0.00,6.00,0.00,0.00,0.00,0.00,0.00,0.00,0.00,5.00,0.00,0.00
01/17/19,Smoke RMK 108 (Smoke #456),39.7144,-105.124,https://wrcc.dri.edu/cgi-bin/rawMAIN4.pl?ids456+17+01+19+M,1,2,0,1.4,117,6.1,15.6,-0.4,50,70,26,824.1,14.4,14.4,14.2,2.00,24:00,https://tools.airfire.org/monitor-qc-report/v2/wrcc?unitID=s456,0.00,0.00,0.00,1.00,0.00,0.00,0.00,1.00,1.00,0.00,1.00,0.00,0.00,0.00,0.00,1.00,2.00,1.00,2.00,1.00,0.00,0.00,1.00,2.00
01/17/19,Smoke RMK 125 (Smoke #216),39.4065,-105.4825,https://wrcc.dri.edu/cgi-bin/rawMAIN4.pl?ids216+17+01+19+M,1,4,0,1.6,321,1.7,13.0,-5.9,54,82,18,757.5,14.4,14.4,14.3,2.00,24:00,https://tools.airfire.org/monitor-qc-report/v2/wrcc?unitID=s216,1.00,0.00,3.00,4.00,1.00,2.00,0.00,0.00,0.00,1.00,0.00,0.00,4.00,0.00,0.00,0.00,0.00,1.00,0.00,0.00,0.00,0.00,0.00,0.00
01/17/19,Smoke RMK 131 (USFS R2-924),39.389,-105.2734,https://wrcc.dri.edu/cgi-bin/rawMAIN4.pl?id2924+17+01+19+M,5,22,0,0.9,168,0.7,18.8,-9.5,67,92,15,793.6,14.4,14.4,14.2,2.00,24:00,https://tools.airfire.org/monitor-qc-report/v2/wrcc?unitID=2924,0.00,2.00,5.00,6.00,5.00,2.00,3.00,22.00,17.00,15.00,3.00,1.00,2.00,11.00,4.00,1.00,12.00,5.00,0.00,1.00,0.00,0.00,0.00,0.00
01/17/19,Smoke USFS R2-69,38.9793,-105.353,https://wrcc.dri.edu/cgi-bin/rawMAIN4.pl?ids269+17+01+19+M,6,54,0,0.3,1,-0.8,12.6,-12.0,0,1,0,753.4,14.4,14.4,14.3,2.00,24:00,https://tools.airfire.org/monitor-qc-report/v4/wrcc?unitID=s269,0.00,0.00,0.00,0.00,1.00,1.00,3.00,3.00,5.00,8.00,6.00,5.00,10.00,16.00,19.00,19.00,54.00,4.00,0.00,0.00,0.00,0.00,0.00,0.00
01/17/19,Smoke USFS R3-86,35.687,-105.8956,https://wrcc.dri.edu/cgi-bin/rawMAIN4.pl?ids386+17+01+19+M,-1,16,-5,0.3,32,7.7,16.5,-0.8,0,-9999,-9999,-9999,14.4,14.4,14.4,16.70,24:00,https://tools.airfire.org/monitor-qc-report/v4/wrcc?unitID=s386,15.00,5.00,-1.00,8.00,-2.00,-5.00,-5.00,-5.00,-5.00,-5.00,8.00,6.00,-5.00,5.00,-5.00,16.00,-5.00,-5.00,-4.00,-5.00,-5.00,-5.00,-5.00,-5.00
01/17/19,Smoke RMK 411 (EBAM #794),39.7145,-105.124,https://wrcc.dri.edu/cgi-bin/rawMAIN4.pl?ide794+17+01+19+M,1,10,-5,1.3,176,4.6,13.0,-1.8,0,-9999,-9999,-9999,14.4,14.4,14.4,16.67,24:00,https://tools.airfire.org/monitor-qc-report/v2/wrcc?unitID=e794,7.00,1.00,2.00,1.00,2.00,0.00,2.00,5.00,0.00,-4.00,3.00,3.00,-5.00,4.00,3.00,1.00,-1.00,-4.00,1.00,3.00,-3.00,-3.00,0.00,10.00
01/17/19,Smoke RMK 415 (EBAM #925),37.4611,-108.5157,https://wrcc.dri.edu/cgi-bin/rawMAIN4.pl?ide925+17+01+19+M,2,15,-5,1.9,22,-4.1,1.6,-7.9,81,95,56,-9999,14.3,14.3,14.3,16.70,24:00,https://tools.airfire.org/monitor-qc-report/v2/wrcc?unitID=e925,-1.00,6.00,4.00,-1.00,7.00,-3.00,3.00,1.00,-2.00,6.00,-4.00,1.00,2.00,-5.00,-1.00,-1.00,-1.00,3.00,1.00,2.00,5.00,1.00,3.00,3.00
