,,Position (Deg.),,,Concentration (µg/m3),,,Wind,,Air Temperature (Deg. C.),,,Humidity (Percent),,,Barometer,Battery Voltage (volts),,,Air Flow (totalizer),,,Concentration by Hour,,,,,,,,,,,,,,,,,,,,,,,
Date,Station,Latitude,Longitude,Station Chart Link,Mean,Max,Min,Ave Vel. (m/s),V. Dir. (Deg),Mean,Max,Min,Mean,Max,Min,Baro. Pressure (mbars),Mean,Max,Min,Mean,Time of latest ob,Airfire QC Report Link,0:00,1:00,2:00,3:00,4:00,5:00,6:00,7:00,8:00,9:00,10:00,11:00,12:00,13:00,14:00,15:00,16:00,17:00,18:00,19:00,20:00,21:00,22:00,23:00
10/21/23,Smoke RMK 101 (Smoke #660),39.7144,-105.1239,https://wrcc.dri.edu/cgi-bin/rawMAIN4.pl?ids660+21+10+23+M,2,3,1,1.4,246,18.5,26.1,9.6,22,36,13,825.9,14.6,14.6,14.5,2.00,24:00,https://tools.airfire.org/monitor-qc-report/v2/wrcc?unitID=s660,1.00,3.00,3.00,3.00,2.00,1.00,1.00,1.00,1.00,1.00,1.00,1.00,1.00,1.00,3.00,2.00,1.00,1.00,1.00,1.00,1.00,2.00,2.00,1.00
10/21/23,Smoke RMK 103 (Smoke #662),39.7144,-105.124,https://wrcc.dri.edu/cgi-bin/rawMAIN4.pl?ids662+21+10+23+M,0,0,0,1.4,255,16.5,24.3,7.6,24,38,14,822.4,14.6,14.6,14.5,2.00,24:00,https://tools.airfire.org/monitor-qc-report/v2/wrcc?unitID=s662,0.00,0.00,0.00,0.00,0.00,0.00,0.00,0.00,0.00,0.00,0.00,0.00,0.00,0.00,0.00,0.00,0.00,0.00,0.00,0.00,0.00,0.00,0.00,0.00
10/21/23,Smoke RMK 127 (Smoke #454),39.7143,-105.124,https://wrcc.dri.edu/cgi-bin/rawMAIN4.pl?ids454+21+10+23+M,0,1,0,1.5,-9999,15.2,25.0,11.9,44,48,36,823.3,14.2,14.3,14.0,2.00,7:00,https://tools.airfire.org/monitor-qc-report/v2/wrcc?unitID=s454,0.00,0.00,1.00,1.00,1.00,0.00,0.00,0.00,-9999,-9999,-9999,-9999,-9999,-9999,-9999,-9999,-9999,-9999,-9999,-9999,-9999,-9999,-9999,-9999
10/21/23,Smoke USFS R3-86,35.6871,-105.8956,https://wrcc.dri.edu/cgi-bin/rawMAIN4.pl?ids386+21+10+23+M,2,16,-5,0.6,315,13.7,24.9,5.8,1,-9999,-9999,-9999,14.1,14.2,14.0,16.70,24:00,https://tools.airfire.org/monitor-qc-report/v4/wrcc?unitID=s386,0.00,12.00,-5.00,-5.00,1.00,-1.00,3.00,1.00,-1.00,1.00,5.00,5.00,-1.00,4.00,1.00,-2.00,-4.00,16.00,8.00,8.00,3.00,5.00,2.00,-3.00
10/21/23,Smoke RMK 408 (EBAM #418),37.4715,-108.5163,https://wrcc.dri.edu/cgi-bin/rawMAIN4.pl?ide418+21+10+23+M,2,9,-5,1.4,34,14.7,26.5,6.3,21,31,8,-9999,14.3,14.4,14.3,16.70,24:00,https://tools.airfire.org/monitor-qc-report/v2/wrcc?unitID=e418,3.00,6.00,0.00,-2.00,0.00,3.00,3.00,1.00,-1.00,2.00,-1.00,3.00,4.00,0.00,-1.00,-4.00,-5.00,7.00,9.00,0.00,5.00,6.00,8.00,1.00
10/21/23,Smoke RMK 400 (EBAM #487),39.7144,-105.1239,https://wrcc.dri.edu/cgi-bin/rawMAIN4.pl?ide487+21+10+23+M,3,13,-4,1.3,252,18.1,25.8,9.4,31,42,23,-9999,11.6,11.7,11.6,12.50,24:00,https://tools.airfire.org/monitor-qc-report/v2/wrcc?unitID=e487,3.00,7.00,1.00,13.00,4.00,7.00,2.00,3.00,5.00,4.00,-1.00,5.00,2.00,5.00,-1.00,2.00,-4.00,1.00,2.00,-2.00,3.00,4.00,2.00,-1.00
10/21/23,Smoke RMK 414 (EBAM #882),37.3502,-108.2908,https://wrcc.dri.edu/cgi-bin/rawMAIN4.pl?ide882+21+10+23+M,3,12,-5,0.3,49,8.5,22.2,-2.5,20,37,1,-9999,13.6,13.7,13.5,16.70,24:00,https://tools.airfire.org/monitor-qc-report/v2/wrcc?unitID=e882,-5.00,0.00,12.00,-5.00,4.00,8.00,6.00,1.00,-4.00,0.00,9.00,-4.00,1.00,2.00,-1.00,-5.00,10.00,0.00,5.00,3.00,3.00,11.00,5.00,3.00
10/21/23,Smoke USFS R2-264,40.7788,-105.4746,https://wrcc.dri.edu/cgi-bin/rawMAIN4.pl?id2264+21+10+23+M,94,375,0,0.9,213,13.6,25.7,3.7,75,-9999,-9999,764.4,14.3,14.4,14.1,2.00,24:00,https://tools.airfire.org/monitor-qc-report/v4/wrcc?unitID=2264,17.00,69.00,34.00,4.00,0.00,5.00,31.00,113.00,303.00,375.00,366.00,280.00,212.00,239.00,150.00,70.00,3.00,1.00,2.00,1.00,0.00,1.00,1.00,1.00
