,,Position (Deg.),,,Concentration (µg/m3),,,Wind,,Air Temperature (Deg. C.),,,Humidity (Percent),,,Barometer,Battery Voltage (volts),,,Air Flow (totalizer),,,Concentration by Hour,,,,,,,,,,,,,,,,,,,,,,,
Date,Station,Latitude,Longitude,Station Chart Link,Mean,Max,Min,Ave Vel. (m/s),V. Dir. (Deg),Mean,Max,Min,Mean,Max,Min,Baro. Pressure (mbars),Mean,Max,Min,Mean,Time of latest ob,Airfire QC Report Link,0:00,1:00,2:00,3:00,4:00,5:00,6:00,7:00,8:00,9:00,10:00,11:00,12:00,13:00,14:00,15:00,16:00,17:00,18:00,19:00,20:00,21:00,22:00,23:00
10/11/18,Smoke RMK 110 (Smoke #215),39.7144,-105.124,https://wrcc.dri.edu/cgi-bin/rawMAIN4.pl?ids215+11+10+18+M,5,11,1,0.9,61,9.7,14.0,8.4,86,95,64,821.6,14.4,14.4,14.3,2.00,24:00,https://tools.airfire.org/monitor-qc-report/v2/wrcc?unitID=s215,1.00,2.00,2.00,1.00,1.00,2.00,2.00,2.00,2.00,2.00,3.00,3.00,3.00,3.00,2.00,3.00,5.00,9.00,10.00,8.00,7.00,7.00,8.00,11.00
10/11/18,Smoke RMK 119 (Smoke #24),39.7145,-105.1239,https://wrcc.dri.edu/cgi-bin/rawMAIN4.pl?idsm24+11+10+18+M,2,10,1,0.7,-9999,3.3,4.1,2.9,87,90,81,821.8,14.4,14.4,14.4,2.00,17:00,https://tools.airfire.org/monitor-qc-report/v2/wrcc?unitID=sm24,1.00,1.00,1.00,1.00,1.00,1.00,2.00,1.00,1.00,2.00,2.00,3.00,3.00,3.00,2.00,3.00,5.00,10.00,-9999,-9999,-9999,-9999,-9999,-9999
10/11/18,Smoke RMK 122 (Smoke #69),39.7144,-105.124,https://wrcc.dri.edu/cgi-bin/rawMAIN4.pl?idsm69+11+10+18+M,5,14,1,0.3,-9999,5.5,9.9,4.6,95,100,74,821.6,14.4,14.4,14.4,2.00,19:00,https://tools.airfire.org/monitor-qc-report/v2/wrcc?unitID=sm69,2.00,2.00,1.00,1.00,2.00,2.00,2.00,2.00,3.00,3.00,4.00,4.00,3.00,2.00,3.00,6.00,11.00,14.00,12.00,11.00,-9999,-9999,-9999,-9999
10/11/18,Smoke RMK 125 (Smoke #216),39.5141,-105.5038,https://wrcc.dri.edu/cgi-bin/rawMAIN4.pl?ids216+11+10+18+M,0,2,0,1.1,298,2.3,11.6,-5.3,80,95,49,728.7,14.4,14.4,14.3,2.00,24:00,https://tools.airfire.org/monitor-qc-report/v2/wrcc?unitID=s216,0.00,0.00,0.00,0.00,0.00,0.00,0.00,0.00,0.00,0.00,0.00,0.00,0.00,0.00,0.00,0.00,0.00,0.00,0.00,0.00,0.00,0.00,0.00,0.00
10/11/18,Smoke RMK 131 (USFS R2-924),39.1276,-105.0754,https://wrcc.dri.edu/cgi-bin/rawMAIN4.pl?id2924+11+10+18+M,0,2,0,0.8,235,5.0,15.2,-2.0,79,98,42,749.3,14.4,14.4,14.2,2.00,24:00,https://tools.airfire.org/monitor-qc-report/v2/wrcc?unitID=2924,0.00,0.00,0.00,0.00,1.00,2.00,2.00,1.00,1.00,1.00,0.00,0.00,0.00,0.00,0.00,0.00,0.00,0.00,0.00,0.00,0.00,0.00,0.00,0.00
10/11/18,FWS Smoke #1,39.1599,-105.1202,https://wrcc.dri.edu/cgi-bin/rawMAIN4.pl?idsmf1+11+10+18+M,0,2,0,0.9,322,5.7,17.4,-1.2,78,99,38,779.2,14.4,14.4,14.3,2.00,24:00,https://tools.airfire.org/monitor-qc-report/v4/wrcc?unitID=smf1,0.00,1.00,0.00,0.00,1.00,1.00,1.00,2.00,0.00,1.00,1.00,1.00,1.00,0.00,0.00,0.00,0.00,0.00,0.00,0.00,0.00,0.00,0.00,0.00
10/11/18,Smoke USFS R1-53,46.9268,-114.0962,https://wrcc.dri.edu/cgi-bin/rawMAIN4.pl?ids153+11+10+18+M,5,8,2,0.3,-9999,14.9,15.2,14.6,1,-9999,-9999,891.4,14.1,14.2,14.1,2.00,24:00,https://tools.airfire.org/monitor-qc-report/v4/wrcc?unitID=s153,-9999,-9999,-9999,-9999,-9999,-9999,-9999,-9999,-9999,-9999,-9999,-9999,-9999,-9999,-9999,-9999,-9999,-9999,-9999,-9999,-9999,-9999,-9999,8.00
10/11/18,Smoke USFS R2-69,38.9793,-105.353,https://wrcc.dri.edu/cgi-bin/rawMAIN4.pl?ids269+11+10+18+M,0,1,0,0.3,1,4.1,14.0,-1.8,0,1,0,752.5,14.4,14.4,14.3,2.00,24:00,https://tools.airfire.org/monitor-qc-report/v4/wrcc?unitID=s269,0.00,0.00,1.00,0.00,0.00,0.00,0.00,0.00,0.00,0.00,0.00,1.00,1.00,1.00,1.00,1.00,0.00,0.00,0.00,0.00,0.00,0.00,0.00,0.00
10/11/18,Smoke USFS R3-86,35.687,-105.8956,https://wrcc.dri.edu/cgi-bin/rawMAIN4.pl?ids386+11+10+18+M,2,16,-5,0.3,325,16.2,25.1,9.0,0,1,0,-9999,14.4,14.4,14.4,16.70,24:00,https://tools.airfire.org/monitor-qc-report/v4/wrcc?unitID=s386,-5.00,-5.00,5.00,1.00,-2.00,-5.00,0.00,15.00,5.00,-5.00,16.00,-5.00,14.00,-3.00,2.00,5.00,-5.00,9.00,-5.00,-1.00,7.00,2.00,11.00,-5.00
10/11/18,Smoke RMK 408 (EBAM #418),37.7092,-108.7405,https://wrcc.dri.edu/cgi-bin/rawMAIN4.pl?ide418+11+10+18+M,9,52,-5,2.2,196,2.0,4.8,0.1,71,86,56,-9999,13.8,14.0,13.6,16.70,24:00,https://tools.airfire.org/monitor-qc-report/v2/wrcc?unitID=e418,-5.00,6.00,28.00,21.00,25.00,5.00,5.00,-4.00,17.00,33.00,16.00,-5.00,-5.00,1.00,1.00,-3.00,14.00,5.00,-3.00,-1.00,10.00,0.00,9.00,52.00
10/11/18,Smoke RMK 415 (EBAM #925),37.461,-108.5157,https://wrcc.dri.edu/cgi-bin/rawMAIN4.pl?ide925+11+10+18+M,5,15,-5,1.3,63,3.3,5.4,1.7,79,91,65,-9999,14.3,14.3,14.3,16.70,24:00,https://tools.airfire.org/monitor-qc-report/v2/wrcc?unitID=e925,10.00,2.00,8.00,3.00,0.00,13.00,12.00,4.00,5.00,1.00,2.00,6.00,1.00,7.00,15.00,8.00,8.00,2.00,-1.00,1.00,2.00,5.00,4.00,-5.00
