,,Position (Deg.),,,Concentration (µg/m3),,,Wind,,Air Temperature (Deg. C.),,,Humidity (Percent),,,Barometer,Battery Voltage (volts),,,Air Flow (totalizer),,,Concentration by Hour,,,,,,,,,,,,,,,,,,,,,,,
Date,Station,Latitude,Longitude,Station Chart Link,Mean,Max,Min,Ave Vel. (m/s),V. Dir. (Deg),Mean,Max,Min,Mean,Max,Min,Baro. Pressure (mbars),Mean,Max,Min,Mean,Time of latest ob,Airfire QC Report Link,0:00,1:00,2:00,3:00,4:00,5:00,6:00,7:00,8:00,9:00,10:00,11:00,12:00,13:00,14:00,15:00,16:00,17:00,18:00,19:00,20:00,21:00,22:00,23:00
04/17/24,Smoke RMK 100 (Smoke #659),44.0219,-121.2602,https://wrcc.dri.edu/cgi-bin/rawMAIN4.pl?ids659+17+04+24+M,2,4,0,1.1,7,3.1,11.5,-6.6,61,99,28,895.4,14.4,14.4,14.3,2.00,24:00,https://tools.airfire.org/monitor-qc-report/v2/wrcc?unitID=s659,2.00,2.00,2.00,1.00,1.00,1.00,2.00,2.00,3.00,2.00,3.00,3.00,3.00,3.00,3.00,4.00,4.00,2.00,1.00,1.00,1.00,0.00,0.00,0.00
04/17/24,Smoke RMK 102 (Smoke #661),37.3054,-107.4882,https://wrcc.dri.edu/cgi-bin/rawMAIN4.pl?ids661+17+04+24+M,2,3,1,1.2,330,7.9,17.8,0.0,42,63,21,767.1,14.4,14.4,14.4,2.00,24:00,https://tools.airfire.org/monitor-qc-report/v2/wrcc?unitID=s661,2.00,2.00,1.00,1.00,1.00,1.00,1.00,2.00,2.00,2.00,1.00,1.00,1.00,1.00,2.00,1.00,1.00,1.00,2.00,2.00,3.00,2.00,2.00,1.00
04/17/24,Smoke RMK 103 (Smoke #662),37.2272,-107.601,https://wrcc.dri.edu/cgi-bin/rawMAIN4.pl?ids662+17+04+24+M,1,3,1,1.2,328,12.3,21.6,2.3,40,68,17,790.1,14.6,14.6,14.4,2.00,24:00,https://tools.airfire.org/monitor-qc-report/v2/wrcc?unitID=s662,1.00,1.00,1.00,1.00,2.00,2.00,2.00,1.00,1.00,1.00,1.00,1.00,1.00,1.00,2.00,1.00,1.00,3.00,1.00,1.00,1.00,1.00,1.00,1.00
04/17/24,Smoke RMK 106 (Smoke #66),39.7144,-105.124,https://wrcc.dri.edu/cgi-bin/rawMAIN4.pl?idsm66+17+04+24+M,3,4,2,1.6,318,20.2,27.3,13.7,27,40,18,821.9,14.5,14.5,14.5,2.00,24:00,https://tools.airfire.org/monitor-qc-report/v2/wrcc?unitID=sm66,1.00,2.00,2.00,3.00,3.00,3.00,2.00,3.00,3.00,3.00,3.00,3.00,3.00,4.00,4.00,3.00,2.00,2.00,2.00,2.00,2.00,2.00,2.00,2.00
04/17/24,Smoke RMK 107 (Smoke #67),39.7143,-105.124,https://wrcc.dri.edu/cgi-bin/rawMAIN4.pl?idsm67+17+04+24+M,2,4,1,1.7,306,18.4,25.4,12.0,26,39,17,821.3,14.5,14.5,14.4,2.00,24:00,https://tools.airfire.org/monitor-qc-report/v2/wrcc?unitID=sm67,1.00,2.00,1.00,1.00,1.00,1.00,1.00,1.00,1.00,2.00,3.00,3.00,3.00,3.00,4.00,3.00,1.00,1.00,1.00,1.00,1.00,1.00,1.00,1.00
04/17/24,Smoke RMK 108 (Smoke #456),-7.9895,-147.3991,https://wrcc.dri.edu/cgi-bin/rawMAIN4.pl?ids456+17+04+24+M,1,1,1,2.0,251,11.0,18.6,6.0,38,49,22,742.9,14.5,14.5,14.5,2.00,24:00,https://tools.airfire.org/monitor-qc-report/v2/wrcc?unitID=s456,1.00,1.00,1.00,1.00,1.00,1.00,1.00,1.00,1.00,1.00,1.00,1.00,1.00,1.00,1.00,1.00,1.00,1.00,1.00,1.00,1.00,1.00,1.00,1.00
04/17/24,Smoke RMK 113 (Smoke #16),39.7143,-105.1239,https://wrcc.dri.edu/cgi-bin/rawMAIN4.pl?idsm16+17+04+24+M,1,2,1,0.6,15,18.4,24.3,13.1,7,22,0,821.5,14.5,14.5,14.5,2.00,24:00,https://tools.airfire.org/monitor-qc-report/v2/wrcc?unitID=sm16,1.00,1.00,1.00,1.00,1.00,1.00,1.00,1.00,1.00,1.00,1.00,2.00,2.00,2.00,2.00,1.00,1.00,1.00,1.00,1.00,1.00,1.00,1.00,2.00
04/17/24,Smoke RMK 122 (Smoke #69),43.9979,-121.4053,https://wrcc.dri.edu/cgi-bin/rawMAIN4.pl?idsm69+17+04+24+M,1,2,1,0.8,275,2.0,9.6,-5.5,60,90,27,880.7,14.4,14.4,14.3,2.00,24:00,https://tools.airfire.org/monitor-qc-report/v2/wrcc?unitID=sm69,1.00,1.00,2.00,2.00,2.00,1.00,1.00,1.00,1.00,1.00,1.00,1.00,1.00,1.00,1.00,1.00,2.00,2.00,2.00,1.00,1.00,1.00,1.00,1.00
04/17/24,Smoke RMK 123 (Smoke #209),39.9427,-105.2493,https://wrcc.dri.edu/cgi-bin/rawMAIN4.pl?ids209+17+04+24+M,1,2,1,3.0,225,17.7,24.4,12.3,29,40,19,823.4,14.5,14.5,14.4,2.00,24:00,https://tools.airfire.org/monitor-qc-report/v2/wrcc?unitID=s209,1.00,1.00,1.00,1.00,1.00,1.00,1.00,1.00,1.00,1.00,1.00,1.00,1.00,1.00,1.00,1.00,2.00,2.00,1.00,1.00,1.00,1.00,1.00,1.00
04/17/24,Smoke RMK 124 (Smoke #210),37.3502,-108.2908,https://wrcc.dri.edu/cgi-bin/rawMAIN4.pl?ids210+17+04+24+M,2,7,1,0.9,155,9.0,19.4,-2.5,41,73,18,786.3,14.4,14.5,14.3,2.00,24:00,https://tools.airfire.org/monitor-qc-report/v2/wrcc?unitID=s210,1.00,1.00,1.00,1.00,1.00,6.00,7.00,1.00,1.00,1.00,2.00,1.00,1.00,2.00,2.00,2.00,2.00,1.00,1.00,1.00,1.00,1.00,1.00,1.00
04/17/24,Smoke RMK 125 (Smoke #216),37.4716,-108.5163,https://wrcc.dri.edu/cgi-bin/rawMAIN4.pl?ids216+17+04+24+M,1,1,1,2.6,-9999,22.5,23.5,20.6,28,29,26,785.8,14.5,14.5,14.5,1.82,24:00,https://tools.airfire.org/monitor-qc-report/v2/wrcc?unitID=s216,-9999,-9999,-9999,-9999,-9999,-9999,-9999,-9999,-9999,-9999,-9999,-9999,-9999,-9999,-9999,-9999,-9999,-9999,-9999,-9999,-9999,1.00,1.00,1.00
04/17/24,Smoke USFS R2-65,39.7144,-105.124,https://wrcc.dri.edu/cgi-bin/rawMAIN4.pl?ids265+17+04+24+M,1,2,1,1.7,297,18.7,25.8,11.8,26,42,17,821.2,14.5,14.6,14.5,2.00,24:00,https://tools.airfire.org/monitor-qc-report/v4/wrcc?unitID=s265,2.00,2.00,1.00,1.00,2.00,1.00,1.00,1.00,1.00,1.00,1.00,1.00,1.00,2.00,2.00,1.00,1.00,1.00,1.00,1.00,1.00,1.00,1.00,1.00
04/17/24,Smoke USFS R3-86,35.687,-105.8956,https://wrcc.dri.edu/cgi-bin/rawMAIN4.pl?ids386+17+04+24+M,1,11,-5,0.6,343,3.4,15.3,-6.6,1,-9999,-9999,-9999,13.9,14.0,13.9,16.70,24:00,https://tools.airfire.org/monitor-qc-report/v4/wrcc?unitID=s386,-5.00,-1.00,2.00,-5.00,8.00,-3.00,-1.00,-1.00,2.00,-2.00,6.00,3.00,-1.00,1.00,-5.00,0.00,5.00,11.00,5.00,-3.00,4.00,3.00,-1.00,-5.00
04/17/24,Smoke USFS R1-307,46.584,-112.042,https://wrcc.dri.edu/cgi-bin/rawMAIN4.pl?id1307+17+04+24+M,0,1,0,0.9,109,4.5,13.2,0.0,55,81,29,-9999,14.4,14.4,14.2,2.00,24:00,https://tools.airfire.org/monitor-qc-report/v4/wrcc?unitID=1307,0.00,0.00,1.00,0.00,0.00,0.00,0.00,0.00,0.00,0.00,0.00,0.00,0.00,0.00,0.00,0.00,0.00,0.00,0.00,0.00,0.00,0.00,0.00,0.00
04/17/24,Smoke USFS R2-264,40.7421,-105.5086,https://wrcc.dri.edu/cgi-bin/rawMAIN4.pl?id2264+17+04+24+M,0,0,0,2.2,253,10.1,18.8,2.8,47,77,30,767.8,14.3,14.4,14.1,2.00,24:00,https://tools.airfire.org/monitor-qc-report/v4/wrcc?unitID=2264,0.00,0.00,0.00,0.00,0.00,0.00,0.00,0.00,0.00,0.00,0.00,0.00,0.00,0.00,0.00,0.00,0.00,0.00,0.00,0.00,0.00,0.00,0.00,0.00
