,,Position (Deg.),,,Concentration (µg/m3),,,Wind,,Air Temperature (Deg. C.),,,Humidity (Percent),,,Barometer,Battery Voltage (volts),,,Air Flow (totalizer),,,Concentration by Hour,,,,,,,,,,,,,,,,,,,,,,,
Date,Station,Latitude,Longitude,Station Chart Link,Mean,Max,Min,Ave Vel. (m/s),V. Dir. (Deg),Mean,Max,Min,Mean,Max,Min,Baro. Pressure (mbars),Mean,Max,Min,Mean,Time of latest ob,Airfire QC Report Link,0:00,1:00,2:00,3:00,4:00,5:00,6:00,7:00,8:00,9:00,10:00,11:00,12:00,13:00,14:00,15:00,16:00,17:00,18:00,19:00,20:00,21:00,22:00,23:00
11/05/18,Smoke RMK 104 (Smoke #15),40.0771,-105.9296,https://wrcc.dri.edu/cgi-bin/rawMAIN4.pl?idsm15+05+11+18+M,0,0,0,1.6,262,3.3,7.9,0.8,70,86,51,749.0,14.4,14.4,14.4,2.00,24:00,https://tools.airfire.org/monitor-qc-report/v2/wrcc?unitID=sm15,0.00,0.00,0.00,0.00,0.00,0.00,0.00,0.00,0.00,0.00,0.00,0.00,0.00,0.00,0.00,0.00,0.00,0.00,0.00,0.00,0.00,0.00,0.00,0.00
11/05/18,Smoke RMK 112 (Smoke #11),39.7144,-105.1239,https://wrcc.dri.edu/cgi-bin/rawMAIN4.pl?idsm11+05+11+18+M,3,6,0,1.7,-9999,8.2,12.2,5.6,34,45,21,816.1,14.3,14.4,14.2,2.00,19:00,https://tools.airfire.org/monitor-qc-report/v2/wrcc?unitID=sm11,0.00,0.00,0.00,1.00,2.00,1.00,2.00,2.00,3.00,4.00,5.00,6.00,6.00,6.00,5.00,4.00,2.00,0.00,0.00,0.00,-9999,-9999,-9999,-9999
11/05/18,Smoke RMK 116 (Smoke #21),40.0735,-106.0979,https://wrcc.dri.edu/cgi-bin/rawMAIN4.pl?idsm21+05+11+18+M,2,6,0,0.4,346,2.6,8.2,0.4,80,93,60,-9999,14.4,14.4,14.4,2.00,24:00,https://tools.airfire.org/monitor-qc-report/v2/wrcc?unitID=sm21,1.00,1.00,1.00,1.00,3.00,2.00,6.00,3.00,1.00,1.00,1.00,1.00,1.00,1.00,1.00,1.00,2.00,3.00,2.00,2.00,0.00,1.00,0.00,1.00
11/05/18,Smoke RMK 117 (Smoke #22),39.7144,-105.124,https://wrcc.dri.edu/cgi-bin/rawMAIN4.pl?idsm22+05+11+18+M,0,1,0,2.6,131,9.0,13.7,5.3,35,49,20,815.5,14.3,14.4,14.2,2.00,24:00,https://tools.airfire.org/monitor-qc-report/v2/wrcc?unitID=sm22,0.00,0.00,0.00,0.00,0.00,0.00,0.00,0.00,0.00,0.00,0.00,0.00,1.00,1.00,1.00,0.00,0.00,0.00,0.00,0.00,0.00,0.00,0.00,0.00
11/05/18,Smoke RMK 121 (Smoke #68),39.7144,-105.124,https://wrcc.dri.edu/cgi-bin/rawMAIN4.pl?idsm68+05+11+18+M,0,0,0,2.7,-9999,9.1,14.3,5.6,38,52,21,814.1,14.4,14.4,14.4,2.00,21:00,https://tools.airfire.org/monitor-qc-report/v2/wrcc?unitID=sm68,0.00,0.00,0.00,0.00,0.00,0.00,0.00,0.00,0.00,0.00,0.00,0.00,0.00,0.00,0.00,0.00,0.00,0.00,0.00,0.00,0.00,0.00,-9999,-9999
11/05/18,Smoke RMK 125 (Smoke #216),39.5141,-105.5038,https://wrcc.dri.edu/cgi-bin/rawMAIN4.pl?ids216+05+11+18+M,0,4,0,2.5,224,2.0,7.9,-1.5,45,69,28,722.5,14.4,14.4,14.4,2.00,24:00,https://tools.airfire.org/monitor-qc-report/v2/wrcc?unitID=s216,1.00,0.00,0.00,0.00,1.00,4.00,0.00,0.00,1.00,0.00,0.00,0.00,0.00,0.00,0.00,0.00,0.00,0.00,0.00,0.00,0.00,0.00,0.00,0.00
11/05/18,Smoke RMK 131 (USFS R2-924),39.1276,-105.0754,https://wrcc.dri.edu/cgi-bin/rawMAIN4.pl?id2924+05+11+18+M,0,0,0,1.1,268,5.2,13.5,-1.3,47,71,22,743.6,14.4,14.4,14.3,2.00,24:00,https://tools.airfire.org/monitor-qc-report/v2/wrcc?unitID=2924,0.00,0.00,0.00,0.00,0.00,0.00,0.00,0.00,0.00,0.00,0.00,0.00,0.00,0.00,0.00,0.00,0.00,0.00,0.00,0.00,0.00,0.00,0.00,0.00
11/05/18,FWS Smoke #1,39.1599,-105.1202,https://wrcc.dri.edu/cgi-bin/rawMAIN4.pl?idsmf1+05+11+18+M,1,1,0,1.4,262,5.1,13.1,-3.6,55,89,23,773.1,14.4,14.4,14.3,2.00,24:00,https://tools.airfire.org/monitor-qc-report/v4/wrcc?unitID=smf1,0.00,0.00,0.00,0.00,0.00,1.00,1.00,1.00,1.00,1.00,1.00,1.00,1.00,1.00,1.00,1.00,1.00,1.00,0.00,0.00,0.00,0.00,0.00,0.00
11/05/18,Smoke USFS R2-69,38.9793,-105.353,https://wrcc.dri.edu/cgi-bin/rawMAIN4.pl?ids269+05+11+18+M,1,3,0,0.3,1,2.9,9.2,-2.4,0,1,0,747.2,14.4,14.4,14.4,2.00,24:00,https://tools.airfire.org/monitor-qc-report/v4/wrcc?unitID=s269,0.00,0.00,0.00,2.00,1.00,1.00,1.00,3.00,3.00,2.00,1.00,1.00,1.00,1.00,1.00,1.00,1.00,0.00,0.00,0.00,0.00,0.00,0.00,0.00
11/05/18,Smoke USFS R3-86,35.687,-105.8956,https://wrcc.dri.edu/cgi-bin/rawMAIN4.pl?ids386+05+11+18+M,3,26,-5,0.3,235,13.1,21.1,6.0,1,1,0,-9999,14.4,14.4,14.4,16.70,24:00,https://tools.airfire.org/monitor-qc-report/v4/wrcc?unitID=s386,5.00,0.00,4.00,-5.00,4.00,3.00,12.00,6.00,-5.00,26.00,15.00,-3.00,6.00,-4.00,-5.00,4.00,-2.00,-3.00,-5.00,-5.00,10.00,8.00,4.00,6.00
11/05/18,Smoke RMK 407 (EBAM #231),39.7144,-105.1239,https://wrcc.dri.edu/cgi-bin/rawMAIN4.pl?ide231+05+11+18+M,1,4,0,1.9,-9999,7.1,9.8,4.6,24,31,16,-9999,13.8,13.8,13.7,16.37,24:00,https://tools.airfire.org/monitor-qc-report/v2/wrcc?unitID=e231,-9999,-9999,-9999,-9999,-9999,-9999,-9999,-9999,-9999,-9999,-9999,-9999,-9999,-9999,-9999,-9999,-9999,-9999,-9999,-9999,-9999,-9999,0.00,0.00
11/05/18,Smoke RMK 415 (EBAM #925),37.4611,-108.5157,https://wrcc.dri.edu/cgi-bin/rawMAIN4.pl?ide925+05+11+18+M,3,8,-5,2.0,280,2.4,8.4,-5.9,42,77,17,-9999,14.3,14.3,14.3,16.70,24:00,https://tools.airfire.org/monitor-qc-report/v2/wrcc?unitID=e925,-2.00,-1.00,1.00,0.00,4.00,1.00,5.00,2.00,5.00,8.00,4.00,-5.00,3.00,3.00,6.00,-5.00,6.00,6.00,-3.00,3.00,7.00,4.00,-4.00,3.00
