,,Position (Deg.),,,Concentration (µg/m3),,,Wind,,Air Temperature (Deg. C.),,,Humidity (Percent),,,Barometer,Battery Voltage (volts),,,Air Flow (totalizer),,,Concentration by Hour,,,,,,,,,,,,,,,,,,,,,,,
Date,Station,Latitude,Longitude,Station Chart Link,Mean,Max,Min,Ave Vel. (m/s),V. Dir. (Deg),Mean,Max,Min,Mean,Max,Min,Baro. Pressure (mbars),Mean,Max,Min,Mean,Time of latest ob,Airfire QC Report Link,0:00,1:00,2:00,3:00,4:00,5:00,6:00,7:00,8:00,9:00,10:00,11:00,12:00,13:00,14:00,15:00,16:00,17:00,18:00,19:00,20:00,21:00,22:00,23:00
08/06/22,Smoke RMK 106 (Smoke #66),39.7143,-105.1239,https://wrcc.dri.edu/cgi-bin/rawMAIN4.pl?idsm66+06+08+22+M,3,4,2,1.1,179,23.4,29.5,17.9,42,55,28,827.2,14.5,14.5,14.5,2.00,24:00,https://tools.airfire.org/monitor-qc-report/v2/wrcc?unitID=sm66,3.00,3.00,3.00,3.00,3.00,3.00,3.00,4.00,3.00,3.00,3.00,3.00,2.00,2.00,2.00,2.00,2.00,3.00,3.00,3.00,3.00,2.00,3.00,2.00
08/06/22,Smoke RMK 107 (Smoke #67),39.7143,-105.1239,https://wrcc.dri.edu/cgi-bin/rawMAIN4.pl?idsm67+06+08+22+M,3,4,2,1.2,179,23.1,29.7,17.6,42,55,28,827.0,14.5,14.5,14.5,2.00,24:00,https://tools.airfire.org/monitor-qc-report/v2/wrcc?unitID=sm67,0.00,3.00,3.00,3.00,3.00,3.00,3.00,4.00,3.00,3.00,3.00,3.00,2.00,2.00,2.00,2.00,2.00,3.00,3.00,3.00,3.00,2.00,3.00,2.00
08/06/22,Smoke RMK 114 (Smoke #19),45.2539,-113.8883,https://wrcc.dri.edu/cgi-bin/rawMAIN4.pl?idsm19+06+08+22+M,15,47,3,1.7,51,19.4,28.1,11.8,46,85,15,879.7,14.1,14.2,14.0,2.00,24:00,https://tools.airfire.org/monitor-qc-report/v2/wrcc?unitID=sm19,77.00,47.00,17.00,40.00,28.00,6.00,4.00,8.00,5.00,4.00,3.00,3.00,5.00,18.00,23.00,11.00,14.00,17.00,20.00,14.00,10.00,20.00,14.00,10.00
08/06/22,Smoke RMK 121 (Smoke #68),44.8518,-113.6193,https://wrcc.dri.edu/cgi-bin/rawMAIN4.pl?idsm68+06+08+22+M,10,35,2,0.3,1,23.7,31.2,18.1,69,97,39,841.5,14.2,14.3,14.1,2.00,24:00,https://tools.airfire.org/monitor-qc-report/v2/wrcc?unitID=sm68,9.00,8.00,5.00,4.00,4.00,2.00,3.00,3.00,3.00,3.00,3.00,3.00,3.00,4.00,4.00,12.00,31.00,35.00,26.00,16.00,16.00,13.00,10.00,12.00
08/06/22,Smoke RMK 124 (Smoke #210),45.4081,-113.9965,https://wrcc.dri.edu/cgi-bin/rawMAIN4.pl?ids210+06+08+22+M,5,26,1,1.3,290,22.6,32.0,14.0,33,84,12,889.4,14.1,14.2,14.0,2.00,24:00,https://tools.airfire.org/monitor-qc-report/v2/wrcc?unitID=s210,2.00,1.00,1.00,1.00,1.00,1.00,1.00,1.00,1.00,1.00,1.00,2.00,1.00,7.00,3.00,3.00,2.00,2.00,8.00,21.00,26.00,21.00,13.00,2.00
08/06/22,Smoke RMK 126 (Smoke #217),45.0879,-114.2409,https://wrcc.dri.edu/cgi-bin/rawMAIN4.pl?ids217+06+08+22+M,23,60,0,0.3,2,20.5,32.6,12.9,50,92,18,843.9,13.4,14.3,12.6,2.00,24:00,https://tools.airfire.org/monitor-qc-report/v2/wrcc?unitID=s217,1.00,1.00,2.00,6.00,22.00,50.00,60.00,60.00,54.00,51.00,52.00,42.00,41.00,38.00,25.00,15.00,9.00,5.00,4.00,4.00,4.00,2.00,2.00,1.00
08/06/22,Smoke RMK 400 (EBAM #487),39.7144,-105.1239,https://wrcc.dri.edu/cgi-bin/rawMAIN4.pl?ide487+06+08+22+M,3,12,-8,1.1,174,24.2,29.7,18.6,45,56,35,-9999,11.7,11.7,11.7,12.50,24:00,https://tools.airfire.org/monitor-qc-report/v2/wrcc?unitID=e487,0.00,1.00,5.00,8.00,0.00,6.00,3.00,6.00,3.00,2.00,3.00,4.00,7.00,12.00,4.00,0.00,-7.00,-8.00,4.00,2.00,1.00,-3.00,2.00,8.00
08/06/22,Smoke RMK 410 (EBAM #787),39.7143,-105.124,https://wrcc.dri.edu/cgi-bin/rawMAIN4.pl?ide787+06+08+22+M,5,12,-1,1.1,177,31.8,31.9,31.8,38,55,24,-9999,14.4,14.4,14.4,16.70,24:00,https://tools.airfire.org/monitor-qc-report/v2/wrcc?unitID=e787,0.00,12.00,3.00,5.00,6.00,1.00,7.00,2.00,2.00,11.00,6.00,-1.00,6.00,6.00,1.00,2.00,5.00,4.00,-1.00,4.00,9.00,6.00,10.00,3.00
