,,Position (Deg.),,,Concentration (µg/m3),,,Wind,,Air Temperature (Deg. C.),,,Humidity (Percent),,,Barometer,Battery Voltage (volts),,,Air Flow (totalizer),,,Concentration by Hour,,,,,,,,,,,,,,,,,,,,,,,
Date,Station,Latitude,Longitude,Station Chart Link,Mean,Max,Min,Ave Vel. (m/s),V. Dir. (Deg),Mean,Max,Min,Mean,Max,Min,Baro. Pressure (mbars),Mean,Max,Min,Mean,Time of latest ob,Airfire QC Report Link,0:00,1:00,2:00,3:00,4:00,5:00,6:00,7:00,8:00,9:00,10:00,11:00,12:00,13:00,14:00,15:00,16:00,17:00,18:00,19:00,20:00,21:00,22:00,23:00
06/30/13,Smoke RMK 104 (Smoke #15),33.1483,-107.2485,https://wrcc.dri.edu/cgi-bin/rawMAIN4.pl?idsm15+30+06+13+M,11,36,5,1.2,-9999,33.8,44.8,26.1,25,39,11,864.7,14.0,14.0,13.9,2.00,24:00,https://tools.airfire.org/monitor-qc-report/v2/wrcc?unitID=sm15,24.00,18.00,36.00,-9999,18.00,18.00,6.00,6.00,8.00,8.00,7.00,8.00,7.00,9.00,7.00,6.00,5.00,6.00,10.00,17.00,11.00,10.00,9.00,7.00
06/30/13,Smoke RMK 107 (Smoke #67),36.0177,-106.0655,https://wrcc.dri.edu/cgi-bin/rawMAIN4.pl?idsm67+30+06+13+M,3,6,1,0.5,196,28.6,40.6,18.7,38,66,18,831.0,14.0,14.2,13.9,2.00,24:00,https://tools.airfire.org/monitor-qc-report/v2/wrcc?unitID=sm67,4.00,4.00,3.00,6.00,5.00,3.00,1.00,1.00,1.00,1.00,1.00,1.00,2.00,1.00,1.00,1.00,2.00,2.00,3.00,3.00,4.00,4.00,5.00,2.00
06/30/13,Smoke USFS R9-17,43.8159,-71.666,https://wrcc.dri.edu/cgi-bin/rawMAIN4.pl?ids917+30+06+13+M,4,7,2,0.8,-9999,25.4,33.6,19.1,82,100,47,985.5,10.2,14.1,-71.7,2.00,24:00,https://tools.airfire.org/monitor-qc-report/v4/wrcc?unitID=s917,5.00,2.00,-9999,-9999,3.00,3.00,3.00,4.00,5.00,7.00,6.00,3.00,3.00,4.00,5.00,4.00,2.00,2.00,2.00,2.00,3.00,5.00,5.00,4.00
06/30/13,Smoke USFS R1-53,46.9268,-114.0962,https://wrcc.dri.edu/cgi-bin/rawMAIN4.pl?ids153+30+06+13+M,0,0,0,1.1,258,26.7,40.3,17.3,51,82,21,905.0,14.2,14.3,14.0,0.00,24:00,https://tools.airfire.org/monitor-qc-report/v4/wrcc?unitID=s153,0.00,0.00,0.00,0.00,0.00,0.00,0.00,0.00,0.00,0.00,0.00,0.00,0.00,0.00,0.00,0.00,0.00,0.00,0.00,0.00,0.00,0.00,0.00,0.00
06/30/13,Smoke USFS R2-65,37.2737,-106.9875,https://wrcc.dri.edu/cgi-bin/rawMAIN4.pl?ids265+30+06+13+M,11,22,3,0.3,-9999,20.6,33.3,9.7,70,100,47,788.1,14.4,14.4,14.4,2.00,24:00,https://tools.airfire.org/monitor-qc-report/v4/wrcc?unitID=s265,15.00,13.00,11.00,-9999,12.00,11.00,18.00,16.00,22.00,13.00,10.00,12.00,13.00,9.00,8.00,14.00,17.00,15.00,5.00,4.00,3.00,7.00,6.00,3.00
06/30/13,Smoke USFS R2-69,37.6967,-106.5159,https://wrcc.dri.edu/cgi-bin/rawMAIN4.pl?ids269+30+06+13+M,12,32,0,0.3,-9999,18.3,28.6,10.0,1,-9999,-9999,760.9,14.2,14.4,12.9,2.00,24:00,https://tools.airfire.org/monitor-qc-report/v4/wrcc?unitID=s269,13.00,0.00,8.00,8.00,12.00,10.00,20.00,10.00,11.00,7.00,15.00,17.00,18.00,23.00,27.00,32.00,0.00,9.00,-9999,-9999,6.00,9.00,11.00,4.00
06/30/13,Smoke USFS R2-78,37.8466,-106.926,https://wrcc.dri.edu/cgi-bin/rawMAIN4.pl?ids278+30+06+13+M,37,157,0,0.3,-9999,15.3,28.4,7.2,0,1,0,742.5,14.2,14.4,14.0,2.00,24:00,https://tools.airfire.org/monitor-qc-report/v4/wrcc?unitID=s278,14.00,17.00,5.00,-9999,5.00,5.00,4.00,2.00,3.00,3.00,8.00,9.00,10.00,18.00,7.00,68.00,147.00,148.00,157.00,143.00,96.00,0.00,0.00,0.00
06/30/13,Smoke USFS R3-28,35.994,-105.3714,https://wrcc.dri.edu/cgi-bin/rawMAIN4.pl?ids328+30+06+13+M,8,32,-5,1.0,-9999,17.2,27.5,7.1,0,1,0,-10.0,14.4,14.4,14.3,16.69,24:00,https://tools.airfire.org/monitor-qc-report/v4/wrcc?unitID=s328,3.00,1.00,-1.00,-9999,-2.00,-1.00,-2.00,2.00,-1.00,-5.00,10.00,-3.00,-1.00,11.00,3.00,4.00,22.00,32.00,9.00,27.00,22.00,20.00,18.00,-5.00
