,,Position (Deg.),,,Concentration (µg/m3),,,Wind,,Air Temperature (Deg. C.),,,Humidity (Percent),,,Barometer,Battery Voltage (volts),,,Air Flow (totalizer),,,Concentration by Hour,,,,,,,,,,,,,,,,,,,,,,,
Date,Station,Latitude,Longitude,Station Chart Link,Mean,Max,Min,Ave Vel. (m/s),V. Dir. (Deg),Mean,Max,Min,Mean,Max,Min,Baro. Pressure (mbars),Mean,Max,Min,Mean,Time of latest ob,Airfire QC Report Link,0:00,1:00,2:00,3:00,4:00,5:00,6:00,7:00,8:00,9:00,10:00,11:00,12:00,13:00,14:00,15:00,16:00,17:00,18:00,19:00,20:00,21:00,22:00,23:00
06/28/13,Smoke RMK 104 (Smoke #15),33.1483,-107.2485,https://wrcc.dri.edu/cgi-bin/rawMAIN4.pl?idsm15+28+06+13+M,5,11,2,1.4,243,35.1,44.9,25.5,12,23,4,866.1,13.9,14.0,13.9,2.00,24:00,https://tools.airfire.org/monitor-qc-report/v2/wrcc?unitID=sm15,1.00,2.00,2.00,3.00,4.00,4.00,4.00,8.00,11.00,6.00,6.00,8.00,7.00,7.00,6.00,6.00,4.00,3.00,3.00,3.00,3.00,2.00,2.00,2.00
06/28/13,Smoke RMK 107 (Smoke #67),36.0177,-106.0656,https://wrcc.dri.edu/cgi-bin/rawMAIN4.pl?idsm67+28+06+13+M,12,47,0,0.8,172,31.5,42.3,22.5,26,50,7,833.2,14.0,14.1,13.9,2.00,24:00,https://tools.airfire.org/monitor-qc-report/v2/wrcc?unitID=sm67,14.00,30.00,47.00,10.00,6.00,4.00,4.00,4.00,1.00,0.00,0.00,5.00,11.00,15.00,9.00,11.00,9.00,6.00,5.00,6.00,8.00,6.00,47.00,30.00
06/28/13,FWS Smoke #1,37.6768,-106.3409,https://wrcc.dri.edu/cgi-bin/rawMAIN4.pl?idsmf1+28+06+13+M,107,238,0,1.8,-9999,22.1,33.0,14.1,32,43,14,770.6,14.2,14.4,14.1,2.00,20:00,https://tools.airfire.org/monitor-qc-report/v4/wrcc?unitID=smf1,0.00,0.00,4.00,59.00,63.00,61.00,114.00,110.00,238.00,235.00,238.00,207.00,180.00,181.00,157.00,140.00,118.00,30.00,2.00,0.00,0.00,-9999,-9999,-9999
06/28/13,Smoke USFS R9-17,43.8159,-71.666,https://wrcc.dri.edu/cgi-bin/rawMAIN4.pl?ids917+28+06+13+M,1,9,0,0.7,132,18.9,23.4,15.6,94,98,88,980.8,13.9,14.2,13.0,2.00,24:00,https://tools.airfire.org/monitor-qc-report/v4/wrcc?unitID=s917,5.00,6.00,9.00,5.00,1.00,0.00,0.00,0.00,0.00,0.00,0.00,0.00,0.00,0.00,0.00,0.00,0.00,0.00,0.00,0.00,0.00,1.00,1.00,1.00
06/28/13,Smoke USFS R1-53,46.9269,-114.0962,https://wrcc.dri.edu/cgi-bin/rawMAIN4.pl?ids153+28+06+13+M,0,0,0,0.8,270,25.1,41.4,14.7,49,80,17,910.3,14.2,14.3,14.0,0.00,24:00,https://tools.airfire.org/monitor-qc-report/v4/wrcc?unitID=s153,0.00,0.00,0.00,0.00,0.00,0.00,0.00,0.00,0.00,0.00,0.00,0.00,0.00,0.00,0.00,0.00,0.00,0.00,0.00,0.00,0.00,0.00,0.00,0.00
06/28/13,Smoke USFS R2-69,37.6769,-106.3409,https://wrcc.dri.edu/cgi-bin/rawMAIN4.pl?ids269+28+06+13+M,135,341,2,0.3,1,22.6,32.4,13.5,1,-9999,-9999,770.5,14.2,14.3,14.0,2.00,24:00,https://tools.airfire.org/monitor-qc-report/v4/wrcc?unitID=s269,42.00,57.00,120.00,118.00,116.00,188.00,157.00,341.00,298.00,319.00,253.00,232.00,240.00,214.00,193.00,170.00,51.00,46.00,22.00,5.00,3.00,2.00,11.00,45.00
06/28/13,Smoke USFS R2-78,37.8468,-106.926,https://wrcc.dri.edu/cgi-bin/rawMAIN4.pl?ids278+28+06+13+M,168,706,4,0.3,1,17.9,30.1,8.3,0,1,0,745.5,14.2,14.4,14.0,2.00,24:00,https://tools.airfire.org/monitor-qc-report/v4/wrcc?unitID=s278,22.00,48.00,45.00,42.00,36.00,27.00,27.00,21.00,30.00,54.00,106.00,91.00,105.00,153.00,200.00,274.00,369.00,600.00,706.00,509.00,331.00,43.00,20.00,4.00
06/28/13,Smoke USFS R3-28,35.994,-105.3714,https://wrcc.dri.edu/cgi-bin/rawMAIN4.pl?ids328+28+06+13+M,13,46,-3,1.3,311,20.1,32.2,11.8,0,1,0,-10.0,14.4,14.4,14.3,16.69,24:00,https://tools.airfire.org/monitor-qc-report/v4/wrcc?unitID=s328,12.00,15.00,8.00,23.00,17.00,10.00,12.00,12.00,10.00,10.00,7.00,9.00,5.00,4.00,23.00,20.00,12.00,18.00,46.00,25.00,24.00,7.00,0.00,-3.00
