,,Position (Deg.),,,Concentration (µg/m3),,,Wind,,Air Temperature (Deg. C.),,,Humidity (Percent),,,Barometer,Battery Voltage (volts),,,Air Flow (totalizer),,,Concentration by Hour,,,,,,,,,,,,,,,,,,,,,,,
Date,Station,Latitude,Longitude,Station Chart Link,Mean,Max,Min,Ave Vel. (m/s),V. Dir. (Deg),Mean,Max,Min,Mean,Max,Min,Baro. Pressure (mbars),Mean,Max,Min,Mean,Time of latest ob,Airfire QC Report Link,0:00,1:00,2:00,3:00,4:00,5:00,6:00,7:00,8:00,9:00,10:00,11:00,12:00,13:00,14:00,15:00,16:00,17:00,18:00,19:00,20:00,21:00,22:00,23:00
09/10/14,Smoke #13,44.4363,-118.1893,https://wrcc.dri.edu/cgi-bin/rawMAIN4.pl?idsm13+10+09+14+M,8,24,0,1.4,317,14.6,25.9,3.4,49,83,25,876.9,14.2,14.4,14.0,2.00,24:00,https://tools.airfire.org/monitor-qc-report/v4/wrcc?unitID=sm13,0.00,0.00,0.00,0.00,2.00,4.00,5.00,7.00,24.00,22.00,13.00,19.00,22.00,19.00,20.00,19.00,7.00,2.00,2.00,2.00,2.00,2.00,2.00,2.00
09/10/14,Smoke RMK 110 (Smoke #215),44.2609,-121.1469,https://wrcc.dri.edu/cgi-bin/rawMAIN4.pl?ids215+10+09+14+M,2,3,1,1.4,-9999,16.0,27.2,6.2,57,83,32,912.8,14.2,14.4,14.0,2.00,24:00,https://tools.airfire.org/monitor-qc-report/v2/wrcc?unitID=s215,2.00,1.00,1.00,1.00,1.00,2.00,1.00,1.00,3.00,1.00,1.00,2.00,1.00,2.00,1.00,3.00,2.00,2.00,2.00,2.00,1.00,-9999,2.00,2.00
09/10/14,Smoke RMK 114 (Smoke #19),43.9145,-122.8224,https://wrcc.dri.edu/cgi-bin/rawMAIN4.pl?idsm19+10+09+14+M,6,43,1,1.0,-9999,13.7,27.2,7.1,70,89,33,-9999,14.3,14.4,14.1,2.00,18:00,https://tools.airfire.org/monitor-qc-report/v2/wrcc?unitID=sm19,1.00,1.00,1.00,2.00,2.00,1.00,1.00,1.00,1.00,1.00,1.00,1.00,1.00,1.00,2.00,4.00,10.00,36.00,43.00,-9999,-9999,-9999,-9999,-9999
09/10/14,Smoke RMK 115 (Smoke #20),43.7594,-122.5343,https://wrcc.dri.edu/cgi-bin/rawMAIN4.pl?idsm20+10+09+14+M,71,207,1,0.6,158,17.6,30.3,10.4,68,97,28,-9999,14.3,14.4,14.0,2.00,24:00,https://tools.airfire.org/monitor-qc-report/v2/wrcc?unitID=sm20,2.00,2.00,10.00,43.00,92.00,129.00,138.00,171.00,207.00,172.00,135.00,112.00,92.00,85.00,75.00,62.00,43.00,26.00,27.00,54.00,23.00,4.00,4.00,1.00
09/10/14,Smoke RMK 117 (Smoke #22),43.7485,-122.4677,https://wrcc.dri.edu/cgi-bin/rawMAIN4.pl?idsm22+10+09+14+M,31,138,1,0.7,182,21.0,37.4,10.1,58,92,21,974.1,14.2,14.4,14.0,2.00,24:00,https://tools.airfire.org/monitor-qc-report/v2/wrcc?unitID=sm22,1.00,1.00,3.00,42.00,138.00,126.00,106.00,45.00,20.00,13.00,13.00,18.00,13.00,10.00,11.00,11.00,12.00,27.00,37.00,28.00,54.00,5.00,5.00,1.00
09/10/14,Smoke USFS R1-53,47.5354,-113.7211,https://wrcc.dri.edu/cgi-bin/rawMAIN4.pl?ids153+10+09+14+M,2,13,0,0.9,-9999,8.6,12.2,4.6,82,100,64,890.5,14.4,14.4,14.1,2.00,24:00,https://tools.airfire.org/monitor-qc-report/v4/wrcc?unitID=s153,2.00,3.00,1.00,-9999,-9999,-9999,-9999,-9999,-9999,-9999,-9999,-9999,-9999,-9999,0.00,13.00,5.00,1.00,0.00,0.00,0.00,-9999,0.00,0.00
09/10/14,Smoke USFS R1-39,46.9269,-114.0962,https://wrcc.dri.edu/cgi-bin/rawMAIN4.pl?ids139+10+09+14+M,0,0,0,1.0,195,12.3,16.4,9.3,63,79,47,905.5,14.4,14.4,14.4,0.00,24:00,https://tools.airfire.org/monitor-qc-report/v4/wrcc?unitID=s139,0.00,0.00,0.00,0.00,0.00,0.00,0.00,0.00,0.00,0.00,0.00,0.00,0.00,0.00,0.00,0.00,0.00,0.00,0.00,0.00,0.00,0.00,0.00,0.00
09/10/14,Smoke USFS R3-28,35.8034,-106.5888,https://wrcc.dri.edu/cgi-bin/rawMAIN4.pl?ids328+10+09+14+M,2,7,-5,0.6,193,12.9,19.5,6.0,0,1,0,-10.0,14.2,14.3,14.2,16.69,24:00,https://tools.airfire.org/monitor-qc-report/v4/wrcc?unitID=s328,-2.00,1.00,3.00,0.00,1.00,0.00,-2.00,5.00,-4.00,2.00,1.00,1.00,3.00,6.00,-5.00,-3.00,1.00,7.00,-1.00,7.00,5.00,6.00,0.00,2.00
