,,Position (Deg.),,,Concentration (µg/m3),,,Wind,,Air Temperature (Deg. C.),,,Humidity (Percent),,,Barometer,Battery Voltage (volts),,,Air Flow (totalizer),,,Concentration by Hour,,,,,,,,,,,,,,,,,,,,,,,
Date,Station,Latitude,Longitude,Station Chart Link,Mean,Max,Min,Ave Vel. (m/s),V. Dir. (Deg),Mean,Max,Min,Mean,Max,Min,Baro. Pressure (mbars),Mean,Max,Min,Mean,Time of latest ob,Airfire QC Report Link,0:00,1:00,2:00,3:00,4:00,5:00,6:00,7:00,8:00,9:00,10:00,11:00,12:00,13:00,14:00,15:00,16:00,17:00,18:00,19:00,20:00,21:00,22:00,23:00
10/16/20,Smoke RMK 108 (Smoke #456),39.7144,-105.124,https://wrcc.dri.edu/cgi-bin/rawMAIN4.pl?ids456+16+10+20+M,1,1,1,0.8,-9999,23.7,24.0,23.4,16,17,16,821.8,14.3,14.3,14.3,2.00,24:00,https://tools.airfire.org/monitor-qc-report/v2/wrcc?unitID=s456,-9999,-9999,-9999,-9999,-9999,-9999,-9999,-9999,-9999,-9999,-9999,-9999,-9999,-9999,-9999,-9999,-9999,-9999,-9999,-9999,-9999,-9999,-9999,1.00
10/16/20,Smoke RMK 119 (Smoke #24),39.7144,-105.1239,https://wrcc.dri.edu/cgi-bin/rawMAIN4.pl?idsm24+16+10+20+M,2,34,0,0.8,-9999,7.9,25.1,0.4,54,76,15,831.2,14.3,14.4,14.1,2.00,24:00,https://tools.airfire.org/monitor-qc-report/v2/wrcc?unitID=sm24,0.00,0.00,0.00,0.00,0.00,0.00,0.00,0.00,0.00,0.00,0.00,0.00,0.00,0.00,0.00,0.00,0.00,0.00,0.00,0.00,-9999,-9999,34.00,0.00
10/16/20,Smoke RMK 122 (Smoke #69),38.9986,-119.163,https://wrcc.dri.edu/cgi-bin/rawMAIN4.pl?idsm69+16+10+20+M,3,5,1,0.9,295,12.7,25.8,3.2,35,53,10,874.9,14.2,14.4,14.0,2.00,24:00,https://tools.airfire.org/monitor-qc-report/v2/wrcc?unitID=sm69,4.00,2.00,2.00,2.00,3.00,4.00,4.00,4.00,3.00,4.00,4.00,4.00,4.00,4.00,4.00,5.00,5.00,4.00,2.00,2.00,1.00,2.00,2.00,2.00
10/16/20,Smoke RMK 123 (Smoke #209),39.7143,-105.1239,https://wrcc.dri.edu/cgi-bin/rawMAIN4.pl?ids209+16+10+20+M,2,7,0,0.3,-9999,5.4,15.0,0.0,58,76,28,830.3,14.4,14.4,14.3,2.00,20:00,https://tools.airfire.org/monitor-qc-report/v2/wrcc?unitID=s209,2.00,3.00,6.00,7.00,1.00,0.00,1.00,1.00,1.00,1.00,1.00,0.00,0.00,1.00,1.00,1.00,1.00,2.00,3.00,3.00,2.00,-9999,-9999,-9999
10/16/20,Smoke RMK 127 (Smoke #454),39.7143,-105.124,https://wrcc.dri.edu/cgi-bin/rawMAIN4.pl?ids454+16+10+20+M,0,1,0,0.5,179,6.9,22.1,-1.6,54,79,17,828.5,14.3,14.4,14.1,2.00,24:00,https://tools.airfire.org/monitor-qc-report/v2/wrcc?unitID=s454,0.00,0.00,0.00,0.00,0.00,0.00,0.00,0.00,0.00,0.00,0.00,0.00,0.00,0.00,0.00,0.00,0.00,0.00,0.00,0.00,0.00,0.00,0.00,0.00
10/16/20,Smoke USFS R1-53,47.9507,-116.6017,https://wrcc.dri.edu/cgi-bin/rawMAIN4.pl?ids153+16+10+20+M,5,17,2,1.1,51,8.0,11.0,4.8,70,91,56,922.9,14.4,14.4,14.3,2.00,24:00,https://tools.airfire.org/monitor-qc-report/v4/wrcc?unitID=s153,2.00,2.00,3.00,3.00,2.00,2.00,9.00,17.00,8.00,4.00,4.00,4.00,5.00,5.00,5.00,5.00,5.00,5.00,4.00,5.00,5.00,5.00,5.00,5.00
10/16/20,Smoke USFS R2-65,39.7143,-105.1239,https://wrcc.dri.edu/cgi-bin/rawMAIN4.pl?ids265+16+10+20+M,1,2,0,1.2,-9999,23.3,25.2,21.4,13,15,11,823.8,13.1,13.2,13.0,2.00,24:00,https://tools.airfire.org/monitor-qc-report/v4/wrcc?unitID=s265,-9999,-9999,-9999,-9999,-9999,-9999,-9999,-9999,-9999,-9999,-9999,-9999,-9999,-9999,-9999,-9999,-9999,-9999,-9999,-9999,0.00,0.00,1.00,2.00
10/16/20,Smoke USFS R3-28,35.6715,-105.9557,https://wrcc.dri.edu/cgi-bin/rawMAIN4.pl?ids328+16+10+20+M,-5,-5,-5,2.4,166,13.9,23.0,6.2,0,-9999,-9999,-9999,14.4,14.4,14.4,0.00,24:00,https://tools.airfire.org/monitor-qc-report/v4/wrcc?unitID=s328,-5.00,-5.00,-5.00,-5.00,-5.00,-5.00,-5.00,-5.00,-5.00,-5.00,-5.00,-5.00,-5.00,-5.00,-5.00,-5.00,-5.00,-5.00,-5.00,-5.00,-5.00,-5.00,-5.00,-5.00
10/16/20,Smoke RMK 412 (EBAM #840),39.9635,-105.5161,https://wrcc.dri.edu/cgi-bin/rawMAIN4.pl?ide840+16+10+20+M,6,38,-5,2.0,57,-1.3,7.7,-9.4,40,83,14,-9999,14.3,14.3,14.2,16.70,24:00,https://tools.airfire.org/monitor-qc-report/v2/wrcc?unitID=e840,9.00,14.00,18.00,1.00,8.00,2.00,9.00,-5.00,16.00,-5.00,0.00,2.00,-1.00,1.00,-5.00,-1.00,5.00,1.00,-1.00,-4.00,4.00,38.00,33.00,7.00
10/16/20,Smoke RMK 414 (EBAM #882),39.7143,-105.1239,https://wrcc.dri.edu/cgi-bin/rawMAIN4.pl?ide882+16+10+20+M,4,8,-3,0.5,-9999,-0.1,6.8,-3.1,54,63,27,-9999,14.1,14.1,14.0,16.69,13:00,https://tools.airfire.org/monitor-qc-report/v2/wrcc?unitID=e882,7.00,8.00,8.00,3.00,3.00,3.00,3.00,5.00,4.00,4.00,-3.00,3.00,5.00,3.00,-9999,-9999,-9999,-9999,-9999,-9999,-9999,-9999,-9999,-9999
10/16/20,Smoke USFS R2-264,40.3613,-105.5637,https://wrcc.dri.edu/cgi-bin/rawMAIN4.pl?id2264+16+10+20+M,18,69,0,1.9,261,7.0,20.0,-2.7,40,79,20,765.8,14.3,14.4,14.1,2.00,24:00,https://tools.airfire.org/monitor-qc-report/v4/wrcc?unitID=2264,0.00,0.00,2.00,0.00,0.00,0.00,1.00,0.00,1.00,8.00,35.00,25.00,38.00,34.00,30.00,37.00,26.00,25.00,31.00,53.00,69.00,23.00,0.00,0.00
10/16/20,Smoke USFS R2-265,40.8023,-105.5892,https://wrcc.dri.edu/cgi-bin/rawMAIN4.pl?id2265+16+10+20+M,1,6,0,2.9,234,1.9,11.9,-6.4,42,74,25,750.3,14.4,14.4,14.3,2.00,24:00,https://tools.airfire.org/monitor-qc-report/v4/wrcc?unitID=2265,0.00,0.00,1.00,1.00,1.00,1.00,5.00,6.00,2.00,0.00,1.00,0.00,0.00,1.00,1.00,0.00,0.00,0.00,1.00,2.00,0.00,0.00,0.00,4.00
10/16/20,CARB EBAMS 1,38.6967,-122.0189,https://wrcc.dri.edu/cgi-bin/rawMAIN4.pl?idsce1+16+10+20+M,4,12,-5,0.3,331,26.4,32.5,21.8,11,14,6,-9999,14.4,14.4,14.4,16.70,24:00,https://tools.airfire.org/monitor-qc-report/v4/wrcc?unitID=sce1,12.00,5.00,6.00,12.00,-5.00,5.00,7.00,7.00,-2.00,2.00,4.00,2.00,2.00,4.00,3.00,-1.00,4.00,-5.00,7.00,3.00,1.00,8.00,8.00,9.00
10/16/20,CARB EBAMS 2,39.3964,-121.1438,https://wrcc.dri.edu/cgi-bin/rawMAIN4.pl?idsce2+16+10+20+M,34,184,-5,0.7,-9999,30.6,32.8,28.7,8,10,5,-9999,14.4,14.4,14.4,16.70,24:00,https://tools.airfire.org/monitor-qc-report/v4/wrcc?unitID=sce2,-9999,-9999,-9999,-9999,-9999,-9999,-9999,-9999,-9999,-9999,-9999,-9999,-9999,-9999,-9999,-9999,-9999,-9999,-9999,184.00,2.00,6.00,-5.00,8.00
