,,Position (Deg.),,,Concentration (µg/m3),,,Wind,,Air Temperature (Deg. C.),,,Humidity (Percent),,,Barometer,Battery Voltage (volts),,,Air Flow (totalizer),,,Concentration by Hour,,,,,,,,,,,,,,,,,,,,,,,
Date,Station,Latitude,Longitude,Station Chart Link,Mean,Max,Min,Ave Vel. (m/s),V. Dir. (Deg),Mean,Max,Min,Mean,Max,Min,Baro. Pressure (mbars),Mean,Max,Min,Mean,Time of latest ob,Airfire QC Report Link,0:00,1:00,2:00,3:00,4:00,5:00,6:00,7:00,8:00,9:00,10:00,11:00,12:00,13:00,14:00,15:00,16:00,17:00,18:00,19:00,20:00,21:00,22:00,23:00
11/07/15,Smoke RMK 118 (Smoke #23),39.8862,-105.7637,https://wrcc.dri.edu/cgi-bin/rawMAIN4.pl?idsm23+07+11+15+M,7,25,1,1.2,231,-3.4,8.4,-12.4,72,85,43,728.0,14.4,14.4,14.3,2.00,24:00,https://tools.airfire.org/monitor-qc-report/v2/wrcc?unitID=sm23,25.00,25.00,13.00,9.00,7.00,11.00,16.00,16.00,5.00,2.00,1.00,2.00,3.00,3.00,3.00,3.00,2.00,2.00,11.00,6.00,10.00,9.00,6.00,4.00
11/07/15,Smoke RMK 131 (USFS R2-924),39.1003,-105.0936,https://wrcc.dri.edu/cgi-bin/rawMAIN4.pl?id2924+07+11+15+M,1,3,0,1.1,171,-0.2,18.0,-10.2,57,90,6,770.5,14.4,14.4,14.3,2.00,24:00,https://tools.airfire.org/monitor-qc-report/v2/wrcc?unitID=2924,1.00,0.00,1.00,0.00,1.00,1.00,0.00,2.00,1.00,3.00,2.00,1.00,1.00,2.00,3.00,2.00,2.00,2.00,0.00,0.00,0.00,0.00,0.00,0.00
11/07/15,Smoke USFS R1-52,47.5353,-113.7207,https://wrcc.dri.edu/cgi-bin/rawMAIN4.pl?ids152+07+11+15+M,3,9,0,0.6,98,3.9,11.1,0.6,75,90,46,893.1,14.4,14.4,14.2,2.00,24:00,https://tools.airfire.org/monitor-qc-report/v4/wrcc?unitID=s152,3.00,2.00,6.00,4.00,6.00,4.00,9.00,3.00,3.00,2.00,2.00,2.00,3.00,2.00,3.00,4.00,2.00,2.00,1.00,0.00,0.00,0.00,0.00,0.00
11/07/15,Smoke USFS R2-69,38.9792,-105.3531,https://wrcc.dri.edu/cgi-bin/rawMAIN4.pl?ids269+07+11+15+M,3,7,0,0.3,1,-1.5,15.8,-12.9,0,1,0,760.6,14.4,14.4,14.2,2.00,24:00,https://tools.airfire.org/monitor-qc-report/v4/wrcc?unitID=s269,1.00,6.00,5.00,6.00,4.00,5.00,0.00,1.00,2.00,1.00,6.00,3.00,5.00,5.00,4.00,0.00,0.00,0.00,0.00,0.00,0.00,0.00,0.00,3.00
11/07/15,Smoke USFS R3-28,35.6714,-105.9557,https://wrcc.dri.edu/cgi-bin/rawMAIN4.pl?ids328+07+11+15+M,4,16,-5,1.6,81,1.7,7.1,-3.1,0,-9999,-9999,-10.0,14.4,14.4,14.4,16.69,24:00,https://tools.airfire.org/monitor-qc-report/v4/wrcc?unitID=s328,-1.00,-5.00,-1.00,1.00,7.00,11.00,5.00,7.00,5.00,3.00,0.00,3.00,0.00,5.00,2.00,5.00,16.00,11.00,5.00,12.00,6.00,0.00,1.00,-5.00
11/07/15,Smoke USFS R1-306,45.4119,-116.3294,https://wrcc.dri.edu/cgi-bin/rawMAIN4.pl?id1306+07+11+15+M,6,12,1,1.3,230,6.5,14.9,1.6,74,92,32,-9999,14.4,14.4,14.2,2.00,24:00,https://tools.airfire.org/monitor-qc-report/v4/wrcc?unitID=1306,3.00,2.00,3.00,3.00,4.00,6.00,6.00,8.00,10.00,9.00,9.00,12.00,11.00,10.00,10.00,11.00,6.00,4.00,1.00,1.00,2.00,3.00,3.00,2.00
11/07/15,Smoke USFS R2-264,39.9192,-105.7845,https://wrcc.dri.edu/cgi-bin/rawMAIN4.pl?id2264+07+11+15+M,1,7,0,1.0,262,-3.4,8.1,-12.4,69,89,36,740.9,14.4,14.4,14.4,2.00,24:00,https://tools.airfire.org/monitor-qc-report/v4/wrcc?unitID=2264,0.00,0.00,0.00,0.00,0.00,1.00,1.00,0.00,0.00,7.00,7.00,2.00,0.00,1.00,2.00,2.00,1.00,0.00,0.00,0.00,0.00,0.00,0.00,0.00
11/07/15,Smoke USFS R2-265,39.9101,-105.7978,https://wrcc.dri.edu/cgi-bin/rawMAIN4.pl?id2265+07+11+15+M,0,1,0,0.5,274,-5.1,8.7,-13.2,75,92,35,734.6,14.4,14.4,14.4,2.00,24:00,https://tools.airfire.org/monitor-qc-report/v4/wrcc?unitID=2265,0.00,0.00,0.00,0.00,0.00,0.00,0.00,0.00,0.00,0.00,0.00,0.00,0.00,0.00,0.00,0.00,0.00,1.00,1.00,0.00,0.00,0.00,0.00,0.00
