,,Position (Deg.),,,Concentration (µg/m3),,,Wind,,Air Temperature (Deg. C.),,,Humidity (Percent),,,Barometer,Battery Voltage (volts),,,Air Flow (totalizer),,,Concentration by Hour,,,,,,,,,,,,,,,,,,,,,,,
Date,Station,Latitude,Longitude,Station Chart Link,Mean,Max,Min,Ave Vel. (m/s),V. Dir. (Deg),Mean,Max,Min,Mean,Max,Min,Baro. Pressure (mbars),Mean,Max,Min,Mean,Time of latest ob,Airfire QC Report Link,0:00,1:00,2:00,3:00,4:00,5:00,6:00,7:00,8:00,9:00,10:00,11:00,12:00,13:00,14:00,15:00,16:00,17:00,18:00,19:00,20:00,21:00,22:00,23:00
10/31/19,Smoke RMK 104 (Smoke #15),39.761,-105.68,https://wrcc.dri.edu/cgi-bin/rawMAIN4.pl?idsm15+31+10+19+M,0,1,0,2.5,249,-6.8,7.6,-16.2,26,38,15,741.2,14.4,14.4,14.2,2.00,24:00,https://tools.airfire.org/monitor-qc-report/v2/wrcc?unitID=sm15,0.00,0.00,1.00,1.00,0.00,0.00,1.00,0.00,0.00,0.00,0.00,0.00,0.00,0.00,0.00,0.00,0.00,0.00,0.00,0.00,0.00,0.00,0.00,0.00
10/31/19,Smoke RMK 108 (Smoke #456),37.2362,-107.4461,https://wrcc.dri.edu/cgi-bin/rawMAIN4.pl?ids456+31+10+19+M,56,139,0,1.1,223,-8.4,8.2,-18.0,61,85,19,776.4,14.4,14.4,14.4,2.00,24:00,https://tools.airfire.org/monitor-qc-report/v2/wrcc?unitID=s456,0.00,0.00,39.00,70.00,78.00,78.00,82.00,106.00,139.00,117.00,107.00,101.00,93.00,73.00,82.00,69.00,65.00,20.00,6.00,6.00,3.00,2.00,1.00,0.00
10/31/19,Smoke RMK 110 (Smoke #215),40.0771,-105.9295,https://wrcc.dri.edu/cgi-bin/rawMAIN4.pl?ids215+31+10+19+M,1,3,0,0.5,189,-7.0,7.9,-16.2,63,79,27,761.9,14.4,14.4,14.4,2.00,24:00,https://tools.airfire.org/monitor-qc-report/v2/wrcc?unitID=s215,0.00,0.00,1.00,1.00,2.00,2.00,2.00,2.00,2.00,1.00,1.00,1.00,1.00,2.00,2.00,2.00,2.00,3.00,1.00,0.00,1.00,0.00,0.00,1.00
10/31/19,Smoke RMK 112 (Smoke #11),38.822,-106.1101,https://wrcc.dri.edu/cgi-bin/rawMAIN4.pl?idsm11+31+10+19+M,3,32,0,3.1,315,-4.3,13.6,-16.6,38,66,23,764.0,14.4,14.4,14.3,2.00,24:00,https://tools.airfire.org/monitor-qc-report/v2/wrcc?unitID=sm11,3.00,3.00,0.00,1.00,3.00,0.00,1.00,0.00,0.00,0.00,4.00,3.00,1.00,7.00,32.00,11.00,0.00,0.00,0.00,0.00,0.00,0.00,0.00,2.00
10/31/19,Smoke RMK 114 (Smoke #19),37.4696,-88.1585,https://wrcc.dri.edu/cgi-bin/rawMAIN4.pl?idsm19+31+10+19+M,3,10,0,1.0,-9999,6.1,11.4,2.8,85,95,66,-9999,14.4,14.4,14.3,2.00,23:00,https://tools.airfire.org/monitor-qc-report/v2/wrcc?unitID=sm19,11.00,10.00,7.00,8.00,9.00,9.00,8.00,3.00,0.00,0.00,0.00,0.00,0.00,0.00,0.00,1.00,1.00,1.00,2.00,2.00,4.00,3.00,3.00,4.00
10/31/19,Smoke RMK 115 (Smoke #20),39.7142,-105.124,https://wrcc.dri.edu/cgi-bin/rawMAIN4.pl?idsm20+31+10+19+M,1,3,0,1.2,91,-1.3,13.7,-8.7,45,63,29,826.8,14.4,14.4,14.2,2.00,24:00,https://tools.airfire.org/monitor-qc-report/v2/wrcc?unitID=sm20,0.00,1.00,3.00,1.00,0.00,0.00,0.00,0.00,0.00,0.00,0.00,0.00,2.00,1.00,1.00,2.00,2.00,0.00,0.00,0.00,0.00,0.00,0.00,0.00
10/31/19,Smoke RMK 119 (Smoke #24),39.7144,-105.124,https://wrcc.dri.edu/cgi-bin/rawMAIN4.pl?idsm24+31+10+19+M,2,10,0,1.2,284,-1.3,14.6,-9.2,47,68,30,826.6,14.4,14.4,14.2,2.00,24:00,https://tools.airfire.org/monitor-qc-report/v2/wrcc?unitID=sm24,2.00,4.00,4.00,2.00,0.00,0.00,0.00,0.00,0.00,1.00,0.00,0.00,3.00,2.00,1.00,4.00,3.00,2.00,1.00,1.00,3.00,5.00,5.00,6.00
10/31/19,Smoke RMK 123 (Smoke #209),39.1276,-105.0754,https://wrcc.dri.edu/cgi-bin/rawMAIN4.pl?ids209+31+10+19+M,0,1,0,0.6,150,-2.8,15.3,-12.9,42,71,24,751.7,14.4,14.4,14.3,2.00,24:00,https://tools.airfire.org/monitor-qc-report/v2/wrcc?unitID=s209,0.00,0.00,0.00,1.00,1.00,0.00,0.00,0.00,0.00,0.00,0.00,0.00,0.00,0.00,0.00,0.00,0.00,0.00,0.00,0.00,0.00,0.00,0.00,0.00
10/31/19,Smoke RMK 127 (Smoke #454),42.5748,-121.8846,https://wrcc.dri.edu/cgi-bin/rawMAIN4.pl?ids454+31+10+19+M,54,210,3,0.3,328,-4.1,9.2,-11.7,43,65,19,877.6,14.4,14.4,14.2,2.00,24:00,https://tools.airfire.org/monitor-qc-report/v2/wrcc?unitID=s454,5.00,5.00,4.00,3.00,3.00,8.00,15.00,6.00,4.00,11.00,24.00,53.00,65.00,72.00,70.00,134.00,210.00,167.00,171.00,85.00,68.00,41.00,33.00,23.00
10/31/19,Smoke RMK 128 (Smoke #457),40.781,-110.9968,https://wrcc.dri.edu/cgi-bin/rawMAIN4.pl?ids457+31+10+19+M,0,3,0,1.4,-9999,-5.4,1.0,-8.1,22,27,20,761.1,14.4,14.4,14.2,1.58,24:00,https://tools.airfire.org/monitor-qc-report/v2/wrcc?unitID=s457,-9999,-9999,-9999,-9999,-9999,-9999,-9999,-9999,-9999,-9999,-9999,-9999,-9999,-9999,-9999,-9999,-9999,-9999,-9999,0.00,3.00,0.00,0.00,0.00
10/31/19,Smoke USFS R2-69,38.9793,-105.353,https://wrcc.dri.edu/cgi-bin/rawMAIN4.pl?ids269+31+10+19+M,4,14,0,0.3,1,-8.1,15.4,-21.0,0,1,0,757.0,14.4,14.4,14.2,2.00,24:00,https://tools.airfire.org/monitor-qc-report/v4/wrcc?unitID=s269,0.00,1.00,0.00,1.00,2.00,3.00,2.00,3.00,4.00,6.00,14.00,14.00,11.00,11.00,9.00,13.00,2.00,0.00,0.00,0.00,0.00,0.00,0.00,0.00
10/31/19,Smoke RMK 408 (EBAM #418),40.7768,-111.9459,https://wrcc.dri.edu/cgi-bin/rawMAIN4.pl?ide418+31+10+19+M,6,23,-2,1.3,191,-4.6,4.0,-10.0,31,52,5,-9999,13.9,14.0,13.6,16.69,24:00,https://tools.airfire.org/monitor-qc-report/v2/wrcc?unitID=e418,5.00,5.00,2.00,2.00,6.00,9.00,7.00,8.00,8.00,7.00,13.00,7.00,1.00,23.00,11.00,1.00,3.00,5.00,2.00,5.00,3.00,-2.00,5.00,9.00
10/31/19,Smoke RMK 409 (EBAM #592),40.7768,-111.9459,https://wrcc.dri.edu/cgi-bin/rawMAIN4.pl?ide592+31+10+19+M,6,14,-2,1.4,216,-1.7,7.5,-6.8,36,55,11,-9999,14.1,14.2,13.9,16.69,24:00,https://tools.airfire.org/monitor-qc-report/v2/wrcc?unitID=e592,4.00,-2.00,3.00,1.00,5.00,7.00,4.00,7.00,8.00,5.00,10.00,14.00,11.00,10.00,10.00,4.00,2.00,2.00,5.00,0.00,5.00,1.00,2.00,12.00
10/31/19,Smoke RMK 411 (EBAM #794),39.1599,-105.1202,https://wrcc.dri.edu/cgi-bin/rawMAIN4.pl?ide794+31+10+19+M,2,19,-5,0.9,248,-11.6,13.3,-24.1,60,82,20,-9999,14.4,14.4,14.3,16.70,24:00,https://tools.airfire.org/monitor-qc-report/v2/wrcc?unitID=e794,7.00,13.00,-5.00,12.00,-2.00,4.00,0.00,6.00,0.00,2.00,2.00,-5.00,4.00,-5.00,19.00,-3.00,-5.00,18.00,-5.00,-2.00,-2.00,-2.00,5.00,5.00
10/31/19,Smoke USFS 3015,47.7829,-116.6654,https://wrcc.dri.edu/cgi-bin/rawMAIN4.pl?ids315+31+10+19+M,3,9,1,0.4,66,-0.1,10.3,-5.6,63,77,27,945.8,14.4,14.4,14.4,2.00,24:00,https://tools.airfire.org/monitor-qc-report/v4/wrcc?unitID=s315,2.00,2.00,2.00,2.00,1.00,1.00,1.00,1.00,2.00,3.00,3.00,3.00,3.00,3.00,3.00,3.00,3.00,3.00,4.00,5.00,7.00,9.00,5.00,6.00
10/31/19,Smoke USFS 3016,47.5261,-113.7081,https://wrcc.dri.edu/cgi-bin/rawMAIN4.pl?ids316+31+10+19+M,18,41,2,0.5,116,-2.7,3.3,-7.7,70,84,50,892.9,14.4,14.4,14.4,1.02,24:00,https://tools.airfire.org/monitor-qc-report/v4/wrcc?unitID=s316,1.00,2.00,4.00,2.00,3.00,11.00,41.00,27.00,36.00,39.00,39.00,26.00,29.00,25.00,27.00,21.00,30.00,29.00,11.00,7.00,6.00,7.00,6.00,3.00
10/31/19,Lolo NF Smoke #1,46.8985,-113.964,https://wrcc.dri.edu/cgi-bin/rawMAIN4.pl?idsml1+31+10+19+M,3,9,0,0.6,14,-4.7,3.2,-10.3,72,86,49,906.7,14.4,14.4,14.4,2.00,24:00,https://tools.airfire.org/monitor-qc-report/v4/wrcc?unitID=sml1,2.00,1.00,1.00,1.00,0.00,0.00,0.00,1.00,1.00,0.00,0.00,0.00,0.00,0.00,1.00,1.00,3.00,3.00,7.00,4.00,8.00,9.00,7.00,6.00
