,,Position (Deg.),,,Concentration (µg/m3),,,Wind,,Air Temperature (Deg. C.),,,Humidity (Percent),,,Barometer,Battery Voltage (volts),,,Air Flow (totalizer),,,Concentration by Hour,,,,,,,,,,,,,,,,,,,,,,,
Date,Station,Latitude,Longitude,Station Chart Link,Mean,Max,Min,Ave Vel. (m/s),V. Dir. (Deg),Mean,Max,Min,Mean,Max,Min,Baro. Pressure (mbars),Mean,Max,Min,Mean,Time of latest ob,Airfire QC Report Link,0:00,1:00,2:00,3:00,4:00,5:00,6:00,7:00,8:00,9:00,10:00,11:00,12:00,13:00,14:00,15:00,16:00,17:00,18:00,19:00,20:00,21:00,22:00,23:00
06/07/18,Smoke #13,39.7144,-105.124,https://wrcc.dri.edu/cgi-bin/rawMAIN4.pl?idsm13+07+06+18+M,0,0,0,1.6,-9999,31.8,35.8,26.5,16,31,10,823.1,13.8,13.9,13.6,2.00,24:00,https://tools.airfire.org/monitor-qc-report/v4/wrcc?unitID=sm13,-9999,-9999,-9999,-9999,-9999,-9999,-9999,-9999,-9999,-9999,-9999,-9999,-9999,-9999,-9999,0.00,0.00,0.00,0.00,0.00,0.00,0.00,0.00,0.00
06/07/18,Smoke RMK 119 (Smoke #24),34.0989,-107.2599,https://wrcc.dri.edu/cgi-bin/rawMAIN4.pl?idsm24+07+06+18+M,5,8,3,2.6,50,26.5,36.7,17.9,18,30,6,798.3,14.1,14.2,14.0,2.00,24:00,https://tools.airfire.org/monitor-qc-report/v2/wrcc?unitID=sm24,3.00,3.00,4.00,3.00,4.00,4.00,4.00,4.00,4.00,4.00,4.00,4.00,5.00,5.00,6.00,8.00,5.00,4.00,4.00,4.00,6.00,8.00,7.00,5.00
06/07/18,Smoke RMK 121 (Smoke #68),36.3925,-105.285,https://wrcc.dri.edu/cgi-bin/rawMAIN4.pl?idsm68+07+06+18+M,3,7,0,1.7,203,18.6,32.1,7.9,34,64,4,747.8,14.3,14.4,14.1,2.00,24:00,https://tools.airfire.org/monitor-qc-report/v2/wrcc?unitID=sm68,0.00,2.00,2.00,3.00,3.00,4.00,4.00,4.00,4.00,4.00,4.00,4.00,4.00,4.00,4.00,7.00,3.00,0.00,0.00,1.00,0.00,1.00,0.00,0.00
06/07/18,Smoke RMK 122 (Smoke #69),34.9012,-110.1546,https://wrcc.dri.edu/cgi-bin/rawMAIN4.pl?idsm69+07+06+18+M,3,6,1,1.6,199,22.5,34.3,9.3,9,20,1,842.9,14.1,14.3,13.9,2.00,24:00,https://tools.airfire.org/monitor-qc-report/v2/wrcc?unitID=sm69,1.00,1.00,1.00,2.00,3.00,2.00,3.00,3.00,3.00,3.00,4.00,4.00,6.00,5.00,5.00,4.00,4.00,3.00,4.00,5.00,4.00,4.00,4.00,3.00
06/07/18,Smoke USFS R2-69,38.9792,-105.353,https://wrcc.dri.edu/cgi-bin/rawMAIN4.pl?ids269+07+06+18+M,4,7,1,0.3,1,18.2,32.5,3.9,1,1,0,757.4,14.2,14.4,14.0,2.00,24:00,https://tools.airfire.org/monitor-qc-report/v4/wrcc?unitID=s269,2.00,2.00,3.00,3.00,3.00,4.00,6.00,6.00,6.00,6.00,6.00,7.00,7.00,7.00,6.00,5.00,4.00,2.00,1.00,1.00,2.00,2.00,1.00,2.00
06/07/18,Smoke USFS R3-28,36.511,-104.9153,https://wrcc.dri.edu/cgi-bin/rawMAIN4.pl?ids328+07+06+18+M,8,20,-3,1.0,236,21.4,31.0,11.0,0,1,0,-9999,14.4,14.4,14.3,16.70,24:00,https://tools.airfire.org/monitor-qc-report/v4/wrcc?unitID=s328,14.00,10.00,3.00,5.00,9.00,11.00,12.00,6.00,20.00,18.00,15.00,14.00,12.00,13.00,12.00,15.00,-3.00,-2.00,7.00,7.00,2.00,6.00,0.00,1.00
06/07/18,Smoke USFS R3-86,36.9053,-104.4402,https://wrcc.dri.edu/cgi-bin/rawMAIN4.pl?ids386+07+06+18+M,3,15,-4,1.4,-9999,19.4,30.6,11.1,0,-9999,-9999,-9999,14.2,14.3,14.2,16.69,21:00,https://tools.airfire.org/monitor-qc-report/v4/wrcc?unitID=s386,4.00,3.00,2.00,-4.00,0.00,1.00,-3.00,-2.00,-2.00,2.00,2.00,3.00,3.00,3.00,14.00,6.00,4.00,-9999,15.00,13.00,1.00,6.00,-9999,-9999
06/07/18,Smoke RMK 413 (EBAM #866),36.0177,-106.959,https://wrcc.dri.edu/cgi-bin/rawMAIN4.pl?ide866+07+06+18+M,10,32,0,1.6,-9999,30.9,31.8,30.0,1,-9999,-9999,-9999,14.1,14.4,14.0,10.95,24:00,https://tools.airfire.org/monitor-qc-report/v2/wrcc?unitID=e866,-9999,-9999,-9999,-9999,-9999,-9999,-9999,-9999,-9999,-9999,-9999,-9999,-9999,-9999,-9999,-9999,-9999,-9999,-9999,-9999,-9999,0.00,0.00,32.00
