,,Position (Deg.),,,Concentration (µg/m3),,,Wind,,Air Temperature (Deg. C.),,,Humidity (Percent),,,Barometer,Battery Voltage (volts),,,Air Flow (totalizer),,,Concentration by Hour,,,,,,,,,,,,,,,,,,,,,,,
Date,Station,Latitude,Longitude,Station Chart Link,Mean,Max,Min,Ave Vel. (m/s),V. Dir. (Deg),Mean,Max,Min,Mean,Max,Min,Baro. Pressure (mbars),Mean,Max,Min,Mean,Time of latest ob,Airfire QC Report Link,0:00,1:00,2:00,3:00,4:00,5:00,6:00,7:00,8:00,9:00,10:00,11:00,12:00,13:00,14:00,15:00,16:00,17:00,18:00,19:00,20:00,21:00,22:00,23:00
04/08/24,Smoke RMK 104 (Smoke #15),39.7144,-105.1239,https://wrcc.dri.edu/cgi-bin/rawMAIN4.pl?idsm15+08+04+24+M,2,3,1,3.0,353,9.3,16.2,1.2,31,50,18,6.2,14.5,14.5,14.4,2.00,24:00,https://tools.airfire.org/monitor-qc-report/v2/wrcc?unitID=sm15,1.00,1.00,1.00,1.00,1.00,1.00,1.00,3.00,2.00,2.00,2.00,3.00,2.00,2.00,2.00,2.00,2.00,2.00,2.00,2.00,2.00,2.00,1.00,2.00
04/08/24,Smoke RMK 109 (Smoke #84),39.7144,-105.1239,https://wrcc.dri.edu/cgi-bin/rawMAIN4.pl?ids284+08+04+24+M,3,4,2,1.5,-9999,12.8,14.1,10.9,17,19,15,823.4,14.5,14.5,14.5,2.00,24:00,https://tools.airfire.org/monitor-qc-report/v2/wrcc?unitID=s284,-9999,-9999,-9999,-9999,-9999,-9999,-9999,-9999,-9999,-9999,-9999,-9999,-9999,-9999,-9999,-9999,-9999,-9999,4.00,3.00,3.00,2.00,2.00,2.00
04/08/24,Smoke RMK 111 (Smoke #455),39.7143,-105.124,https://wrcc.dri.edu/cgi-bin/rawMAIN4.pl?ids455+08+04+24+M,13,25,8,1.5,-9999,13.4,16.1,10.8,22,28,17,6.2,14.4,14.5,14.4,1.96,24:00,https://tools.airfire.org/monitor-qc-report/v2/wrcc?unitID=s455,-9999,-9999,-9999,-9999,-9999,-9999,-9999,-9999,-9999,-9999,-9999,-9999,-9999,-9999,-9999,-9999,25.00,15.00,11.00,8.00,8.00,-9999,-9999,12.00
04/08/24,Smoke RMK 112 (Smoke #11),39.7144,-105.1239,https://wrcc.dri.edu/cgi-bin/rawMAIN4.pl?idsm11+08+04+24+M,1,2,1,1.7,228,10.4,17.2,2.3,32,51,20,819.4,14.3,14.4,14.3,2.00,24:00,https://tools.airfire.org/monitor-qc-report/v2/wrcc?unitID=sm11,1.00,1.00,1.00,1.00,1.00,1.00,1.00,2.00,1.00,1.00,2.00,2.00,2.00,2.00,2.00,2.00,2.00,2.00,1.00,1.00,1.00,1.00,1.00,2.00
04/08/24,Smoke USFS R3-86,35.6871,-105.8956,https://wrcc.dri.edu/cgi-bin/rawMAIN4.pl?ids386+08+04+24+M,-0,7,-5,0.6,77,-3.0,5.9,-9.0,1,1,0,-9999,13.9,13.9,13.9,16.70,24:00,https://tools.airfire.org/monitor-qc-report/v4/wrcc?unitID=s386,-5.00,0.00,2.00,0.00,0.00,0.00,-2.00,-2.00,-2.00,-1.00,2.00,-1.00,1.00,0.00,-5.00,5.00,4.00,-3.00,0.00,1.00,-3.00,2.00,7.00,-5.00
04/08/24,Smoke RMK 401 (EBAM #488),39.7144,-105.124,https://wrcc.dri.edu/cgi-bin/rawMAIN4.pl?ide488+08+04+24+M,2,12,-4,1.6,353,9.5,16.5,1.5,27,46,15,-9999,11.8,11.8,11.8,12.50,24:00,https://tools.airfire.org/monitor-qc-report/v2/wrcc?unitID=e488,-1.00,0.00,5.00,1.00,-3.00,3.00,0.00,6.00,7.00,2.00,-4.00,0.00,6.00,12.00,0.00,-3.00,-4.00,-4.00,3.00,1.00,-1.00,-2.00,5.00,5.00
04/08/24,Smoke USFS R1-307,46.5841,-112.0421,https://wrcc.dri.edu/cgi-bin/rawMAIN4.pl?id1307+08+04+24+M,0,3,0,1.1,353,6.7,14.0,2.7,49,62,29,-9999,14.4,14.4,14.2,2.00,24:00,https://tools.airfire.org/monitor-qc-report/v4/wrcc?unitID=1307,0.00,0.00,0.00,0.00,0.00,0.00,0.00,0.00,0.00,0.00,0.00,0.00,0.00,0.00,0.00,0.00,0.00,0.00,0.00,0.00,0.00,0.00,3.00,1.00
04/08/24,Smoke USFS R2-265,39.7143,-105.1239,https://wrcc.dri.edu/cgi-bin/rawMAIN4.pl?id2265+08+04+24+M,2,4,2,1.8,293,10.5,17.6,2.5,27,46,15,6.2,14.5,14.5,14.5,2.00,24:00,https://tools.airfire.org/monitor-qc-report/v4/wrcc?unitID=2265,2.00,2.00,2.00,2.00,2.00,2.00,2.00,3.00,3.00,2.00,3.00,4.00,3.00,3.00,3.00,2.00,2.00,2.00,2.00,2.00,2.00,2.00,2.00,2.00
