,,Position (Deg.),,,Concentration (µg/m3),,,Wind,,Air Temperature (Deg. C.),,,Humidity (Percent),,,Barometer,Battery Voltage (volts),,,Air Flow (totalizer),,,Concentration by Hour,,,,,,,,,,,,,,,,,,,,,,,
Date,Station,Latitude,Longitude,Station Chart Link,Mean,Max,Min,Ave Vel. (m/s),V. Dir. (Deg),Mean,Max,Min,Mean,Max,Min,Baro. Pressure (mbars),Mean,Max,Min,Mean,Time of latest ob,Airfire QC Report Link,0:00,1:00,2:00,3:00,4:00,5:00,6:00,7:00,8:00,9:00,10:00,11:00,12:00,13:00,14:00,15:00,16:00,17:00,18:00,19:00,20:00,21:00,22:00,23:00
07/25/24,Smoke RMK 102 (Smoke #661),44.1374,-118.9728,https://wrcc.dri.edu/cgi-bin/rawMAIN4.pl?ids661+25+07+24+M,31,50,13,1.4,273,16.6,25.0,6.3,63,93,19,861.0,14.4,14.5,14.3,2.00,24:00,https://tools.airfire.org/monitor-qc-report/v2/wrcc?unitID=s661,18.00,29.00,23.00,24.00,25.00,27.00,33.00,39.00,39.00,32.00,49.00,50.00,44.00,25.00,27.00,35.00,50.00,47.00,32.00,23.00,21.00,24.00,17.00,13.00
07/25/24,Smoke RMK 105 (Smoke #17),43.1921,-122.1367,https://wrcc.dri.edu/cgi-bin/rawMAIN4.pl?idsm17+25+07+24+M,122,187,41,2.4,-9999,24.2,24.4,24.0,31,32,29,6.3,14.5,14.5,14.5,1.63,24:00,https://tools.airfire.org/monitor-qc-report/v2/wrcc?unitID=sm17,-9999,-9999,-9999,-9999,-9999,-9999,-9999,-9999,-9999,-9999,-9999,-9999,-9999,-9999,-9999,-9999,-9999,-9999,-9999,-9999,-9999,-9999,41.00,137.00
07/25/24,Smoke RMK 106 (Smoke #66),39.7144,-105.124,https://wrcc.dri.edu/cgi-bin/rawMAIN4.pl?idsm66+25+07+24+M,22,26,18,1.4,176,29.2,37.5,20.3,31,44,20,831.4,14.5,14.5,14.5,2.00,24:00,https://tools.airfire.org/monitor-qc-report/v2/wrcc?unitID=sm66,26.00,25.00,23.00,23.00,25.00,23.00,23.00,24.00,25.00,26.00,26.00,24.00,24.00,25.00,23.00,21.00,19.00,19.00,20.00,19.00,19.00,18.00,18.00,19.00
07/25/24,Smoke RMK 112 (Smoke #11),48.3086,-120.6567,https://wrcc.dri.edu/cgi-bin/rawMAIN4.pl?idsm11+25+07+24+M,2,7,1,2.0,349,20.8,29.6,17.3,41,49,29,972.5,13.7,14.4,11.8,2.00,24:00,https://tools.airfire.org/monitor-qc-report/v2/wrcc?unitID=sm11,4.00,4.00,4.00,7.00,3.00,2.00,2.00,2.00,2.00,2.00,2.00,2.00,1.00,2.00,2.00,2.00,3.00,2.00,2.00,1.00,2.00,1.00,1.00,1.00
07/25/24,Smoke RMK 113 (Smoke #16),39.7144,-105.1239,https://wrcc.dri.edu/cgi-bin/rawMAIN4.pl?idsm16+25+07+24+M,23,27,19,1.3,256,28.6,37.2,19.7,26,41,15,833.3,14.5,14.5,14.5,2.00,24:00,https://tools.airfire.org/monitor-qc-report/v2/wrcc?unitID=sm16,28.00,27.00,24.00,25.00,26.00,25.00,24.00,25.00,26.00,27.00,27.00,25.00,25.00,25.00,24.00,22.00,20.00,20.00,21.00,20.00,19.00,19.00,19.00,20.00
07/25/24,Smoke RMK 117 (Smoke #22),43.9071,-114.7973,https://wrcc.dri.edu/cgi-bin/rawMAIN4.pl?idsm22+25+07+24+M,7,11,3,1.5,202,20.0,29.1,13.8,63,90,33,786.3,14.4,14.5,14.3,1.98,24:00,https://tools.airfire.org/monitor-qc-report/v2/wrcc?unitID=sm22,8.00,10.00,10.00,11.00,8.00,6.00,6.00,7.00,7.00,7.00,8.00,8.00,8.00,6.00,5.00,4.00,4.00,4.00,4.00,5.00,4.00,3.00,4.00,7.00
07/25/24,Smoke RMK 119 (Smoke #24),43.3119,-123.0709,https://wrcc.dri.edu/cgi-bin/rawMAIN4.pl?idsm24+25+07+24+M,1,3,1,1.2,-9999,20.6,32.7,14.4,55,73,24,992.3,14.5,14.6,14.5,1.87,17:00,https://tools.airfire.org/monitor-qc-report/v2/wrcc?unitID=sm24,-9999,1.00,3.00,-9999,-9999,1.00,-9999,1.00,1.00,1.00,1.00,1.00,-9999,-9999,-9999,-9999,2.00,2.00,-9999,-9999,-9999,-9999,-9999,-9999
07/25/24,Smoke RMK 121 (Smoke #68),47.8999,-120.1411,https://wrcc.dri.edu/cgi-bin/rawMAIN4.pl?idsm68+25+07+24+M,4,9,2,3.2,331,23.5,33.8,15.9,30,56,16,967.5,14.4,14.5,14.4,2.00,24:00,https://tools.airfire.org/monitor-qc-report/v2/wrcc?unitID=sm68,2.00,2.00,3.00,3.00,3.00,4.00,7.00,9.00,8.00,5.00,3.00,3.00,3.00,3.00,4.00,5.00,5.00,6.00,4.00,3.00,4.00,4.00,3.00,3.00
07/25/24,Smoke RMK 122 (Smoke #69),43.9978,-121.4053,https://wrcc.dri.edu/cgi-bin/rawMAIN4.pl?idsm69+25+07+24+M,58,159,17,0.9,140,18.1,30.3,9.5,53,84,22,876.4,14.4,14.5,14.4,2.00,24:00,https://tools.airfire.org/monitor-qc-report/v2/wrcc?unitID=sm69,89.00,132.00,109.00,157.00,159.00,82.00,62.00,54.00,47.00,39.00,26.00,26.00,44.00,55.00,57.00,36.00,36.00,48.00,61.00,46.00,34.00,24.00,20.00,17.00
07/25/24,Smoke RMK 123 (Smoke #209),45.3529,-119.5531,https://wrcc.dri.edu/cgi-bin/rawMAIN4.pl?ids209+25+07+24+M,9,30,2,1.1,-9999,22.4,33.4,14.0,44,76,21,947.7,14.4,14.5,14.1,1.94,24:00,https://tools.airfire.org/monitor-qc-report/v2/wrcc?unitID=s209,-9999,-9999,2.00,7.00,8.00,9.00,30.00,16.00,15.00,16.00,17.00,16.00,14.00,9.00,7.00,6.00,5.00,2.00,2.00,2.00,3.00,2.00,2.00,3.00
07/25/24,Smoke RMK 124 (Smoke #210),44.2111,-114.9405,https://wrcc.dri.edu/cgi-bin/rawMAIN4.pl?ids210+25+07+24+M,9,20,4,2.0,202,19.4,32.9,11.4,62,87,24,811.4,14.4,14.5,14.3,2.00,24:00,https://tools.airfire.org/monitor-qc-report/v2/wrcc?unitID=s210,10.00,8.00,7.00,8.00,7.00,8.00,8.00,8.00,8.00,8.00,8.00,9.00,9.00,9.00,8.00,8.00,14.00,14.00,8.00,4.00,4.00,4.00,13.00,18.00
07/25/24,Smoke RMK 127 (Smoke #454),40.6233,-111.2282,https://wrcc.dri.edu/cgi-bin/rawMAIN4.pl?ids454+25+07+24+M,9,13,3,1.1,12,26.4,37.5,18.3,41,67,15,800.9,14.5,14.5,14.4,2.00,24:00,https://tools.airfire.org/monitor-qc-report/v2/wrcc?unitID=s454,10.00,11.00,11.00,11.00,11.00,10.00,10.00,11.00,13.00,13.00,13.00,12.00,12.00,13.00,10.00,5.00,5.00,6.00,6.00,7.00,7.00,6.00,4.00,4.00
07/25/24,Smoke RMK 128 (Smoke #457),43.4608,-121.6967,https://wrcc.dri.edu/cgi-bin/rawMAIN4.pl?ids457+25+07+24+M,58,110,25,0.5,-9999,18.6,30.4,7.9,60,91,27,865.8,14.5,14.6,14.4,2.00,24:00,https://tools.airfire.org/monitor-qc-report/v2/wrcc?unitID=s457,-9999,-9999,-9999,-9999,92.00,46.00,28.00,34.00,34.00,44.00,41.00,51.00,63.00,73.00,93.00,92.00,110.00,85.00,66.00,37.00,25.00,25.00,36.00,56.00
07/25/24,Smoke RMK 129 (USFS R2-922),44.1509,-122.3637,https://wrcc.dri.edu/cgi-bin/rawMAIN4.pl?id2922+25+07+24+M,52,74,16,1.1,-9999,23.9,31.9,17.9,56,75,36,7.4,14.4,14.5,14.4,1.97,24:00,https://tools.airfire.org/monitor-qc-report/v2/wrcc?unitID=2922,14.00,16.00,18.00,18.00,19.00,21.00,52.00,37.00,33.00,37.00,69.00,68.00,64.00,63.00,62.00,65.00,66.00,-9999,45.00,74.00,74.00,73.00,73.00,72.00
07/25/24,Smoke USFS R1-53,46.7814,-114.0107,https://wrcc.dri.edu/cgi-bin/rawMAIN4.pl?ids153+25+07+24+M,7,19,1,1.4,170,24.9,40.6,17.3,62,93,12,895.7,14.1,14.2,14.0,2.00,24:00,https://tools.airfire.org/monitor-qc-report/v4/wrcc?unitID=s153,23.00,19.00,18.00,18.00,5.00,2.00,4.00,5.00,4.00,4.00,4.00,3.00,2.00,1.00,1.00,1.00,3.00,5.00,4.00,5.00,6.00,9.00,14.00,16.00
07/25/24,Smoke USFS R3-86,35.687,-105.8955,https://wrcc.dri.edu/cgi-bin/rawMAIN4.pl?ids386+25+07+24+M,11,22,-5,0.5,29,13.8,23.2,5.4,1,-9999,-9999,-9999,13.7,13.8,13.6,16.70,24:00,https://tools.airfire.org/monitor-qc-report/v4/wrcc?unitID=s386,9.00,2.00,6.00,7.00,7.00,10.00,11.00,18.00,13.00,22.00,17.00,17.00,14.00,14.00,14.00,5.00,21.00,18.00,15.00,7.00,14.00,5.00,13.00,-5.00
07/25/24,Smoke USFS R1-306,46.7354,-113.9306,https://wrcc.dri.edu/cgi-bin/rawMAIN4.pl?id1306+25+07+24+M,18,28,6,1.6,153,25.4,41.8,16.8,61,91,12,-9999,14.0,14.1,13.9,2.00,24:00,https://tools.airfire.org/monitor-qc-report/v4/wrcc?unitID=1306,19.00,19.00,24.00,26.00,26.00,24.00,19.00,18.00,18.00,18.00,21.00,17.00,19.00,19.00,15.00,13.00,15.00,9.00,6.00,10.00,14.00,16.00,20.00,24.00
07/25/24,Smoke USFS R1-307,46.7846,-113.7152,https://wrcc.dri.edu/cgi-bin/rawMAIN4.pl?id1307+25+07+24+M,18,33,12,2.0,112,26.4,41.4,19.4,63,94,14,-9999,14.0,14.1,13.9,2.00,24:00,https://tools.airfire.org/monitor-qc-report/v4/wrcc?unitID=1307,17.00,21.00,22.00,23.00,33.00,22.00,18.00,18.00,17.00,16.00,15.00,14.00,14.00,14.00,14.00,16.00,18.00,17.00,12.00,12.00,14.00,18.00,21.00,25.00
07/25/24,Smoke USFS 3016,46.7534,-114.0835,https://wrcc.dri.edu/cgi-bin/rawMAIN4.pl?ids316+25+07+24+M,17,29,13,1.4,262,25.0,41.0,18.4,60,86,18,907.0,14.2,14.3,14.1,2.00,24:00,https://tools.airfire.org/monitor-qc-report/v4/wrcc?unitID=s316,24.00,23.00,24.00,29.00,13.00,13.00,13.00,16.00,16.00,17.00,15.00,14.00,14.00,14.00,13.00,13.00,13.00,16.00,14.00,13.00,16.00,19.00,22.00,24.00
07/25/24,Lolo NF Smoke #1,47.1954,-114.8942,https://wrcc.dri.edu/cgi-bin/rawMAIN4.pl?idsml1+25+07+24+M,20,55,1,1.6,-9999,30.1,42.2,22.4,37,70,18,922.6,12.7,13.4,9.7,1.90,24:00,https://tools.airfire.org/monitor-qc-report/v4/wrcc?unitID=sml1,15.00,18.00,20.00,34.00,55.00,40.00,-9999,-9999,-9999,-9999,-9999,-9999,1.00,14.00,15.00,16.00,20.00,17.00,21.00,20.00,18.00,15.00,7.00,5.00
