,,Position (Deg.),,,Concentration (µg/m3),,,Wind,,Air Temperature (Deg. C.),,,Humidity (Percent),,,Barometer,Battery Voltage (volts),,,Air Flow (totalizer),,,Concentration by Hour,,,,,,,,,,,,,,,,,,,,,,,
Date,Station,Latitude,Longitude,Station Chart Link,Mean,Max,Min,Ave Vel. (m/s),V. Dir. (Deg),Mean,Max,Min,Mean,Max,Min,Baro. Pressure (mbars),Mean,Max,Min,Mean,Time of latest ob,Airfire QC Report Link,0:00,1:00,2:00,3:00,4:00,5:00,6:00,7:00,8:00,9:00,10:00,11:00,12:00,13:00,14:00,15:00,16:00,17:00,18:00,19:00,20:00,21:00,22:00,23:00
10/21/21,Smoke RMK 108 (Smoke #456),39.389,-105.2734,https://wrcc.dri.edu/cgi-bin/rawMAIN4.pl?ids456+21+10+21+M,1,6,0,0.5,272,4.7,21.5,-3.2,64,90,18,801.4,14.4,14.4,14.2,2.00,24:00,https://tools.airfire.org/monitor-qc-report/v2/wrcc?unitID=s456,0.00,0.00,6.00,1.00,3.00,1.00,1.00,2.00,0.00,0.00,0.00,0.00,0.00,0.00,1.00,1.00,1.00,1.00,1.00,1.00,1.00,3.00,3.00,0.00
10/21/21,Smoke RMK 110 (Smoke #215),40.0771,-105.9295,https://wrcc.dri.edu/cgi-bin/rawMAIN4.pl?ids215+21+10+21+M,1,1,0,1.3,167,6.0,20.2,-4.4,57,87,23,767.0,14.4,14.4,14.3,2.00,24:00,https://tools.airfire.org/monitor-qc-report/v2/wrcc?unitID=s215,0.00,1.00,0.00,0.00,0.00,1.00,1.00,1.00,1.00,1.00,1.00,1.00,1.00,1.00,1.00,1.00,1.00,0.00,0.00,0.00,0.00,0.00,0.00,0.00
10/21/21,Smoke USFS R9-15,43.8159,-71.6663,https://wrcc.dri.edu/cgi-bin/rawMAIN4.pl?ids915+21+10+21+M,2,4,0,0.5,-9999,17.4,19.5,16.2,77,93,64,999.8,13.1,13.5,12.6,1.81,21:00,https://tools.airfire.org/monitor-qc-report/v4/wrcc?unitID=s915,-9999,-9999,-9999,-9999,-9999,-9999,-9999,-9999,-9999,-9999,-9999,-9999,-9999,-9999,-9999,0.00,0.00,4.00,2.00,2.00,2.00,3.00,-9999,-9999
10/21/21,Smoke USFS R9-17,43.8159,-71.6664,https://wrcc.dri.edu/cgi-bin/rawMAIN4.pl?ids917+21+10+21+M,1,2,1,0.5,-9999,17.2,19.1,15.3,73,91,61,991.4,11.9,12.1,11.7,1.90,21:00,https://tools.airfire.org/monitor-qc-report/v4/wrcc?unitID=s917,-9999,-9999,-9999,-9999,-9999,-9999,-9999,-9999,-9999,-9999,-9999,-9999,-9999,-9999,-9999,1.00,1.00,2.00,1.00,1.00,1.00,1.00,-9999,-9999
10/21/21,Smoke USFS R3-28,35.6715,-105.9556,https://wrcc.dri.edu/cgi-bin/rawMAIN4.pl?ids328+21+10+21+M,3,35,-5,1.5,343,31.0,32.5,26.7,100,-9999,-9999,-9999,14.1,14.2,14.0,16.70,24:00,https://tools.airfire.org/monitor-qc-report/v4/wrcc?unitID=s328,-5.00,-5.00,-5.00,-5.00,-5.00,-1.00,0.00,-1.00,-1.00,5.00,-1.00,0.00,2.00,3.00,3.00,18.00,35.00,22.00,17.00,1.00,3.00,-1.00,-4.00,-5.00
10/21/21,Smoke USFS 3016,45.5485,-113.9309,https://wrcc.dri.edu/cgi-bin/rawMAIN4.pl?ids316+21+10+21+M,10,32,0,0.6,331,12.1,23.4,5.6,53,76,25,865.0,14.2,14.3,14.0,1.24,24:00,https://tools.airfire.org/monitor-qc-report/v4/wrcc?unitID=s316,2.00,4.00,5.00,16.00,18.00,14.00,30.00,10.00,15.00,32.00,9.00,8.00,21.00,12.00,10.00,4.00,12.00,19.00,1.00,0.00,0.00,0.00,0.00,0.00
10/21/21,AQB Smoke EBAM T-1,36.7576,-108.1823,https://wrcc.dri.edu/cgi-bin/rawMAIN4.pl?ideat1+21+10+21+M,2,2,2,0.7,32,12.6,21.0,4.7,1,1,0,-9999,14.4,14.4,14.4,0.00,24:00,https://tools.airfire.org/monitor-qc-report/v4/wrcc?unitID=eat1,2.00,2.00,2.00,2.00,2.00,2.00,2.00,2.00,2.00,2.00,2.00,2.00,2.00,2.00,2.00,2.00,2.00,2.00,2.00,2.00,2.00,2.00,2.00,2.00
10/21/21,AQB Smoke EBAM T-2,36.7576,-108.1823,https://wrcc.dri.edu/cgi-bin/rawMAIN4.pl?ideat2+21+10+21+M,6,37,-5,0.7,344,5.6,16.4,-4.7,0,1,0,-9999,14.1,14.1,13.9,16.70,24:00,https://tools.airfire.org/monitor-qc-report/v4/wrcc?unitID=eat2,4.00,-3.00,-5.00,-5.00,-5.00,-5.00,-4.00,-4.00,-4.00,2.00,1.00,4.00,-5.00,10.00,12.00,4.00,-3.00,7.00,35.00,28.00,24.00,37.00,14.00,-5.00
