,,Position (Deg.),,,Concentration (µg/m3),,,Wind,,Air Temperature (Deg. C.),,,Humidity (Percent),,,Barometer,Battery Voltage (volts),,,Air Flow (totalizer),,,Concentration by Hour,,,,,,,,,,,,,,,,,,,,,,,
Date,Station,Latitude,Longitude,Station Chart Link,Mean,Max,Min,Ave Vel. (m/s),V. Dir. (Deg),Mean,Max,Min,Mean,Max,Min,Baro. Pressure (mbars),Mean,Max,Min,Mean,Time of latest ob,Airfire QC Report Link,0:00,1:00,2:00,3:00,4:00,5:00,6:00,7:00,8:00,9:00,10:00,11:00,12:00,13:00,14:00,15:00,16:00,17:00,18:00,19:00,20:00,21:00,22:00,23:00
05/15/20,Smoke RMK 105 (Smoke #17),39.7144,-105.1239,https://wrcc.dri.edu/cgi-bin/rawMAIN4.pl?idsm17+15+05+20+M,0,0,0,1.1,-9999,13.7,19.1,9.6,59,74,46,820.6,14.4,14.4,14.3,2.00,19:00,https://tools.airfire.org/monitor-qc-report/v2/wrcc?unitID=sm17,0.00,0.00,0.00,0.00,0.00,0.00,0.00,0.00,0.00,0.00,0.00,0.00,0.00,0.00,0.00,0.00,0.00,0.00,0.00,0.00,-9999,-9999,-9999,-9999
05/15/20,Smoke RMK 107 (Smoke #67),39.7144,-105.124,https://wrcc.dri.edu/cgi-bin/rawMAIN4.pl?idsm67+15+05+20+M,1,2,0,1.0,-9999,14.9,20.6,10.9,65,80,51,820.6,12.9,13.0,12.9,2.00,18:00,https://tools.airfire.org/monitor-qc-report/v2/wrcc?unitID=sm67,1.00,1.00,1.00,1.00,1.00,1.00,1.00,1.00,0.00,1.00,1.00,0.00,0.00,0.00,1.00,1.00,2.00,2.00,2.00,-9999,-9999,-9999,-9999,-9999
05/15/20,Smoke RMK 114 (Smoke #19),37.4696,-88.1585,https://wrcc.dri.edu/cgi-bin/rawMAIN4.pl?idsm19+15+05+20+M,2,4,1,0.9,-9999,22.6,26.1,19.2,75,91,51,-9999,14.1,14.2,14.1,2.00,24:00,https://tools.airfire.org/monitor-qc-report/v2/wrcc?unitID=sm19,-9999,2.00,2.00,2.00,2.00,2.00,-9999,2.00,2.00,2.00,2.00,1.00,1.00,1.00,1.00,1.00,-9999,2.00,4.00,3.00,4.00,3.00,-9999,3.00
05/15/20,Smoke RMK 115 (Smoke #20),39.5949,-106.0068,https://wrcc.dri.edu/cgi-bin/rawMAIN4.pl?idsm20+15+05+20+M,1,2,0,1.0,118,8.9,17.5,0.0,55,80,27,724.6,14.3,14.4,14.2,2.00,24:00,https://tools.airfire.org/monitor-qc-report/v2/wrcc?unitID=sm20,0.00,0.00,0.00,0.00,2.00,2.00,2.00,2.00,1.00,2.00,2.00,2.00,2.00,2.00,2.00,1.00,0.00,0.00,0.00,0.00,0.00,0.00,0.00,0.00
05/15/20,Smoke USFS R2-69,38.9793,-105.353,https://wrcc.dri.edu/cgi-bin/rawMAIN4.pl?ids269+15+05+20+M,2,4,0,0.3,1,12.3,22.8,4.8,1,1,0,753.7,14.2,14.4,14.1,2.00,24:00,https://tools.airfire.org/monitor-qc-report/v4/wrcc?unitID=s269,1.00,4.00,3.00,2.00,2.00,2.00,2.00,2.00,2.00,2.00,2.00,3.00,3.00,3.00,2.00,2.00,2.00,1.00,0.00,0.00,1.00,0.00,0.00,0.00
05/15/20,Smoke RMK 407 (EBAM #231),39.7143,-105.1239,https://wrcc.dri.edu/cgi-bin/rawMAIN4.pl?ide231+15+05+20+M,2,10,-2,0.3,-9999,5.5,6.3,4.7,0,-9999,-9999,-9999,14.4,14.4,14.3,16.69,19:00,https://tools.airfire.org/monitor-qc-report/v2/wrcc?unitID=e231,1.00,2.00,7.00,3.00,5.00,3.00,1.00,0.00,1.00,1.00,10.00,3.00,1.00,1.00,-1.00,3.00,3.00,-2.00,1.00,4.00,-9999,-9999,-9999,-9999
05/15/20,Smoke RMK 411 (EBAM #794),39.7144,-105.124,https://wrcc.dri.edu/cgi-bin/rawMAIN4.pl?ide794+15+05+20+M,7,84,-5,0.3,-9999,20.7,22.0,19.7,0,-9999,-9999,-9999,14.4,14.4,14.4,16.69,20:00,https://tools.airfire.org/monitor-qc-report/v2/wrcc?unitID=e794,-2.00,9.00,4.00,3.00,5.00,2.00,7.00,-5.00,2.00,0.00,0.00,9.00,3.00,6.00,3.00,-5.00,1.00,0.00,84.00,8.00,2.00,-9999,-9999,-9999
05/15/20,Smoke QD Test,39.389,-105.2734,https://wrcc.dri.edu/cgi-bin/rawMAIN4.pl?idsqdt+15+05+20+M,1,1,0,0.8,99,-9999,-9999,-9999,-9999,-9999,-9999,805.1,13.1,13.7,12.7,-9999,-9999,-9999,1.00,1.00,1.00,1.00,1.00,0.00,1.00,0.00,0.00,0.00,0.00,0.00,0.00,0.00,0.00,1.00,1.00,1.00,1.00,1.00,1.00,1.00,1.00,1.00
