,,Position (Deg.),,,Concentration (µg/m3),,,Wind,,Air Temperature (Deg. C.),,,Humidity (Percent),,,Barometer,Battery Voltage (volts),,,Air Flow (totalizer),,,Concentration by Hour,,,,,,,,,,,,,,,,,,,,,,,
Date,Station,Latitude,Longitude,Station Chart Link,Mean,Max,Min,Ave Vel. (m/s),V. Dir. (Deg),Mean,Max,Min,Mean,Max,Min,Baro. Pressure (mbars),Mean,Max,Min,Mean,Time of latest ob,Airfire QC Report Link,0:00,1:00,2:00,3:00,4:00,5:00,6:00,7:00,8:00,9:00,10:00,11:00,12:00,13:00,14:00,15:00,16:00,17:00,18:00,19:00,20:00,21:00,22:00,23:00
06/04/23,Smoke RMK 104 (Smoke #15),37.2272,-107.601,https://wrcc.dri.edu/cgi-bin/rawMAIN4.pl?idsm15+04+06+23+M,1,1,0,0.7,304,15.7,26.7,7.5,52,72,21,789.6,14.5,14.5,14.5,2.00,24:00,https://tools.airfire.org/monitor-qc-report/v2/wrcc?unitID=sm15,2.00,1.00,1.00,1.00,1.00,1.00,1.00,1.00,1.00,1.00,1.00,1.00,1.00,1.00,1.00,1.00,1.00,1.00,1.00,1.00,1.00,1.00,1.00,1.00
06/04/23,Smoke RMK 106 (Smoke #66),37.0241,-107.4144,https://wrcc.dri.edu/cgi-bin/rawMAIN4.pl?idsm66+04+06+23+M,1,2,0,1.8,111,17.8,26.5,7.9,46,71,23,810.1,14.5,14.5,14.4,2.00,24:00,https://tools.airfire.org/monitor-qc-report/v2/wrcc?unitID=sm66,0.00,1.00,1.00,2.00,2.00,1.00,1.00,1.00,1.00,1.00,1.00,1.00,1.00,1.00,1.00,1.00,1.00,0.00,0.00,1.00,1.00,1.00,1.00,1.00
06/04/23,Smoke RMK 109 (Smoke #84),37.228,-107.3412,https://wrcc.dri.edu/cgi-bin/rawMAIN4.pl?ids284+04+06+23+M,2,2,1,0.6,137,14.3,24.9,4.5,57,82,26,799.8,14.5,14.6,14.5,2.00,24:00,https://tools.airfire.org/monitor-qc-report/v2/wrcc?unitID=s284,1.00,1.00,1.00,2.00,2.00,2.00,2.00,2.00,2.00,2.00,2.00,2.00,2.00,2.00,2.00,2.00,2.00,1.00,1.00,1.00,1.00,1.00,2.00,1.00
06/04/23,Smoke RMK 117 (Smoke #22),39.7143,-105.1239,https://wrcc.dri.edu/cgi-bin/rawMAIN4.pl?idsm22+04+06+23+M,14,24,2,0.9,1,15.5,19.9,12.9,78,89,61,830.0,14.4,14.4,14.3,2.00,24:00,https://tools.airfire.org/monitor-qc-report/v2/wrcc?unitID=sm22,4.00,3.00,2.00,7.00,10.00,13.00,17.00,18.00,22.00,20.00,18.00,18.00,16.00,22.00,22.00,21.00,24.00,21.00,19.00,15.00,7.00,6.00,4.00,8.00
06/04/23,Smoke RMK 118 (Smoke #23),37.4716,-108.5153,https://wrcc.dri.edu/cgi-bin/rawMAIN4.pl?idsm23+04+06+23+M,6,25,2,1.2,35,21.6,32.7,11.6,69,90,46,789.7,14.2,14.4,14.0,2.00,24:00,https://tools.airfire.org/monitor-qc-report/v2/wrcc?unitID=sm23,6.00,5.00,9.00,5.00,4.00,8.00,14.00,25.00,4.00,5.00,3.00,4.00,3.00,4.00,7.00,4.00,3.00,5.00,8.00,6.00,2.00,4.00,5.00,4.00
06/04/23,Smoke RMK 119 (Smoke #24),37.6517,-108.2946,https://wrcc.dri.edu/cgi-bin/rawMAIN4.pl?idsm24+04+06+23+M,3,21,0,1.0,68,19.6,29.9,11.1,57,80,24,769.2,14.3,14.4,14.1,2.00,24:00,https://tools.airfire.org/monitor-qc-report/v2/wrcc?unitID=sm24,34.00,21.00,3.00,0.00,0.00,0.00,0.00,0.00,0.00,0.00,0.00,0.00,0.00,0.00,0.00,0.00,0.00,0.00,8.00,15.00,14.00,3.00,1.00,0.00
06/04/23,Smoke RMK 122 (Smoke #69),40.7514,-105.4346,https://wrcc.dri.edu/cgi-bin/rawMAIN4.pl?idsm69+04+06+23+M,3,3,1,0.7,200,17.0,23.2,15.0,96,99,75,779.1,14.2,14.3,14.1,2.00,24:00,https://tools.airfire.org/monitor-qc-report/v2/wrcc?unitID=sm69,1.00,1.00,1.00,2.00,2.00,2.00,3.00,3.00,2.00,2.00,3.00,3.00,3.00,3.00,3.00,3.00,3.00,3.00,3.00,3.00,3.00,3.00,3.00,2.00
06/04/23,Smoke RMK 126 (Smoke #217),40.7887,-105.2513,https://wrcc.dri.edu/cgi-bin/rawMAIN4.pl?ids217+04+06+23+M,1,1,0,0.9,267,17.0,23.7,14.2,84,93,54,827.1,14.2,14.2,14.1,1.66,24:00,https://tools.airfire.org/monitor-qc-report/v2/wrcc?unitID=s217,0.00,0.00,0.00,1.00,1.00,1.00,1.00,1.00,1.00,1.00,1.00,1.00,1.00,1.00,1.00,1.00,1.00,1.00,1.00,1.00,1.00,1.00,1.00,0.00
06/04/23,Smoke RMK 127 (Smoke #454),39.7144,-105.1239,https://wrcc.dri.edu/cgi-bin/rawMAIN4.pl?ids454+04+06+23+M,1,2,0,0.8,358,15.0,18.6,12.8,85,98,65,830.2,14.3,14.3,14.2,2.00,24:00,https://tools.airfire.org/monitor-qc-report/v2/wrcc?unitID=s454,0.00,0.00,0.00,1.00,1.00,1.00,1.00,1.00,2.00,2.00,1.00,0.00,1.00,1.00,2.00,2.00,1.00,1.00,0.00,1.00,1.00,0.00,0.00,0.00
06/04/23,Smoke USFS R1-307,46.584,-112.042,https://wrcc.dri.edu/cgi-bin/rawMAIN4.pl?id1307+04+06+23+M,7,11,3,0.7,323,17.1,30.9,10.5,72,89,37,-9999,14.1,14.2,14.0,2.00,24:00,https://tools.airfire.org/monitor-qc-report/v4/wrcc?unitID=1307,9.00,9.00,9.00,9.00,9.00,9.00,9.00,8.00,8.00,7.00,7.00,6.00,6.00,6.00,7.00,8.00,9.00,11.00,9.00,5.00,4.00,3.00,3.00,3.00
