,,Position (Deg.),,,Concentration (µg/m3),,,Wind,,Air Temperature (Deg. C.),,,Humidity (Percent),,,Barometer,Battery Voltage (volts),,,Air Flow (totalizer),,,Concentration by Hour,,,,,,,,,,,,,,,,,,,,,,,
Date,Station,Latitude,Longitude,Station Chart Link,Mean,Max,Min,Ave Vel. (m/s),V. Dir. (Deg),Mean,Max,Min,Mean,Max,Min,Baro. Pressure (mbars),Mean,Max,Min,Mean,Time of latest ob,Airfire QC Report Link,0:00,1:00,2:00,3:00,4:00,5:00,6:00,7:00,8:00,9:00,10:00,11:00,12:00,13:00,14:00,15:00,16:00,17:00,18:00,19:00,20:00,21:00,22:00,23:00
05/13/24,Smoke RMK 100 (Smoke #659),44.0219,-121.2602,https://wrcc.dri.edu/cgi-bin/rawMAIN4.pl?ids659+13+05+24+M,3,10,1,1.1,321,15.4,26.5,2.9,51,92,22,887.7,14.4,14.5,14.3,2.00,24:00,https://tools.airfire.org/monitor-qc-report/v2/wrcc?unitID=s659,1.00,1.00,1.00,2.00,2.00,2.00,3.00,3.00,4.00,3.00,3.00,4.00,4.00,4.00,5.00,5.00,5.00,3.00,3.00,2.00,2.00,3.00,2.00,4.00
05/13/24,Smoke RMK 102 (Smoke #661),39.7137,-105.1228,https://wrcc.dri.edu/cgi-bin/rawMAIN4.pl?ids661+13+05+24+M,2,2,1,1.8,-9999,21.9,22.8,20.8,29,31,27,823.6,14.5,14.5,14.5,1.93,24:00,https://tools.airfire.org/monitor-qc-report/v2/wrcc?unitID=s661,-9999,-9999,-9999,-9999,-9999,-9999,-9999,-9999,-9999,-9999,-9999,-9999,-9999,-9999,-9999,-9999,-9999,-9999,-9999,-9999,-9999,-9999,2.00,2.00
05/13/24,Smoke RMK 103 (Smoke #662),39.7137,-105.1228,https://wrcc.dri.edu/cgi-bin/rawMAIN4.pl?ids662+13+05+24+M,2,2,1,1.4,-9999,25.3,25.7,24.9,27,29,25,823.2,14.6,14.6,14.6,1.80,24:00,https://tools.airfire.org/monitor-qc-report/v2/wrcc?unitID=s662,-9999,-9999,-9999,-9999,-9999,-9999,-9999,-9999,-9999,-9999,-9999,-9999,-9999,-9999,-9999,-9999,-9999,-9999,-9999,-9999,-9999,-9999,-9999,1.00
05/13/24,Smoke RMK 104 (Smoke #15),39.7137,-105.1229,https://wrcc.dri.edu/cgi-bin/rawMAIN4.pl?idsm15+13+05+24+M,1,1,1,1.8,-9999,26.0,-9999,-9999,28,-9999,-9999,6.2,14.5,14.5,14.5,1.80,24:00,https://tools.airfire.org/monitor-qc-report/v2/wrcc?unitID=sm15,-9999,-9999,-9999,-9999,-9999,-9999,-9999,-9999,-9999,-9999,-9999,-9999,-9999,-9999,-9999,-9999,-9999,-9999,-9999,-9999,-9999,-9999,-9999,-9999
05/13/24,Smoke RMK 108 (Smoke #456),39.9722,-105.4986,https://wrcc.dri.edu/cgi-bin/rawMAIN4.pl?ids456+13+05+24+M,1,2,1,1.1,303,10.1,18.9,2.9,62,88,27,745.3,14.3,14.4,14.2,2.00,24:00,https://tools.airfire.org/monitor-qc-report/v2/wrcc?unitID=s456,1.00,1.00,1.00,1.00,1.00,2.00,1.00,1.00,1.00,1.00,1.00,1.00,1.00,1.00,1.00,1.00,1.00,1.00,1.00,1.00,1.00,1.00,1.00,1.00
05/13/24,Smoke RMK 109 (Smoke #84),39.7137,-105.1229,https://wrcc.dri.edu/cgi-bin/rawMAIN4.pl?ids284+13+05+24+M,1,2,1,1.6,-9999,12.3,17.2,7.8,57,81,46,825.3,14.5,14.5,14.4,2.00,17:00,https://tools.airfire.org/monitor-qc-report/v2/wrcc?unitID=s284,1.00,1.00,1.00,2.00,2.00,2.00,1.00,1.00,1.00,1.00,1.00,1.00,1.00,2.00,2.00,2.00,1.00,1.00,-9999,-9999,-9999,-9999,-9999,-9999
05/13/24,Smoke RMK 110 (Smoke #215),39.7137,-105.1229,https://wrcc.dri.edu/cgi-bin/rawMAIN4.pl?ids215+13+05+24+M,1,2,1,1.8,-9999,13.9,20.3,8.9,65,87,50,824.1,14.5,14.5,14.4,2.00,17:00,https://tools.airfire.org/monitor-qc-report/v2/wrcc?unitID=s215,1.00,1.00,1.00,1.00,1.00,1.00,1.00,1.00,1.00,1.00,1.00,1.00,1.00,2.00,2.00,1.00,1.00,1.00,-9999,-9999,-9999,-9999,-9999,-9999
05/13/24,Smoke RMK 116 (Smoke #21),37.6517,-108.2946,https://wrcc.dri.edu/cgi-bin/rawMAIN4.pl?idsm21+13+05+24+M,1,1,1,1.0,116,18.3,28.2,9.3,56,87,26,766.1,14.4,14.5,14.3,2.00,24:00,https://tools.airfire.org/monitor-qc-report/v2/wrcc?unitID=sm21,1.00,1.00,1.00,1.00,1.00,1.00,1.00,1.00,1.00,1.00,1.00,1.00,1.00,1.00,1.00,1.00,1.00,1.00,1.00,1.00,1.00,1.00,1.00,1.00
05/13/24,Smoke RMK 122 (Smoke #69),43.9978,-121.4053,https://wrcc.dri.edu/cgi-bin/rawMAIN4.pl?idsm69+13+05+24+M,3,11,1,0.8,137,13.5,25.4,2.5,53,82,24,873.1,14.4,14.5,14.3,2.00,24:00,https://tools.airfire.org/monitor-qc-report/v2/wrcc?unitID=sm69,1.00,1.00,1.00,2.00,2.00,2.00,2.00,2.00,2.00,2.00,3.00,2.00,2.00,2.00,2.00,2.00,2.00,2.00,2.00,2.00,2.00,2.00,2.00,9.00
05/13/24,Smoke RMK 123 (Smoke #209),39.9427,-105.2493,https://wrcc.dri.edu/cgi-bin/rawMAIN4.pl?ids209+13+05+24+M,1,2,1,1.9,206,16.5,24.3,11.5,52,70,31,826.0,14.4,14.5,14.4,2.00,24:00,https://tools.airfire.org/monitor-qc-report/v2/wrcc?unitID=s209,1.00,1.00,1.00,1.00,1.00,1.00,1.00,1.00,1.00,1.00,1.00,1.00,1.00,1.00,1.00,1.00,1.00,1.00,1.00,1.00,1.00,1.00,2.00,2.00
05/13/24,Smoke RMK 124 (Smoke #210),37.3502,-108.2908,https://wrcc.dri.edu/cgi-bin/rawMAIN4.pl?ids210+13+05+24+M,2,4,1,1.1,143,16.8,26.1,7.4,39,59,19,785.2,14.4,14.5,14.4,2.00,24:00,https://tools.airfire.org/monitor-qc-report/v2/wrcc?unitID=s210,1.00,1.00,1.00,1.00,1.00,1.00,1.00,4.00,3.00,3.00,3.00,2.00,1.00,1.00,1.00,2.00,1.00,1.00,1.00,1.00,1.00,1.00,2.00,2.00
05/13/24,Smoke RMK 125 (Smoke #216),37.4716,-108.5163,https://wrcc.dri.edu/cgi-bin/rawMAIN4.pl?ids216+13+05+24+M,3,24,0,1.8,104,17.6,27.3,9.2,48,70,28,786.4,14.4,14.5,14.4,2.00,24:00,https://tools.airfire.org/monitor-qc-report/v2/wrcc?unitID=s216,1.00,0.00,1.00,1.00,7.00,17.00,24.00,7.00,1.00,0.00,0.00,0.00,0.00,1.00,0.00,0.00,1.00,0.00,0.00,0.00,0.00,0.00,0.00,0.00
05/13/24,Smoke USFS R2-65,39.7137,-105.1229,https://wrcc.dri.edu/cgi-bin/rawMAIN4.pl?ids265+13+05+24+M,2,8,1,1.7,247,17.7,25.4,10.2,49,79,27,823.5,14.5,14.6,14.4,2.00,24:00,https://tools.airfire.org/monitor-qc-report/v4/wrcc?unitID=s265,1.00,1.00,1.00,1.00,1.00,1.00,1.00,1.00,1.00,1.00,1.00,1.00,1.00,2.00,2.00,2.00,1.00,2.00,1.00,2.00,2.00,8.00,2.00,2.00
05/13/24,Smoke USFS R3-86,35.6871,-105.8956,https://wrcc.dri.edu/cgi-bin/rawMAIN4.pl?ids386+13+05+24+M,1,10,-5,0.5,315,3.8,16.3,-4.6,1,-9999,-9999,-9999,13.9,13.9,13.9,16.70,24:00,https://tools.airfire.org/monitor-qc-report/v4/wrcc?unitID=s386,-2.00,6.00,-2.00,5.00,1.00,-4.00,4.00,2.00,1.00,0.00,0.00,-1.00,0.00,1.00,-5.00,-1.00,10.00,6.00,0.00,3.00,4.00,3.00,1.00,-5.00
05/13/24,Smoke USFS R1-307,46.5838,-112.0421,https://wrcc.dri.edu/cgi-bin/rawMAIN4.pl?id1307+13+05+24+M,1,3,0,1.4,342,19.5,32.0,10.4,39,64,14,-9999,14.1,14.3,14.0,2.00,24:00,https://tools.airfire.org/monitor-qc-report/v4/wrcc?unitID=1307,0.00,0.00,1.00,1.00,1.00,1.00,1.00,2.00,1.00,2.00,2.00,2.00,1.00,1.00,2.00,3.00,2.00,1.00,1.00,1.00,1.00,0.00,1.00,1.00
05/13/24,Smoke USFS R2-264,40.7421,-105.5085,https://wrcc.dri.edu/cgi-bin/rawMAIN4.pl?id2264+13+05+24+M,0,1,0,0.9,95,10.1,20.5,0.1,69,99,31,770.5,14.3,14.4,14.1,2.00,24:00,https://tools.airfire.org/monitor-qc-report/v4/wrcc?unitID=2264,0.00,0.00,1.00,1.00,1.00,1.00,0.00,0.00,0.00,0.00,0.00,0.00,0.00,0.00,0.00,0.00,0.00,0.00,0.00,0.00,1.00,1.00,1.00,0.00
