,,Position (Deg.),,,Concentration (µg/m3),,,Wind,,Air Temperature (Deg. C.),,,Humidity (Percent),,,Barometer,Battery Voltage (volts),,,Air Flow (totalizer),,,Concentration by Hour,,,,,,,,,,,,,,,,,,,,,,,
Date,Station,Latitude,Longitude,Station Chart Link,Mean,Max,Min,Ave Vel. (m/s),V. Dir. (Deg),Mean,Max,Min,Mean,Max,Min,Baro. Pressure (mbars),Mean,Max,Min,Mean,Time of latest ob,Airfire QC Report Link,0:00,1:00,2:00,3:00,4:00,5:00,6:00,7:00,8:00,9:00,10:00,11:00,12:00,13:00,14:00,15:00,16:00,17:00,18:00,19:00,20:00,21:00,22:00,23:00
07/01/16,Smoke RMK 114 (Smoke #19),39.7144,-105.1239,https://wrcc.dri.edu/cgi-bin/rawMAIN4.pl?idsm19+01+07+16+M,4,10,1,0.3,-9999,18.5,23.8,16.4,1,1,0,-9999,14.2,14.2,14.0,2.00,16:00,https://tools.airfire.org/monitor-qc-report/v2/wrcc?unitID=sm19,3.00,2.00,2.00,2.00,2.00,1.00,1.00,2.00,2.00,3.00,4.00,4.00,4.00,5.00,6.00,8.00,10.00,-9999,-9999,-9999,-9999,-9999,-9999,-9999
07/01/16,Smoke RMK 118 (Smoke #23),41.3077,-105.6306,https://wrcc.dri.edu/cgi-bin/rawMAIN4.pl?idsm23+01+07+16+M,0,0,0,2.2,-9999,23.3,23.9,22.1,63,66,61,783.3,14.0,14.0,14.0,2.00,24:00,https://tools.airfire.org/monitor-qc-report/v2/wrcc?unitID=sm23,-9999,-9999,-9999,-9999,-9999,-9999,-9999,-9999,-9999,-9999,-9999,-9999,-9999,-9999,-9999,-9999,-9999,-9999,-9999,-9999,-9999,-9999,0.00,0.00
07/01/16,Smoke USFS R1-52,48.8978,-115.0584,https://wrcc.dri.edu/cgi-bin/rawMAIN4.pl?ids152+01+07+16+M,8,18,1,1.1,156,26.8,36.6,14.4,39,75,13,920.5,14.0,14.2,13.9,2.00,24:00,https://tools.airfire.org/monitor-qc-report/v4/wrcc?unitID=s152,2.00,2.00,1.00,2.00,8.00,10.00,10.00,12.00,14.00,15.00,15.00,16.00,18.00,17.00,16.00,13.00,8.00,6.00,4.00,2.00,2.00,1.00,1.00,1.00
07/01/16,Smoke USFS R1-53,46.9269,-114.0962,https://wrcc.dri.edu/cgi-bin/rawMAIN4.pl?ids153+01+07+16+M,3,7,2,1.0,-9999,27.4,39.0,17.3,37,64,13,903.0,14.1,14.2,14.0,2.00,13:00,https://tools.airfire.org/monitor-qc-report/v4/wrcc?unitID=s153,6.00,7.00,6.00,5.00,4.00,3.00,3.00,3.00,2.00,2.00,2.00,2.00,2.00,2.00,-9999,-9999,-9999,-9999,-9999,-9999,-9999,-9999,-9999,-9999
07/01/16,Smoke USFS R2-69,38.9792,-105.3531,https://wrcc.dri.edu/cgi-bin/rawMAIN4.pl?ids269+01+07+16+M,3,6,0,0.3,1,18.3,27.0,13.4,1,-9999,-9999,760.5,14.2,14.3,14.1,2.00,24:00,https://tools.airfire.org/monitor-qc-report/v4/wrcc?unitID=s269,2.00,5.00,5.00,3.00,3.00,3.00,5.00,3.00,4.00,4.00,3.00,6.00,5.00,3.00,3.00,1.00,0.00,1.00,0.00,2.00,6.00,3.00,0.00,0.00
07/01/16,Smoke NPS Yosemite 01,37.8751,-119.3555,https://wrcc.dri.edu/cgi-bin/rawMAIN4.pl?idsmy1+01+07+16+M,18,90,2,0.6,247,14.6,25.1,5.8,51,85,16,-10.0,14.4,14.4,14.4,16.69,24:00,https://tools.airfire.org/monitor-qc-report/v4/wrcc?unitID=smy1,-1.00,4.00,3.00,7.00,70.00,90.00,41.00,31.00,31.00,6.00,9.00,6.00,11.00,13.00,11.00,26.00,12.00,4.00,7.00,6.00,9.00,13.00,6.00,7.00
07/01/16,Smoke USFS R1-306,46.9269,-114.0962,https://wrcc.dri.edu/cgi-bin/rawMAIN4.pl?id1306+01+07+16+M,2,5,0,0.9,-9999,27.2,38.9,17.3,35,61,14,-9999,14.0,14.2,13.9,2.00,13:00,https://tools.airfire.org/monitor-qc-report/v4/wrcc?unitID=1306,2.00,2.00,1.00,2.00,1.00,1.00,2.00,1.00,0.00,1.00,1.00,3.00,3.00,5.00,-9999,-9999,-9999,-9999,-9999,-9999,-9999,-9999,-9999,-9999
07/01/16,RSF Smoke Monitor #1,42.1941,-122.7086,https://wrcc.dri.edu/cgi-bin/rawMAIN4.pl?idsmrs+01+07+16+M,66,66,66,1.9,300,24.1,34.0,12.5,41,77,17,947.0,14.2,14.3,14.0,2.00,24:00,https://tools.airfire.org/monitor-qc-report/v4/wrcc?unitID=smrs,65.54,65.54,65.54,65.54,65.54,65.54,65.54,65.54,65.54,65.54,65.54,65.54,65.54,65.54,65.54,65.54,65.54,65.54,65.54,65.54,65.54,65.54,65.54,65.54
