,,Position (Deg.),,,Concentration (µg/m3),,,Wind,,Air Temperature (Deg. C.),,,Humidity (Percent),,,Barometer,Battery Voltage (volts),,,Air Flow (totalizer),,,Concentration by Hour,,,,,,,,,,,,,,,,,,,,,,,
Date,Station,Latitude,Longitude,Station Chart Link,Mean,Max,Min,Ave Vel. (m/s),V. Dir. (Deg),Mean,Max,Min,Mean,Max,Min,Baro. Pressure (mbars),Mean,Max,Min,Mean,Time of latest ob,Airfire QC Report Link,0:00,1:00,2:00,3:00,4:00,5:00,6:00,7:00,8:00,9:00,10:00,11:00,12:00,13:00,14:00,15:00,16:00,17:00,18:00,19:00,20:00,21:00,22:00,23:00
08/09/21,Smoke RMK 105 (Smoke #17),47.0994,-110.8376,https://wrcc.dri.edu/cgi-bin/rawMAIN4.pl?idsm17+09+08+21+M,1,2,0,1.2,73,9.3,19.0,3.9,74,91,37,854.3,14.4,14.4,14.2,2.00,24:00,https://tools.airfire.org/monitor-qc-report/v2/wrcc?unitID=sm17,0.00,2.00,2.00,2.00,2.00,1.00,1.00,1.00,1.00,1.00,1.00,1.00,1.00,2.00,2.00,1.00,1.00,0.00,0.00,0.00,1.00,0.00,0.00,0.00
08/09/21,Smoke RMK 109 (Smoke #84),39.7142,-105.1238,https://wrcc.dri.edu/cgi-bin/rawMAIN4.pl?ids284+09+08+21+M,42,57,0,0.9,-9999,28.8,37.8,20.3,27,41,10,823.6,14.1,14.2,14.0,1.16,24:00,https://tools.airfire.org/monitor-qc-report/v2/wrcc?unitID=s284,57.00,53.00,55.00,57.00,56.00,57.00,54.00,55.00,51.00,43.00,35.00,35.00,35.00,36.00,37.00,39.00,43.00,44.00,52.00,-9999,-9999,0.00,15.00,38.00
08/09/21,Smoke RMK 113 (Smoke #16),46.5431,-110.9058,https://wrcc.dri.edu/cgi-bin/rawMAIN4.pl?idsm16+09+08+21+M,4,10,0,2.0,186,12.6,22.2,8.0,74,97,38,845.0,14.3,14.4,14.1,2.00,24:00,https://tools.airfire.org/monitor-qc-report/v2/wrcc?unitID=sm16,0.00,0.00,5.00,3.00,4.00,2.00,1.00,2.00,3.00,2.00,2.00,2.00,3.00,6.00,10.00,7.00,7.00,6.00,5.00,4.00,4.00,3.00,3.00,3.00
08/09/21,Smoke RMK 114 (Smoke #19),45.7919,-112.9406,https://wrcc.dri.edu/cgi-bin/rawMAIN4.pl?idsm19+09+08+21+M,4,10,2,2.2,182,7.6,17.7,0.1,64,92,30,-9999,14.3,14.4,14.1,2.00,24:00,https://tools.airfire.org/monitor-qc-report/v2/wrcc?unitID=sm19,6.00,10.00,3.00,3.00,5.00,4.00,3.00,2.00,4.00,6.00,6.00,6.00,3.00,3.00,3.00,3.00,4.00,5.00,4.00,3.00,4.00,4.00,4.00,5.00
08/09/21,Smoke RMK 115 (Smoke #20),45.6104,-113.448,https://wrcc.dri.edu/cgi-bin/rawMAIN4.pl?idsm20+09+08+21+M,4,8,1,1.8,36,6.8,19.6,-2.2,70,91,29,814.5,14.3,14.4,14.0,2.00,24:00,https://tools.airfire.org/monitor-qc-report/v2/wrcc?unitID=sm20,2.00,2.00,2.00,2.00,2.00,1.00,1.00,1.00,2.00,2.00,2.00,3.00,7.00,8.00,7.00,5.00,5.00,5.00,4.00,4.00,4.00,5.00,5.00,4.00
08/09/21,Smoke RMK 119 (Smoke #24),48.1653,-118.9841,https://wrcc.dri.edu/cgi-bin/rawMAIN4.pl?idsm24+09+08+21+M,11,37,6,1.9,350,19.8,34.1,10.1,69,97,26,950.0,14.2,14.4,13.9,2.00,24:00,https://tools.airfire.org/monitor-qc-report/v2/wrcc?unitID=sm24,26.00,7.00,7.00,21.00,12.00,10.00,10.00,10.00,9.00,9.00,8.00,7.00,7.00,7.00,6.00,6.00,7.00,11.00,16.00,27.00,37.00,14.00,13.00,8.00
08/09/21,Smoke #86,45.7574,-112.7822,https://wrcc.dri.edu/cgi-bin/rawMAIN4.pl?idsm86+09+08+21+M,5,15,0,0.9,129,15.4,27.5,7.1,68,95,27,835.2,14.2,14.3,14.0,2.00,24:00,https://tools.airfire.org/monitor-qc-report/v4/wrcc?unitID=sm86,4.00,6.00,5.00,2.00,1.00,4.00,3.00,3.00,1.00,1.00,0.00,0.00,0.00,1.00,1.00,2.00,5.00,8.00,9.00,9.00,9.00,10.00,13.00,15.00
08/09/21,Smoke USFS R1-52,47.2531,-115.9204,https://wrcc.dri.edu/cgi-bin/rawMAIN4.pl?ids152+09+08+21+M,4,9,0,0.9,222,17.6,28.7,13.0,74,94,31,932.8,14.1,14.2,14.0,2.00,24:00,https://tools.airfire.org/monitor-qc-report/v4/wrcc?unitID=s152,8.00,4.00,5.00,4.00,5.00,5.00,5.00,5.00,5.00,5.00,6.00,6.00,6.00,6.00,7.00,7.00,9.00,4.00,1.00,1.00,1.00,1.00,1.00,1.00
08/09/21,Smoke USFS R2-65,48.9357,-119.4363,https://wrcc.dri.edu/cgi-bin/rawMAIN4.pl?ids265+09+08+21+M,7,10,2,0.9,204,18.4,30.6,9.6,49,81,16,976.9,14.2,14.3,14.1,2.00,24:00,https://tools.airfire.org/monitor-qc-report/v4/wrcc?unitID=s265,2.00,2.00,5.00,4.00,4.00,5.00,7.00,8.00,8.00,8.00,9.00,8.00,8.00,9.00,10.00,10.00,9.00,8.00,8.00,9.00,7.00,4.00,3.00,3.00
08/09/21,Smoke USFS R3-28,35.6716,-105.9556,https://wrcc.dri.edu/cgi-bin/rawMAIN4.pl?ids328+09+08+21+M,24,54,1,1.8,-9999,31.9,-9999,-9999,100,-9999,-9999,-9999,14.0,14.2,13.8,16.63,24:00,https://tools.airfire.org/monitor-qc-report/v4/wrcc?unitID=s328,29.00,30.00,28.00,32.00,30.00,34.00,37.00,34.00,17.00,18.00,21.00,26.00,22.00,18.00,36.00,54.00,27.00,29.00,-9999,13.00,12.00,1.00,9.00,17.00
08/09/21,Smoke RMK 407 (EBAM #231),48.6493,-118.7294,https://wrcc.dri.edu/cgi-bin/rawMAIN4.pl?ide231+09+08+21+M,25,25,25,1.0,358,16.1,24.5,11.8,76,95,28,-9999,14.4,14.4,14.4,0.00,24:00,https://tools.airfire.org/monitor-qc-report/v2/wrcc?unitID=e231,17.00,25.00,25.00,25.00,25.00,25.00,25.00,25.00,25.00,25.00,25.00,25.00,25.00,25.00,25.00,25.00,25.00,25.00,25.00,25.00,25.00,25.00,25.00,25.00
08/09/21,Smoke RMK 409 (EBAM #592),48.586,-120.4101,https://wrcc.dri.edu/cgi-bin/rawMAIN4.pl?ide592+09+08+21+M,6,27,-4,1.1,305,17.4,26.6,11.4,46,63,18,-9999,14.2,14.2,14.1,16.70,24:00,https://tools.airfire.org/monitor-qc-report/v2/wrcc?unitID=e592,-1.00,-3.00,1.00,-1.00,1.00,14.00,5.00,8.00,5.00,14.00,10.00,10.00,12.00,26.00,27.00,2.00,1.00,-4.00,-2.00,-2.00,8.00,3.00,9.00,3.00
08/09/21,Smoke RMK 413 (EBAM #866),39.7143,-105.1239,https://wrcc.dri.edu/cgi-bin/rawMAIN4.pl?ide866+09+08+21+M,27,39,19,1.0,-9999,2.5,50.1,-27.2,26,39,11,-9999,14.4,14.4,14.3,16.62,18:00,https://tools.airfire.org/monitor-qc-report/v2/wrcc?unitID=e866,23.00,28.00,30.00,24.00,28.00,29.00,39.00,33.00,29.00,29.00,19.00,26.00,23.00,21.00,21.00,32.00,19.00,25.00,33.00,-9999,-9999,-9999,-9999,-9999
08/09/21,Smoke USFS R1-306,47.4663,-114.8796,https://wrcc.dri.edu/cgi-bin/rawMAIN4.pl?id1306+09+08+21+M,4,12,1,1.7,160,20.4,30.9,10.6,51,86,23,-9999,14.1,14.2,14.0,2.00,24:00,https://tools.airfire.org/monitor-qc-report/v4/wrcc?unitID=1306,5.00,7.00,7.00,3.00,1.00,1.00,2.00,2.00,2.00,1.00,2.00,2.00,2.00,3.00,3.00,4.00,4.00,6.00,6.00,6.00,5.00,5.00,6.00,7.00
08/09/21,Smoke USFS R1-307,46.753,-114.0901,https://wrcc.dri.edu/cgi-bin/rawMAIN4.pl?id1307+09+08+21+M,3,13,0,1.0,184,18.7,29.7,11.2,62,92,32,-9999,14.1,14.2,14.0,2.00,24:00,https://tools.airfire.org/monitor-qc-report/v4/wrcc?unitID=1307,4.00,4.00,3.00,2.00,6.00,13.00,8.00,3.00,2.00,1.00,1.00,0.00,0.00,0.00,1.00,1.00,1.00,1.00,1.00,2.00,3.00,3.00,3.00,4.00
08/09/21,Smoke USFS 3015,-0.5908,-155.7218,https://wrcc.dri.edu/cgi-bin/rawMAIN4.pl?ids315+09+08+21+M,5,12,2,1.4,9,18.0,25.4,13.1,54,81,27,913.5,14.3,14.4,14.2,2.00,24:00,https://tools.airfire.org/monitor-qc-report/v4/wrcc?unitID=s315,4.00,5.00,6.00,12.00,4.00,6.00,2.00,2.00,4.00,4.00,4.00,5.00,5.00,3.00,4.00,3.00,3.00,3.00,5.00,5.00,5.00,6.00,6.00,6.00
08/09/21,Smoke USFS 3016,45.5485,-113.931,https://wrcc.dri.edu/cgi-bin/rawMAIN4.pl?ids316+09+08+21+M,10,33,1,1.0,207,17.3,30.1,9.2,55,81,21,863.7,14.1,14.2,13.9,1.96,24:00,https://tools.airfire.org/monitor-qc-report/v4/wrcc?unitID=s316,1.00,2.00,2.00,1.00,2.00,2.00,2.00,3.00,4.00,7.00,8.00,13.00,24.00,31.00,32.00,33.00,26.00,11.00,7.00,6.00,5.00,4.00,4.00,3.00
08/09/21,Lolo NF Smoke #1,47.1951,-114.8945,https://wrcc.dri.edu/cgi-bin/rawMAIN4.pl?idsml1+09+08+21+M,0,2,0,0.9,109,17.7,26.4,10.8,61,90,30,922.2,14.1,14.2,14.0,2.00,24:00,https://tools.airfire.org/monitor-qc-report/v4/wrcc?unitID=sml1,2.00,2.00,0.00,0.00,0.00,0.00,0.00,0.00,0.00,0.00,0.00,0.00,0.00,0.00,0.00,0.00,0.00,0.00,0.00,0.00,0.00,0.00,0.00,1.00
08/09/21,AQB Smoke EBAM T-1,36.7576,-108.1823,https://wrcc.dri.edu/cgi-bin/rawMAIN4.pl?ideat1+09+08+21+M,24,48,5,1.2,311,22.9,31.1,13.0,1,1,0,-9999,13.9,14.1,13.8,16.69,24:00,https://tools.airfire.org/monitor-qc-report/v4/wrcc?unitID=eat1,30.00,33.00,48.00,24.00,25.00,25.00,21.00,29.00,30.00,27.00,26.00,21.00,24.00,34.00,30.00,17.00,28.00,28.00,25.00,26.00,25.00,11.00,6.00,5.00
08/09/21,AQB Smoke EBAM T-2,36.7576,-108.1823,https://wrcc.dri.edu/cgi-bin/rawMAIN4.pl?ideat2+09+08+21+M,23,52,-4,1.2,319,20.6,31.8,7.9,1,1,0,-9999,14.0,14.1,13.7,16.69,24:00,https://tools.airfire.org/monitor-qc-report/v4/wrcc?unitID=eat2,26.00,33.00,13.00,1.00,3.00,13.00,24.00,19.00,21.00,29.00,24.00,33.00,33.00,38.00,42.00,33.00,9.00,26.00,51.00,52.00,30.00,10.00,7.00,10.00
