,,Position (Deg.),,,Concentration (µg/m3),,,Wind,,Air Temperature (Deg. C.),,,Humidity (Percent),,,Barometer,Battery Voltage (volts),,,Air Flow (totalizer),,,Concentration by Hour,,,,,,,,,,,,,,,,,,,,,,,
Date,Station,Latitude,Longitude,Station Chart Link,Mean,Max,Min,Ave Vel. (m/s),V. Dir. (Deg),Mean,Max,Min,Mean,Max,Min,Baro. Pressure (mbars),Mean,Max,Min,Mean,Time of latest ob,Airfire QC Report Link,0:00,1:00,2:00,3:00,4:00,5:00,6:00,7:00,8:00,9:00,10:00,11:00,12:00,13:00,14:00,15:00,16:00,17:00,18:00,19:00,20:00,21:00,22:00,23:00
02/01/15,Smoke RMK 104 (Smoke #15),39.8858,-105.7634,https://wrcc.dri.edu/cgi-bin/rawMAIN4.pl?idsm15+01+02+15+M,1,2,0,5.5,328,-5.6,-1.9,-9.5,59,81,36,720.8,14.4,14.4,14.4,2.00,24:00,https://tools.airfire.org/monitor-qc-report/v2/wrcc?unitID=sm15,0.00,0.00,0.00,0.00,0.00,0.00,0.00,0.00,2.00,1.00,1.00,1.00,1.00,1.00,1.00,1.00,1.00,1.00,1.00,1.00,1.00,0.00,0.00,1.00
02/01/15,Smoke RMK 105 (Smoke #17),39.9101,-105.7977,https://wrcc.dri.edu/cgi-bin/rawMAIN4.pl?idsm17+01+02+15+M,0,2,0,0.3,2,-3.7,2.6,-8.0,56,77,29,722.3,14.4,14.4,14.4,2.00,24:00,https://tools.airfire.org/monitor-qc-report/v2/wrcc?unitID=sm17,0.00,0.00,0.00,1.00,0.00,1.00,2.00,0.00,1.00,0.00,0.00,0.00,0.00,0.00,0.00,0.00,1.00,1.00,1.00,1.00,0.00,0.00,0.00,0.00
02/01/15,Smoke RMK 109 (Smoke #84),47.5421,-116.255,https://wrcc.dri.edu/cgi-bin/rawMAIN4.pl?ids284+01+02+15+M,10,13,4,0.3,-9999,0.5,1.1,0.0,94,96,93,937.2,14.4,14.4,14.4,2.00,12:00,https://tools.airfire.org/monitor-qc-report/v2/wrcc?unitID=s284,-9999,-9999,-9999,-9999,-9999,-9999,-9999,4.00,12.00,13.00,10.00,10.00,9.00,-9999,-9999,-9999,-9999,-9999,-9999,-9999,-9999,-9999,-9999,-9999
02/01/15,Smoke RMK 115 (Smoke #20),47.1109,-116.3929,https://wrcc.dri.edu/cgi-bin/rawMAIN4.pl?idsm20+01+02+15+M,32,93,2,0.6,80,1.0,4.6,-1.4,89,98,71,-9999,14.4,14.4,14.4,2.00,24:00,https://tools.airfire.org/monitor-qc-report/v2/wrcc?unitID=sm20,5.00,14.00,7.00,10.00,25.00,46.00,39.00,93.00,93.00,63.00,76.00,76.00,54.00,28.00,17.00,6.00,2.00,6.00,30.00,12.00,27.00,20.00,16.00,4.00
02/01/15,Smoke RMK 116 (Smoke #21),39.9192,-105.7845,https://wrcc.dri.edu/cgi-bin/rawMAIN4.pl?idsm21+01+02+15+M,2,5,0,2.4,123,-1.8,3.0,-5.9,60,79,31,-9999,14.4,14.4,14.4,1.20,24:00,https://tools.airfire.org/monitor-qc-report/v2/wrcc?unitID=sm21,0.00,0.00,1.00,1.00,1.00,2.00,1.00,1.00,1.00,1.00,1.00,1.00,1.00,1.00,1.00,1.00,1.00,2.00,2.00,3.00,5.00,4.00,4.00,3.00
02/01/15,Smoke RMK 121 (Smoke #68),35.7753,-81.9239,https://wrcc.dri.edu/cgi-bin/rawMAIN4.pl?idsm68+01+02+15+M,72,123,24,0.5,-9999,6.1,7.3,5.2,33,37,28,967.9,12.4,12.5,12.3,2.00,4:00,https://tools.airfire.org/monitor-qc-report/v2/wrcc?unitID=sm68,4.00,43.00,24.00,96.00,123.00,-9999,-9999,-9999,-9999,-9999,-9999,-9999,-9999,-9999,-9999,-9999,-9999,-9999,-9999,-9999,-9999,-9999,-9999,-9999
02/01/15,Smoke RMK 125 (Smoke #216),47.5501,-116.2945,https://wrcc.dri.edu/cgi-bin/rawMAIN4.pl?ids216+01+02+15+M,13,43,1,0.5,136,5.4,8.0,3.4,83,90,75,941.6,14.4,14.4,14.4,1.23,24:00,https://tools.airfire.org/monitor-qc-report/v2/wrcc?unitID=s216,3.00,7.00,12.00,23.00,24.00,23.00,43.00,28.00,21.00,33.00,18.00,7.00,8.00,10.00,9.00,7.00,6.00,5.00,3.00,2.00,1.00,3.00,2.00,7.00
02/01/15,Smoke RMK 126 (Smoke #217),47.5455,-116.1792,https://wrcc.dri.edu/cgi-bin/rawMAIN4.pl?ids217+01+02+15+M,15,51,1,0.4,292,6.7,8.5,5.0,90,97,77,943.2,14.4,14.4,14.4,1.15,24:00,https://tools.airfire.org/monitor-qc-report/v2/wrcc?unitID=s217,1.00,6.00,6.00,14.00,5.00,21.00,8.00,14.00,24.00,51.00,38.00,28.00,35.00,23.00,14.00,15.00,14.00,10.00,9.00,7.00,3.00,2.00,1.00,3.00
