,,Position (Deg.),,,Concentration (µg/m3),,,Wind,,Air Temperature (Deg. C.),,,Humidity (Percent),,,Barometer,Battery Voltage (volts),,,Air Flow (totalizer),,,Concentration by Hour,,,,,,,,,,,,,,,,,,,,,,,
Date,Station,Latitude,Longitude,Station Chart Link,Mean,Max,Min,Ave Vel. (m/s),V. Dir. (Deg),Mean,Max,Min,Mean,Max,Min,Baro. Pressure (mbars),Mean,Max,Min,Mean,Time of latest ob,Airfire QC Report Link,0:00,1:00,2:00,3:00,4:00,5:00,6:00,7:00,8:00,9:00,10:00,11:00,12:00,13:00,14:00,15:00,16:00,17:00,18:00,19:00,20:00,21:00,22:00,23:00
09/26/17,Smoke RMK 104 (Smoke #15),42.553,-124.0575,https://wrcc.dri.edu/cgi-bin/rawMAIN4.pl?idsm15+26+09+17+M,18,26,2,0.6,-9999,17.0,27.4,11.9,78,93,45,1007.0,14.1,14.2,14.0,2.00,19:00,https://tools.airfire.org/monitor-qc-report/v2/wrcc?unitID=sm15,5.00,11.00,12.00,14.00,17.00,19.00,20.00,19.00,21.00,22.00,22.00,21.00,23.00,26.00,26.00,23.00,20.00,12.00,5.00,2.00,-9999,-9999,-9999,-9999
09/26/17,Smoke RMK 116 (Smoke #21),42.0547,-124.2769,https://wrcc.dri.edu/cgi-bin/rawMAIN4.pl?idsm21+26+09+17+M,1,2,1,0.6,-9999,24.4,25.5,22.2,54,62,49,-9999,13.9,14.0,13.8,2.00,3:00,https://tools.airfire.org/monitor-qc-report/v2/wrcc?unitID=sm21,1.00,1.00,1.00,2.00,-9999,-9999,-9999,-9999,-9999,-9999,-9999,-9999,-9999,-9999,-9999,-9999,-9999,-9999,-9999,-9999,-9999,-9999,-9999,-9999
09/26/17,Smoke RMK 119 (Smoke #24),44.2608,-121.1468,https://wrcc.dri.edu/cgi-bin/rawMAIN4.pl?idsm24+26+09+17+M,0,1,0,1.4,246,15.6,25.1,6.5,65,88,34,911.9,14.2,14.4,14.1,2.00,24:00,https://tools.airfire.org/monitor-qc-report/v2/wrcc?unitID=sm24,1.00,1.00,0.00,0.00,0.00,0.00,1.00,0.00,0.00,0.00,0.00,0.00,0.00,0.00,1.00,0.00,0.00,0.00,1.00,0.00,0.00,0.00,0.00,0.00
09/26/17,Smoke RMK 121 (Smoke #68),39.7144,-105.1239,https://wrcc.dri.edu/cgi-bin/rawMAIN4.pl?idsm68+26+09+17+M,5,8,2,0.9,-9999,9.5,16.6,5.5,80,94,52,828.3,14.4,14.4,14.3,2.00,22:00,https://tools.airfire.org/monitor-qc-report/v2/wrcc?unitID=sm68,4.00,3.00,4.00,4.00,5.00,4.00,4.00,3.00,2.00,3.00,3.00,3.00,3.00,4.00,4.00,5.00,5.00,6.00,7.00,7.00,6.00,8.00,8.00,-9999
09/26/17,Smoke RMK 122 (Smoke #69),45.6409,-121.9403,https://wrcc.dri.edu/cgi-bin/rawMAIN4.pl?idsm69+26+09+17+M,4,14,0,1.1,24,20.1,30.0,14.8,73,96,36,1015.0,14.1,14.2,14.0,2.00,24:00,https://tools.airfire.org/monitor-qc-report/v2/wrcc?unitID=sm69,4.00,4.00,3.00,3.00,6.00,7.00,14.00,3.00,3.00,5.00,5.00,3.00,4.00,3.00,3.00,4.00,3.00,5.00,5.00,4.00,2.00,0.00,0.00,0.00
09/26/17,Smoke #86,46.637,-114.0852,https://wrcc.dri.edu/cgi-bin/rawMAIN4.pl?idsm86+26+09+17+M,5,12,0,0.5,199,13.3,21.7,9.5,72,87,40,904.2,14.2,14.3,14.0,2.00,24:00,https://tools.airfire.org/monitor-qc-report/v4/wrcc?unitID=sm86,1.00,2.00,3.00,3.00,4.00,5.00,7.00,9.00,8.00,7.00,11.00,11.00,9.00,10.00,12.00,10.00,7.00,5.00,2.00,1.00,0.00,0.00,0.00,0.00
09/26/17,Smoke USFS R1-53,48.8978,-115.0584,https://wrcc.dri.edu/cgi-bin/rawMAIN4.pl?ids153+26+09+17+M,18,30,5,1.3,181,14.2,21.0,7.4,72,96,50,927.4,14.3,14.4,14.2,2.00,24:00,https://tools.airfire.org/monitor-qc-report/v4/wrcc?unitID=s153,2.00,5.00,6.00,10.00,12.00,13.00,16.00,16.00,18.00,20.00,22.00,24.00,30.00,26.00,27.00,28.00,19.00,22.00,20.00,17.00,14.00,16.00,15.00,15.00
09/26/17,Smoke USFS R1-306,47.1955,-114.8954,https://wrcc.dri.edu/cgi-bin/rawMAIN4.pl?id1306+26+09+17+M,5,31,1,0.6,171,15.6,26.1,10.7,67,88,33,-9999,14.2,14.3,14.0,2.00,24:00,https://tools.airfire.org/monitor-qc-report/v4/wrcc?unitID=1306,4.00,3.00,4.00,3.00,3.00,3.00,3.00,3.00,6.00,5.00,4.00,14.00,31.00,8.00,6.00,5.00,6.00,6.00,5.00,3.00,2.00,1.00,1.00,2.00
