,,Position (Deg.),,,Concentration (µg/m3),,,Wind,,Air Temperature (Deg. C.),,,Humidity (Percent),,,Barometer,Battery Voltage (volts),,,Air Flow (totalizer),,,Concentration by Hour,,,,,,,,,,,,,,,,,,,,,,,
Date,Station,Latitude,Longitude,Station Chart Link,Mean,Max,Min,Ave Vel. (m/s),V. Dir. (Deg),Mean,Max,Min,Mean,Max,Min,Baro. Pressure (mbars),Mean,Max,Min,Mean,Time of latest ob,Airfire QC Report Link,0:00,1:00,2:00,3:00,4:00,5:00,6:00,7:00,8:00,9:00,10:00,11:00,12:00,13:00,14:00,15:00,16:00,17:00,18:00,19:00,20:00,21:00,22:00,23:00
08/26/14,Smoke #13,44.4363,-118.1893,https://wrcc.dri.edu/cgi-bin/rawMAIN4.pl?idsm13+26+08+14+M,0,1,0,0.8,118,18.3,33.9,5.8,56,92,21,876.6,14.1,14.3,13.9,2.00,24:00,https://tools.airfire.org/monitor-qc-report/v4/wrcc?unitID=sm13,4.00,0.00,0.00,0.00,0.00,0.00,0.00,0.00,0.00,0.00,0.00,0.00,0.00,0.00,0.00,0.00,0.00,0.00,0.00,0.00,1.00,1.00,1.00,1.00
08/26/14,Smoke RMK 109 (Smoke #84),47.423,-122.3386,https://wrcc.dri.edu/cgi-bin/rawMAIN4.pl?ids284+26+08+14+M,6,8,4,0.9,-9999,28.5,32.9,26.5,42,51,26,1001.0,14.2,14.2,14.1,2.00,24:00,https://tools.airfire.org/monitor-qc-report/v2/wrcc?unitID=s284,-9999,-9999,-9999,-9999,-9999,-9999,-9999,-9999,-9999,-9999,-9999,-9999,-9999,-9999,-9999,-9999,-9999,-9999,-9999,8.00,7.00,7.00,6.00,5.00
08/26/14,Smoke RMK 110 (Smoke #215),44.2609,-121.1468,https://wrcc.dri.edu/cgi-bin/rawMAIN4.pl?ids215+26+08+14+M,2,3,1,1.3,-9999,21.0,34.9,10.1,46,75,21,910.8,14.1,14.3,14.0,2.00,24:00,https://tools.airfire.org/monitor-qc-report/v2/wrcc?unitID=s215,0.00,1.00,2.00,2.00,2.00,2.00,2.00,2.00,3.00,3.00,3.00,3.00,2.00,2.00,2.00,2.00,2.00,2.00,2.00,1.00,1.00,1.00,-9999,2.00
08/26/14,Smoke RMK 112 (Smoke #11),47.423,-122.3386,https://wrcc.dri.edu/cgi-bin/rawMAIN4.pl?idsm11+26+08+14+M,9,10,7,0.3,-9999,21.2,30.7,17.0,68,87,38,1001.0,14.3,14.3,14.1,2.00,15:00,https://tools.airfire.org/monitor-qc-report/v2/wrcc?unitID=sm11,-9999,8.00,7.00,9.00,10.00,10.00,9.00,10.00,10.00,10.00,10.00,10.00,10.00,10.00,9.00,9.00,-9999,-9999,-9999,-9999,-9999,-9999,-9999,-9999
08/26/14,Smoke RMK 125 (Smoke #216),47.423,-122.3387,https://wrcc.dri.edu/cgi-bin/rawMAIN4.pl?ids216+26+08+14+M,10,10,9,0.7,-9999,24.1,27.0,21.1,60,68,52,1002.0,14.2,14.3,14.2,2.00,18:00,https://tools.airfire.org/monitor-qc-report/v2/wrcc?unitID=s216,-9999,-9999,-9999,-9999,-9999,-9999,-9999,-9999,-9999,-9999,-9999,-9999,-9999,-9999,-9999,-9999,-9999,10.00,9.00,-9999,-9999,-9999,-9999,-9999
08/26/14,Smoke #86,46.9269,-114.0962,https://wrcc.dri.edu/cgi-bin/rawMAIN4.pl?idsm86+26+08+14+M,0,1,0,0.3,1,20.9,35.8,11.1,1,1,0,906.3,14.1,14.3,13.9,2.00,24:00,https://tools.airfire.org/monitor-qc-report/v4/wrcc?unitID=sm86,0.00,0.00,0.00,0.00,0.00,0.00,0.00,0.00,0.00,0.00,0.00,0.00,0.00,0.00,0.00,1.00,0.00,1.00,1.00,1.00,1.00,1.00,1.00,1.00
08/26/14,Smoke USFS R1-53,47.5354,-113.7211,https://wrcc.dri.edu/cgi-bin/rawMAIN4.pl?ids153+26+08+14+M,2,3,0,1.4,-9999,25.6,26.9,24.4,26,27,26,895.2,14.1,14.1,14.1,0.85,24:00,https://tools.airfire.org/monitor-qc-report/v4/wrcc?unitID=s153,-9999,-9999,-9999,-9999,-9999,-9999,-9999,-9999,-9999,-9999,-9999,-9999,-9999,-9999,-9999,-9999,-9999,-9999,-9999,-9999,-9999,-9999,-9999,0.00
08/26/14,Smoke USFS R1-39,46.9269,-114.0961,https://wrcc.dri.edu/cgi-bin/rawMAIN4.pl?ids139+26+08+14+M,0,0,0,1.3,-9999,31.5,33.9,28.1,18,20,17,905.0,14.1,14.1,14.0,1.90,24:00,https://tools.airfire.org/monitor-qc-report/v4/wrcc?unitID=s139,-9999,-9999,-9999,-9999,-9999,-9999,-9999,-9999,-9999,-9999,-9999,-9999,-9999,-9999,-9999,-9999,-9999,-9999,-9999,-9999,-9999,-9999,0.00,0.00
