,,Position (Deg.),,,Concentration (µg/m3),,,Wind,,Air Temperature (Deg. C.),,,Humidity (Percent),,,Barometer,Battery Voltage (volts),,,Air Flow (totalizer),,,Concentration by Hour,,,,,,,,,,,,,,,,,,,,,,,
Date,Station,Latitude,Longitude,Station Chart Link,Mean,Max,Min,Ave Vel. (m/s),V. Dir. (Deg),Mean,Max,Min,Mean,Max,Min,Baro. Pressure (mbars),Mean,Max,Min,Mean,Time of latest ob,Airfire QC Report Link,0:00,1:00,2:00,3:00,4:00,5:00,6:00,7:00,8:00,9:00,10:00,11:00,12:00,13:00,14:00,15:00,16:00,17:00,18:00,19:00,20:00,21:00,22:00,23:00
12/01/23,Smoke RMK 100 (Smoke #659),39.7143,-105.124,https://wrcc.dri.edu/cgi-bin/rawMAIN4.pl?ids659+01+12+23+M,6,11,4,0.9,357,-1.7,6.0,-5.8,67,87,37,818.8,14.4,14.4,14.3,2.00,24:00,https://tools.airfire.org/monitor-qc-report/v2/wrcc?unitID=s659,4.00,5.00,5.00,5.00,6.00,5.00,5.00,5.00,5.00,6.00,6.00,5.00,6.00,6.00,8.00,8.00,8.00,8.00,9.00,8.00,6.00,4.00,5.00,6.00
12/01/23,Smoke RMK 105 (Smoke #17),39.7144,-105.124,https://wrcc.dri.edu/cgi-bin/rawMAIN4.pl?idsm17+01+12+23+M,8,11,6,0.7,-9999,5.4,6.4,4.4,42,46,38,816.0,14.5,14.5,14.5,2.00,24:00,https://tools.airfire.org/monitor-qc-report/v2/wrcc?unitID=sm17,-9999,-9999,-9999,-9999,-9999,-9999,-9999,-9999,-9999,-9999,-9999,-9999,-9999,-9999,-9999,-9999,-9999,-9999,-9999,-9999,-9999,-9999,-9999,6.00
12/01/23,Smoke RMK 108 (Smoke #456),39.7144,-105.124,https://wrcc.dri.edu/cgi-bin/rawMAIN4.pl?ids456+01+12+23+M,5,9,3,0.8,9,-2.7,5.2,-6.8,63,84,32,818.5,14.4,14.5,14.4,2.00,24:00,https://tools.airfire.org/monitor-qc-report/v2/wrcc?unitID=s456,3.00,4.00,4.00,4.00,4.00,4.00,3.00,4.00,4.00,4.00,5.00,4.00,4.00,5.00,6.00,6.00,6.00,6.00,6.00,6.00,5.00,4.00,4.00,5.00
12/01/23,Smoke USFS R3-86,35.6871,-105.8956,https://wrcc.dri.edu/cgi-bin/rawMAIN4.pl?ids386+01+12+23+M,3,12,-5,0.3,188,-8.8,-6.7,-10.1,1,-9999,-9999,-9999,13.9,13.9,13.9,16.70,24:00,https://tools.airfire.org/monitor-qc-report/v4/wrcc?unitID=s386,9.00,9.00,2.00,3.00,5.00,6.00,6.00,5.00,4.00,2.00,-1.00,0.00,5.00,3.00,3.00,5.00,1.00,0.00,-5.00,0.00,6.00,2.00,3.00,-1.00
12/01/23,Smoke RMK 400 (EBAM #487),39.7144,-105.1239,https://wrcc.dri.edu/cgi-bin/rawMAIN4.pl?ide487+01+12+23+M,11,17,-1,0.9,13,3.5,11.3,-0.6,64,81,41,-9999,11.6,11.7,11.5,12.50,24:00,https://tools.airfire.org/monitor-qc-report/v2/wrcc?unitID=e487,12.00,4.00,10.00,7.00,12.00,11.00,9.00,-1.00,15.00,12.00,12.00,10.00,8.00,14.00,14.00,12.00,14.00,14.00,17.00,16.00,10.00,5.00,15.00,7.00
12/01/23,Smoke USFS R1-307,46.5842,-112.0418,https://wrcc.dri.edu/cgi-bin/rawMAIN4.pl?id1307+01+12+23+M,5,9,1,0.5,339,-0.6,3.3,-3.0,70,80,47,-9999,14.4,14.4,14.4,2.00,24:00,https://tools.airfire.org/monitor-qc-report/v4/wrcc?unitID=1307,4.00,6.00,7.00,7.00,5.00,4.00,5.00,4.00,4.00,5.00,6.00,5.00,3.00,5.00,5.00,5.00,4.00,4.00,9.00,8.00,7.00,5.00,5.00,1.00
12/01/23,Lolo NF Smoke #1,46.9269,-114.0962,https://wrcc.dri.edu/cgi-bin/rawMAIN4.pl?idsml1+01+12+23+M,14,17,13,0.4,-9999,1.5,2.0,0.9,79,83,74,899.8,14.0,14.0,14.0,2.00,16:00,https://tools.airfire.org/monitor-qc-report/v4/wrcc?unitID=sml1,9.00,-9999,-9999,-9999,13.00,13.00,13.00,14.00,17.00,16.00,15.00,13.00,14.00,16.00,15.00,14.00,15.00,-9999,-9999,-9999,-9999,-9999,-9999,-9999
12/01/23,Lolo NF Smoke #2,46.9269,-114.0962,https://wrcc.dri.edu/cgi-bin/rawMAIN4.pl?idsml2+01+12+23+M,10,13,6,0.5,-9999,14.0,15.2,13.4,100,-9999,-9999,900.2,14.4,14.4,14.4,2.00,16:00,https://tools.airfire.org/monitor-qc-report/v4/wrcc?unitID=sml2,7.00,6.00,7.00,8.00,10.00,10.00,10.00,11.00,13.00,13.00,11.00,10.00,10.00,12.00,12.00,10.00,11.00,-9999,-9999,-9999,-9999,-9999,-9999,-9999
