,,Position (Deg.),,,Concentration (µg/m3),,,Wind,,Air Temperature (Deg. C.),,,Humidity (Percent),,,Barometer,Battery Voltage (volts),,,Air Flow (totalizer),,,Concentration by Hour,,,,,,,,,,,,,,,,,,,,,,,
Date,Station,Latitude,Longitude,Station Chart Link,Mean,Max,Min,Ave Vel. (m/s),V. Dir. (Deg),Mean,Max,Min,Mean,Max,Min,Baro. Pressure (mbars),Mean,Max,Min,Mean,Time of latest ob,Airfire QC Report Link,0:00,1:00,2:00,3:00,4:00,5:00,6:00,7:00,8:00,9:00,10:00,11:00,12:00,13:00,14:00,15:00,16:00,17:00,18:00,19:00,20:00,21:00,22:00,23:00
04/27/23,Smoke RMK 100 (Smoke #659),39.9177,-105.5056,https://wrcc.dri.edu/cgi-bin/rawMAIN4.pl?ids659+27+04+23+M,2,3,1,1.9,180,8.3,15.4,2.2,57,88,28,557.7,14.5,14.5,14.4,2.00,24:00,https://tools.airfire.org/monitor-qc-report/v2/wrcc?unitID=s659,1.00,1.00,2.00,2.00,3.00,3.00,3.00,2.00,2.00,2.00,2.00,2.00,2.00,2.00,2.00,1.00,1.00,1.00,1.00,1.00,1.00,1.00,1.00,2.00
04/27/23,Smoke RMK 101 (Smoke #660),39.9427,-105.2493,https://wrcc.dri.edu/cgi-bin/rawMAIN4.pl?ids660+27+04+23+M,2,3,1,2.8,253,17.1,23.1,12.2,38,66,19,617.9,14.6,14.6,14.5,2.00,24:00,https://tools.airfire.org/monitor-qc-report/v2/wrcc?unitID=s660,2.00,2.00,2.00,3.00,3.00,2.00,2.00,2.00,2.00,2.00,2.00,2.00,1.00,1.00,1.00,1.00,1.00,1.00,1.00,1.00,1.00,1.00,2.00,2.00
04/27/23,Smoke RMK 104 (Smoke #15),39.7143,-105.1239,https://wrcc.dri.edu/cgi-bin/rawMAIN4.pl?idsm15+27+04+23+M,2,4,1,2.2,287,14.3,20.0,9.1,35,56,19,821.9,14.5,14.5,14.5,2.00,24:00,https://tools.airfire.org/monitor-qc-report/v2/wrcc?unitID=sm15,4.00,3.00,3.00,3.00,4.00,3.00,2.00,2.00,1.00,2.00,2.00,2.00,2.00,1.00,1.00,1.00,1.00,1.00,1.00,1.00,1.00,1.00,1.00,2.00
04/27/23,Smoke RMK 106 (Smoke #66),39.7144,-105.1239,https://wrcc.dri.edu/cgi-bin/rawMAIN4.pl?idsm66+27+04+23+M,2,4,1,2.2,314,14.6,20.3,9.4,35,56,19,822.2,14.5,14.5,14.5,2.00,24:00,https://tools.airfire.org/monitor-qc-report/v2/wrcc?unitID=sm66,4.00,3.00,3.00,3.00,4.00,3.00,2.00,2.00,1.00,1.00,2.00,2.00,2.00,1.00,1.00,1.00,1.00,1.00,1.00,1.00,1.00,1.00,1.00,2.00
04/27/23,Smoke RMK 111 (Smoke #455),39.7144,-105.124,https://wrcc.dri.edu/cgi-bin/rawMAIN4.pl?ids455+27+04+23+M,1,2,0,3.5,-9999,21.8,23.3,19.6,19,20,19,819.4,14.5,14.5,14.5,1.27,24:00,https://tools.airfire.org/monitor-qc-report/v2/wrcc?unitID=s455,-9999,-9999,-9999,-9999,-9999,-9999,-9999,-9999,-9999,-9999,-9999,-9999,-9999,-9999,-9999,-9999,-9999,-9999,-9999,-9999,-9999,0.00,1.00,1.00
04/27/23,Smoke RMK 400 (EBAM #487),39.7143,-105.1239,https://wrcc.dri.edu/cgi-bin/rawMAIN4.pl?ide487+27+04+23+M,5,16,-18,2.1,-9999,15.6,21.3,11.0,43,58,29,-9999,11.6,11.6,11.6,12.50,24:00,https://tools.airfire.org/monitor-qc-report/v2/wrcc?unitID=e487,10.00,7.00,2.00,12.00,16.00,6.00,6.00,12.00,-18.00,-2.00,8.00,9.00,-9999,-9999,-9999,-9999,-9999,-9999,-5.00,8.00,-9999,11.00,2.00,2.00
04/27/23,Smoke USFS R1-307,46.5842,-112.0418,https://wrcc.dri.edu/cgi-bin/rawMAIN4.pl?id1307+27+04+23+M,0,2,0,0.9,40,11.6,18.3,5.1,46,72,24,-9999,14.2,14.4,14.1,2.00,24:00,https://tools.airfire.org/monitor-qc-report/v4/wrcc?unitID=1307,0.00,0.00,0.00,0.00,0.00,0.00,0.00,0.00,0.00,0.00,0.00,0.00,0.00,2.00,1.00,0.00,0.00,0.00,0.00,0.00,0.00,0.00,0.00,0.00
04/27/23,Smoke USFS R2-264,39.9512,-105.424,https://wrcc.dri.edu/cgi-bin/rawMAIN4.pl?id2264+27+04+23+M,0,1,0,1.6,145,12.1,19.9,8.1,55,85,32,748.5,14.4,14.4,14.2,2.00,24:00,https://tools.airfire.org/monitor-qc-report/v4/wrcc?unitID=2264,0.00,0.00,1.00,1.00,1.00,1.00,0.00,0.00,0.00,0.00,0.00,0.00,0.00,0.00,0.00,0.00,0.00,0.00,0.00,0.00,0.00,0.00,0.00,0.00
