,,Position (Deg.),,,Concentration (µg/m3),,,Wind,,Air Temperature (Deg. C.),,,Humidity (Percent),,,Barometer,Battery Voltage (volts),,,Air Flow (totalizer),,,Concentration by Hour,,,,,,,,,,,,,,,,,,,,,,,
Date,Station,Latitude,Longitude,Station Chart Link,Mean,Max,Min,Ave Vel. (m/s),V. Dir. (Deg),Mean,Max,Min,Mean,Max,Min,Baro. Pressure (mbars),Mean,Max,Min,Mean,Time of latest ob,Airfire QC Report Link,0:00,1:00,2:00,3:00,4:00,5:00,6:00,7:00,8:00,9:00,10:00,11:00,12:00,13:00,14:00,15:00,16:00,17:00,18:00,19:00,20:00,21:00,22:00,23:00
05/16/24,Smoke RMK 100 (Smoke #659),44.0219,-121.2601,https://wrcc.dri.edu/cgi-bin/rawMAIN4.pl?ids659+16+05+24+M,3,6,2,1.1,353,17.6,27.7,5.8,49,89,25,887.4,14.4,14.5,14.3,2.00,24:00,https://tools.airfire.org/monitor-qc-report/v2/wrcc?unitID=s659,2.00,3.00,5.00,2.00,2.00,2.00,2.00,3.00,3.00,3.00,3.00,3.00,3.00,4.00,4.00,5.00,4.00,3.00,3.00,2.00,4.00,6.00,4.00,2.00
05/16/24,Smoke RMK 101 (Smoke #660),39.7137,-105.1228,https://wrcc.dri.edu/cgi-bin/rawMAIN4.pl?ids660+16+05+24+M,1,2,1,1.5,155,17.5,25.3,10.3,50,77,21,824.9,14.5,14.6,14.5,2.00,24:00,https://tools.airfire.org/monitor-qc-report/v2/wrcc?unitID=s660,2.00,1.00,1.00,2.00,2.00,2.00,1.00,1.00,1.00,1.00,1.00,1.00,1.00,1.00,1.00,1.00,1.00,1.00,1.00,1.00,1.00,1.00,1.00,1.00
05/16/24,Smoke RMK 102 (Smoke #661),39.7137,-105.1228,https://wrcc.dri.edu/cgi-bin/rawMAIN4.pl?ids661+16+05+24+M,1,1,0,1.6,157,16.0,23.7,8.9,51,78,22,824.9,14.4,14.5,14.3,2.00,24:00,https://tools.airfire.org/monitor-qc-report/v2/wrcc?unitID=s661,2.00,1.00,1.00,1.00,1.00,1.00,1.00,0.00,1.00,1.00,1.00,1.00,1.00,1.00,1.00,1.00,1.00,1.00,1.00,1.00,1.00,1.00,1.00,1.00
05/16/24,Smoke RMK 103 (Smoke #662),39.7137,-105.1228,https://wrcc.dri.edu/cgi-bin/rawMAIN4.pl?ids662+16+05+24+M,1,1,1,1.6,154,18.7,26.4,11.5,50,78,21,824.8,14.5,14.6,14.4,2.00,24:00,https://tools.airfire.org/monitor-qc-report/v2/wrcc?unitID=s662,2.00,1.00,1.00,1.00,1.00,1.00,1.00,1.00,1.00,1.00,1.00,1.00,1.00,1.00,1.00,1.00,1.00,1.00,1.00,1.00,1.00,1.00,1.00,1.00
05/16/24,Smoke RMK 104 (Smoke #15),39.7137,-105.1229,https://wrcc.dri.edu/cgi-bin/rawMAIN4.pl?idsm15+16+05+24+M,1,1,0,1.5,106,20.0,27.8,12.9,49,75,20,6.2,14.5,14.5,14.4,2.00,24:00,https://tools.airfire.org/monitor-qc-report/v2/wrcc?unitID=sm15,2.00,1.00,0.00,1.00,1.00,1.00,1.00,0.00,0.00,1.00,1.00,1.00,1.00,1.00,1.00,1.00,1.00,1.00,1.00,1.00,1.00,1.00,1.00,1.00
05/16/24,Smoke RMK 108 (Smoke #456),39.9722,-105.4986,https://wrcc.dri.edu/cgi-bin/rawMAIN4.pl?ids456+16+05+24+M,1,3,0,1.0,320,11.5,20.9,3.7,59,94,19,745.3,14.4,14.4,14.2,2.00,24:00,https://tools.airfire.org/monitor-qc-report/v2/wrcc?unitID=s456,4.00,3.00,2.00,2.00,1.00,1.00,1.00,1.00,1.00,1.00,2.00,1.00,1.00,1.00,1.00,1.00,0.00,0.00,0.00,0.00,0.00,0.00,0.00,0.00
05/16/24,Smoke RMK 116 (Smoke #21),37.6517,-108.2947,https://wrcc.dri.edu/cgi-bin/rawMAIN4.pl?idsm21+16+05+24+M,1,2,1,0.8,131,18.9,26.0,10.9,51,78,27,763.9,14.4,14.5,14.4,2.00,24:00,https://tools.airfire.org/monitor-qc-report/v2/wrcc?unitID=sm21,2.00,1.00,1.00,1.00,2.00,1.00,1.00,1.00,1.00,1.00,1.00,1.00,1.00,1.00,1.00,1.00,1.00,1.00,1.00,1.00,1.00,1.00,1.00,1.00
05/16/24,Smoke RMK 122 (Smoke #69),43.9979,-121.4052,https://wrcc.dri.edu/cgi-bin/rawMAIN4.pl?idsm69+16+05+24+M,1161,10093,1,1.0,190,16.0,25.1,6.4,56,87,24,872.8,14.4,14.5,14.3,2.00,24:00,https://tools.airfire.org/monitor-qc-report/v2/wrcc?unitID=sm69,5.00,23.00,3.00,2.00,3.00,1.00,709.00,7070.00,10093.00,4348.00,2537.00,1616.00,409.00,133.00,314.00,539.00,7.00,3.00,2.00,8.00,18.00,9.00,2.00,2.00
05/16/24,Smoke RMK 123 (Smoke #209),39.9427,-105.2493,https://wrcc.dri.edu/cgi-bin/rawMAIN4.pl?ids209+16+05+24+M,1,2,1,1.5,129,17.3,25.2,11.8,55,86,26,826.3,14.5,14.5,14.4,2.00,24:00,https://tools.airfire.org/monitor-qc-report/v2/wrcc?unitID=s209,4.00,2.00,1.00,1.00,1.00,2.00,1.00,1.00,1.00,1.00,1.00,1.00,1.00,1.00,1.00,1.00,1.00,1.00,1.00,1.00,1.00,1.00,1.00,1.00
05/16/24,Smoke RMK 124 (Smoke #210),37.3502,-108.2908,https://wrcc.dri.edu/cgi-bin/rawMAIN4.pl?ids210+16+05+24+M,2,8,1,0.9,159,15.8,24.9,7.2,49,72,19,783.6,14.4,14.5,14.3,2.00,24:00,https://tools.airfire.org/monitor-qc-report/v2/wrcc?unitID=s210,1.00,1.00,1.00,1.00,2.00,1.00,2.00,2.00,2.00,3.00,2.00,3.00,2.00,1.00,2.00,2.00,1.00,1.00,1.00,8.00,2.00,1.00,2.00,1.00
05/16/24,Smoke RMK 125 (Smoke #216),37.4715,-108.5164,https://wrcc.dri.edu/cgi-bin/rawMAIN4.pl?ids216+16+05+24+M,2,6,1,1.4,133,17.4,25.7,10.9,51,68,29,784.6,14.5,14.5,14.4,2.00,24:00,https://tools.airfire.org/monitor-qc-report/v2/wrcc?unitID=s216,1.00,1.00,1.00,1.00,1.00,1.00,2.00,3.00,6.00,2.00,2.00,2.00,2.00,2.00,2.00,2.00,1.00,1.00,1.00,1.00,1.00,1.00,1.00,1.00
05/16/24,Smoke USFS R3-86,35.6871,-105.8956,https://wrcc.dri.edu/cgi-bin/rawMAIN4.pl?ids386+16+05+24+M,1,9,-5,0.4,312,3.1,9.1,-1.5,1,-9999,-9999,-9999,13.9,14.0,13.9,16.70,24:00,https://tools.airfire.org/monitor-qc-report/v4/wrcc?unitID=s386,2.00,1.00,-5.00,0.00,4.00,0.00,8.00,3.00,-2.00,-1.00,9.00,3.00,2.00,-3.00,-1.00,0.00,0.00,-2.00,6.00,-5.00,-5.00,5.00,-5.00,2.00
05/16/24,Smoke USFS R1-307,46.5841,-112.042,https://wrcc.dri.edu/cgi-bin/rawMAIN4.pl?id1307+16+05+24+M,0,1,0,1.0,344,17.7,26.6,11.1,43,64,19,-9999,14.2,14.3,14.0,2.00,24:00,https://tools.airfire.org/monitor-qc-report/v4/wrcc?unitID=1307,0.00,0.00,0.00,0.00,0.00,0.00,0.00,0.00,0.00,0.00,0.00,0.00,0.00,0.00,0.00,1.00,1.00,1.00,0.00,0.00,0.00,1.00,1.00,0.00
05/16/24,Smoke USFS R2-264,40.7423,-105.5086,https://wrcc.dri.edu/cgi-bin/rawMAIN4.pl?id2264+16+05+24+M,0,0,0,1.0,96,11.1,23.6,0.4,68,100,21,770.4,14.3,14.4,14.1,2.00,24:00,https://tools.airfire.org/monitor-qc-report/v4/wrcc?unitID=2264,0.00,0.00,0.00,0.00,0.00,0.00,0.00,0.00,0.00,0.00,0.00,0.00,0.00,0.00,0.00,0.00,0.00,0.00,0.00,0.00,0.00,0.00,0.00,0.00
