,,Position (Deg.),,,Concentration (µg/m3),,,Wind,,Air Temperature (Deg. C.),,,Humidity (Percent),,,Barometer,Battery Voltage (volts),,,Air Flow (totalizer),,,Concentration by Hour,,,,,,,,,,,,,,,,,,,,,,,
Date,Station,Latitude,Longitude,Station Chart Link,Mean,Max,Min,Ave Vel. (m/s),V. Dir. (Deg),Mean,Max,Min,Mean,Max,Min,Baro. Pressure (mbars),Mean,Max,Min,Mean,Time of latest ob,Airfire QC Report Link,0:00,1:00,2:00,3:00,4:00,5:00,6:00,7:00,8:00,9:00,10:00,11:00,12:00,13:00,14:00,15:00,16:00,17:00,18:00,19:00,20:00,21:00,22:00,23:00
08/21/22,Smoke RMK 114 (Smoke #19),45.2538,-113.8883,https://wrcc.dri.edu/cgi-bin/rawMAIN4.pl?idsm19+21+08+22+M,13,41,2,1.3,137,22.2,36.5,10.6,51,87,18,882.6,14.1,14.2,13.9,2.00,24:00,https://tools.airfire.org/monitor-qc-report/v2/wrcc?unitID=sm19,58.00,41.00,24.00,27.00,23.00,6.00,6.00,6.00,6.00,5.00,6.00,5.00,3.00,2.00,3.00,4.00,5.00,4.00,3.00,4.00,2.00,15.00,31.00,39.00
08/21/22,Smoke RMK 115 (Smoke #20),39.7143,-105.1239,https://wrcc.dri.edu/cgi-bin/rawMAIN4.pl?idsm20+21+08+22+M,133,142,126,1.1,185,20.5,31.3,15.3,89,100,60,829.0,14.1,14.2,14.0,2.00,24:00,https://tools.airfire.org/monitor-qc-report/v2/wrcc?unitID=sm20,142.00,141.00,140.00,141.00,135.00,130.00,140.00,142.00,136.00,133.00,131.00,129.00,130.00,131.00,130.00,129.00,127.00,132.00,131.00,130.00,130.00,128.00,126.00,131.00
08/21/22,Smoke RMK 118 (Smoke #23),39.7144,-105.1239,https://wrcc.dri.edu/cgi-bin/rawMAIN4.pl?idsm23+21+08+22+M,0,1,0,0.8,182,27.4,-9999,-9999,70,85,40,828.9,14.1,14.2,14.0,2.00,24:00,https://tools.airfire.org/monitor-qc-report/v2/wrcc?unitID=sm23,0.00,0.00,1.00,1.00,1.00,0.00,1.00,1.00,0.00,0.00,0.00,0.00,0.00,0.00,0.00,0.00,0.00,0.00,0.00,0.00,1.00,0.00,0.00,0.00
08/21/22,Smoke RMK 121 (Smoke #68),44.8518,-113.6193,https://wrcc.dri.edu/cgi-bin/rawMAIN4.pl?idsm68+21+08+22+M,6,52,1,0.3,1,23.5,34.9,14.9,71,100,36,844.6,14.2,14.4,14.0,2.00,24:00,https://tools.airfire.org/monitor-qc-report/v2/wrcc?unitID=sm68,2.00,4.00,52.00,10.00,3.00,3.00,1.00,2.00,4.00,3.00,2.00,2.00,3.00,2.00,2.00,3.00,3.00,5.00,4.00,3.00,3.00,3.00,2.00,5.00
08/21/22,Smoke RMK 124 (Smoke #210),45.4081,-113.9966,https://wrcc.dri.edu/cgi-bin/rawMAIN4.pl?ids210+21+08+22+M,11,25,4,0.9,233,24.4,37.9,13.5,45,78,13,891.9,14.1,14.2,14.0,2.00,24:00,https://tools.airfire.org/monitor-qc-report/v2/wrcc?unitID=s210,34.00,25.00,19.00,18.00,17.00,20.00,16.00,6.00,7.00,7.00,7.00,7.00,9.00,7.00,8.00,8.00,8.00,8.00,15.00,6.00,4.00,18.00,15.00,8.00
08/21/22,Smoke RMK 126 (Smoke #217),45.088,-114.2408,https://wrcc.dri.edu/cgi-bin/rawMAIN4.pl?ids217+21+08+22+M,4,9,0,0.3,2,21.7,37.5,12.4,59,85,15,847.1,14.2,14.3,14.0,2.00,24:00,https://tools.airfire.org/monitor-qc-report/v2/wrcc?unitID=s217,13.00,6.00,5.00,4.00,5.00,5.00,4.00,3.00,3.00,3.00,3.00,3.00,3.00,3.00,3.00,3.00,3.00,3.00,1.00,0.00,2.00,9.00,7.00,3.00
08/21/22,Smoke RMK 400 (EBAM #487),39.7143,-105.1239,https://wrcc.dri.edu/cgi-bin/rawMAIN4.pl?ide487+21+08+22+M,-3,36,-31,1.1,179,17.6,26.0,13.1,57,67,36,-9999,11.7,11.7,11.7,12.50,24:00,https://tools.airfire.org/monitor-qc-report/v2/wrcc?unitID=e487,53.00,22.00,-22.00,6.00,-8.00,-11.00,36.00,29.00,9.00,-3.00,-8.00,-19.00,4.00,-3.00,-5.00,-14.00,-20.00,-31.00,-19.00,-22.00,-4.00,-7.00,-2.00,12.00
08/21/22,Smoke RMK 410 (EBAM #787),39.7143,-105.1239,https://wrcc.dri.edu/cgi-bin/rawMAIN4.pl?ide787+21+08+22+M,2,11,-5,1.0,177,31.8,-9999,-9999,54,71,24,-9999,14.4,14.4,14.4,16.70,24:00,https://tools.airfire.org/monitor-qc-report/v2/wrcc?unitID=e787,14.00,-1.00,1.00,3.00,3.00,3.00,11.00,-5.00,2.00,4.00,0.00,6.00,-1.00,4.00,1.00,-1.00,3.00,-1.00,2.00,5.00,3.00,2.00,8.00,3.00
