,,Position (Deg.),,,Concentration (µg/m3),,,Wind,,Air Temperature (Deg. C.),,,Humidity (Percent),,,Barometer,Battery Voltage (volts),,,Air Flow (totalizer),,,Concentration by Hour,,,,,,,,,,,,,,,,,,,,,,,
Date,Station,Latitude,Longitude,Station Chart Link,Mean,Max,Min,Ave Vel. (m/s),V. Dir. (Deg),Mean,Max,Min,Mean,Max,Min,Baro. Pressure (mbars),Mean,Max,Min,Mean,Time of latest ob,Airfire QC Report Link,0:00,1:00,2:00,3:00,4:00,5:00,6:00,7:00,8:00,9:00,10:00,11:00,12:00,13:00,14:00,15:00,16:00,17:00,18:00,19:00,20:00,21:00,22:00,23:00
10/18/21,Smoke RMK 108 (Smoke #456),39.389,-105.2734,https://wrcc.dri.edu/cgi-bin/rawMAIN4.pl?ids456+18+10+21+M,1,1,1,2.2,-9999,22.4,-9999,-9999,18,-9999,-9999,787.6,14.1,14.1,14.1,2.00,24:00,https://tools.airfire.org/monitor-qc-report/v2/wrcc?unitID=s456,-9999,-9999,-9999,-9999,-9999,-9999,-9999,-9999,-9999,-9999,-9999,-9999,-9999,-9999,-9999,-9999,-9999,-9999,-9999,-9999,-9999,-9999,-9999,-9999
10/18/21,Smoke RMK 110 (Smoke #215),40.0771,-105.9296,https://wrcc.dri.edu/cgi-bin/rawMAIN4.pl?ids215+18+10+21+M,0,2,0,1.2,64,8.4,23.2,-1.4,60,89,18,758.2,14.4,14.4,14.2,2.00,24:00,https://tools.airfire.org/monitor-qc-report/v2/wrcc?unitID=s215,0.00,1.00,0.00,0.00,0.00,0.00,0.00,0.00,0.00,0.00,0.00,0.00,1.00,0.00,2.00,2.00,1.00,0.00,0.00,0.00,0.00,0.00,0.00,0.00
10/18/21,Smoke RMK 112 (Smoke #11),37.3502,-108.2908,https://wrcc.dri.edu/cgi-bin/rawMAIN4.pl?idsm11+18+10+21+M,0,1,0,1.6,23,8.7,15.7,1.6,44,68,23,779.9,14.3,14.4,14.1,2.00,24:00,https://tools.airfire.org/monitor-qc-report/v2/wrcc?unitID=sm11,0.00,0.00,0.00,0.00,0.00,0.00,0.00,0.00,0.00,0.00,0.00,0.00,0.00,0.00,0.00,0.00,0.00,0.00,0.00,0.00,0.00,1.00,1.00,1.00
10/18/21,Smoke RMK 124 (Smoke #210),39.5996,-105.9886,https://wrcc.dri.edu/cgi-bin/rawMAIN4.pl?ids210+18+10+21+M,0,0,0,1.2,-9999,15.2,16.2,14.1,23,26,18,721.1,12.7,12.7,12.7,1.33,24:00,https://tools.airfire.org/monitor-qc-report/v2/wrcc?unitID=s210,-9999,-9999,-9999,-9999,-9999,-9999,-9999,-9999,-9999,-9999,-9999,-9999,-9999,-9999,-9999,-9999,-9999,-9999,-9999,-9999,-9999,-9999,0.00,0.00
10/18/21,Smoke USFS R3-28,35.6715,-105.9556,https://wrcc.dri.edu/cgi-bin/rawMAIN4.pl?ids328+18+10+21+M,4,44,-5,1.9,-9999,30.7,32.5,26.6,100,-9999,-9999,-9999,14.1,14.2,14.0,16.70,24:00,https://tools.airfire.org/monitor-qc-report/v4/wrcc?unitID=s328,-5.00,-5.00,-5.00,-1.00,0.00,3.00,5.00,-1.00,8.00,8.00,3.00,-3.00,1.00,4.00,-9999,15.00,44.00,18.00,-5.00,5.00,14.00,-1.00,-5.00,4.00
10/18/21,Smoke USFS 3016,45.5485,-113.931,https://wrcc.dri.edu/cgi-bin/rawMAIN4.pl?ids316+18+10+21+M,11,27,0,0.7,353,10.9,21.6,3.1,50,75,21,854.6,14.2,14.4,14.0,1.26,24:00,https://tools.airfire.org/monitor-qc-report/v4/wrcc?unitID=s316,0.00,0.00,3.00,10.00,7.00,17.00,22.00,27.00,24.00,20.00,15.00,11.00,10.00,11.00,15.00,19.00,22.00,12.00,3.00,2.00,1.00,1.00,1.00,1.00
10/18/21,AQB Smoke EBAM T-1,36.7576,-108.1823,https://wrcc.dri.edu/cgi-bin/rawMAIN4.pl?ideat1+18+10+21+M,2,2,2,1.1,84,16.6,23.2,10.4,1,1,0,-9999,14.4,14.4,14.4,0.00,24:00,https://tools.airfire.org/monitor-qc-report/v4/wrcc?unitID=eat1,2.00,2.00,2.00,2.00,2.00,2.00,2.00,2.00,2.00,2.00,2.00,2.00,2.00,2.00,2.00,2.00,2.00,2.00,2.00,2.00,2.00,2.00,2.00,2.00
10/18/21,AQB Smoke EBAM T-2,36.7576,-108.1823,https://wrcc.dri.edu/cgi-bin/rawMAIN4.pl?ideat2+18+10+21+M,5,29,-5,1.0,-9999,10.9,18.5,2.6,0,1,0,-9999,14.1,14.1,14.0,16.70,24:00,https://tools.airfire.org/monitor-qc-report/v4/wrcc?unitID=eat2,4.00,-5.00,-5.00,-5.00,-5.00,-5.00,-4.00,2.00,-4.00,-1.00,0.00,-9999,-3.00,-5.00,3.00,5.00,3.00,20.00,29.00,20.00,16.00,16.00,24.00,25.00
