,,Position (Deg.),,,Concentration (µg/m3),,,Wind,,Air Temperature (Deg. C.),,,Humidity (Percent),,,Barometer,Battery Voltage (volts),,,Air Flow (totalizer),,,Concentration by Hour,,,,,,,,,,,,,,,,,,,,,,,
Date,Station,Latitude,Longitude,Station Chart Link,Mean,Max,Min,Ave Vel. (m/s),V. Dir. (Deg),Mean,Max,Min,Mean,Max,Min,Baro. Pressure (mbars),Mean,Max,Min,Mean,Time of latest ob,Airfire QC Report Link,0:00,1:00,2:00,3:00,4:00,5:00,6:00,7:00,8:00,9:00,10:00,11:00,12:00,13:00,14:00,15:00,16:00,17:00,18:00,19:00,20:00,21:00,22:00,23:00
05/31/20,Smoke RMK 111 (Smoke #455),39.7144,-105.124,https://wrcc.dri.edu/cgi-bin/rawMAIN4.pl?ids455+31+05+20+M,0,1,0,0.3,180,20.9,30.0,13.6,50,72,28,825.4,14.2,14.3,14.0,2.00,24:00,https://tools.airfire.org/monitor-qc-report/v2/wrcc?unitID=s455,1.00,1.00,0.00,0.00,0.00,0.00,0.00,0.00,0.00,0.00,0.00,0.00,0.00,0.00,0.00,0.00,0.00,0.00,0.00,0.00,0.00,0.00,0.00,0.00
05/31/20,Smoke RMK 115 (Smoke #20),39.5948,-106.0068,https://wrcc.dri.edu/cgi-bin/rawMAIN4.pl?idsm20+31+05+20+M,0,0,0,1.5,-9999,21.6,24.7,11.8,38,63,29,731.7,14.1,14.3,14.0,2.00,24:00,https://tools.airfire.org/monitor-qc-report/v2/wrcc?unitID=sm20,-9999,-9999,-9999,-9999,-9999,-9999,-9999,-9999,-9999,-9999,-9999,-9999,-9999,-9999,-9999,0.00,0.00,0.00,0.00,0.00,0.00,0.00,0.00,0.00
05/31/20,Smoke RMK 126 (Smoke #217),34.4263,-110.0427,https://wrcc.dri.edu/cgi-bin/rawMAIN4.pl?ids217+31+05+20+M,0,0,0,1.8,-9999,14.2,24.2,6.9,28,43,14,828.9,14.2,14.3,14.1,2.00,20:00,https://tools.airfire.org/monitor-qc-report/v2/wrcc?unitID=s217,0.00,0.00,0.00,0.00,0.00,0.00,0.00,0.00,0.00,0.00,0.00,0.00,0.00,0.00,0.00,0.00,0.00,0.00,0.00,0.00,0.00,-9999,-9999,-9999
05/31/20,Smoke RMK 128 (Smoke #457),39.7143,-105.1241,https://wrcc.dri.edu/cgi-bin/rawMAIN4.pl?ids457+31+05+20+M,0,2,0,1.3,-9999,24.1,31.9,16.6,46,66,29,824.4,14.1,14.2,14.0,2.00,24:00,https://tools.airfire.org/monitor-qc-report/v2/wrcc?unitID=s457,0.00,0.00,2.00,0.00,0.00,0.00,0.00,0.00,0.00,-9999,-9999,-9999,-9999,-9999,0.00,0.00,0.00,0.00,0.00,0.00,0.00,0.00,0.00,0.00
05/31/20,Smoke USFS R2-69,38.9793,-105.353,https://wrcc.dri.edu/cgi-bin/rawMAIN4.pl?ids269+31+05+20+M,0,0,0,0.3,-9999,17.3,30.3,10.6,1,1,0,760.5,14.1,14.2,14.0,2.00,24:00,https://tools.airfire.org/monitor-qc-report/v4/wrcc?unitID=s269,1.00,0.00,0.00,0.00,0.00,0.00,0.00,0.00,0.00,0.00,0.00,0.00,0.00,0.00,0.00,-9999,0.00,0.00,0.00,0.00,0.00,0.00,-9999,0.00
05/31/20,Smoke RMK 408 (EBAM #418),39.7144,-105.1239,https://wrcc.dri.edu/cgi-bin/rawMAIN4.pl?ide418+31+05+20+M,3,21,-5,1.3,32,20.2,27.6,12.9,41,59,20,-9999,13.8,14.0,13.6,16.70,24:00,https://tools.airfire.org/monitor-qc-report/v2/wrcc?unitID=e418,4.00,8.00,2.00,6.00,-3.00,-5.00,21.00,-4.00,-5.00,14.00,0.00,-5.00,9.00,15.00,7.00,-5.00,7.00,2.00,2.00,5.00,3.00,-1.00,4.00,3.00
05/31/20,Smoke RMK 409 (EBAM #592),39.7144,-105.124,https://wrcc.dri.edu/cgi-bin/rawMAIN4.pl?ide592+31+05+20+M,2,8,-5,1.3,177,27.7,28.0,27.5,41,63,17,-9999,14.3,14.3,14.2,16.70,24:00,https://tools.airfire.org/monitor-qc-report/v2/wrcc?unitID=e592,4.00,3.00,4.00,-2.00,3.00,2.00,5.00,3.00,5.00,1.00,2.00,2.00,1.00,-5.00,4.00,-1.00,1.00,-4.00,3.00,3.00,5.00,-5.00,4.00,8.00
05/31/20,Smoke QD Test,39.389,-105.2734,https://wrcc.dri.edu/cgi-bin/rawMAIN4.pl?idsqdt+31+05+20+M,0,2,0,1.0,159,-9999,-9999,-9999,-9999,-9999,-9999,810.3,13.0,13.8,12.7,-9999,-9999,-9999,0.00,0.00,0.00,0.00,0.00,0.00,0.00,0.00,0.00,0.00,0.00,0.00,0.00,0.00,0.00,0.00,0.00,1.00,2.00,1.00,1.00,1.00,1.00,1.00
