,,Position (Deg.),,,Concentration (µg/m3),,,Wind,,Air Temperature (Deg. C.),,,Humidity (Percent),,,Barometer,Battery Voltage (volts),,,Air Flow (totalizer),,,Concentration by Hour,,,,,,,,,,,,,,,,,,,,,,,
Date,Station,Latitude,Longitude,Station Chart Link,Mean,Max,Min,Ave Vel. (m/s),V. Dir. (Deg),Mean,Max,Min,Mean,Max,Min,Baro. Pressure (mbars),Mean,Max,Min,Mean,Time of latest ob,Airfire QC Report Link,0:00,1:00,2:00,3:00,4:00,5:00,6:00,7:00,8:00,9:00,10:00,11:00,12:00,13:00,14:00,15:00,16:00,17:00,18:00,19:00,20:00,21:00,22:00,23:00
02/29/24,Smoke RMK 123 (Smoke #209),39.7143,-105.124,https://wrcc.dri.edu/cgi-bin/rawMAIN4.pl?ids209+29+02+24+M,4,8,2,1.2,-9999,6.5,16.3,1.3,35,48,14,6.2,14.4,14.5,14.4,2.00,18:00,https://tools.airfire.org/monitor-qc-report/v2/wrcc?unitID=s209,2.00,2.00,8.00,5.00,4.00,5.00,5.00,4.00,2.00,2.00,7.00,2.00,2.00,3.00,3.00,4.00,4.00,2.00,2.00,-9999,-9999,-9999,-9999,-9999
02/29/24,Smoke RMK 126 (Smoke #217),39.7144,-105.1239,https://wrcc.dri.edu/cgi-bin/rawMAIN4.pl?ids217+29+02+24+M,4,8,1,1.0,-9999,3.7,15.0,-0.9,33,45,11,823.8,14.5,14.6,14.4,2.00,17:00,https://tools.airfire.org/monitor-qc-report/v2/wrcc?unitID=s217,2.00,8.00,5.00,4.00,5.00,5.00,3.00,2.00,2.00,8.00,2.00,2.00,3.00,3.00,4.00,4.00,2.00,1.00,-9999,-9999,-9999,-9999,-9999,-9999
02/29/24,Smoke RMK 131 (USFS R2-924),39.7144,-105.124,https://wrcc.dri.edu/cgi-bin/rawMAIN4.pl?id2924+29+02+24+M,3,8,1,1.4,249,11.0,22.0,2.6,29,48,11,6.2,14.4,14.5,14.4,2.00,24:00,https://tools.airfire.org/monitor-qc-report/v2/wrcc?unitID=2924,2.00,7.00,5.00,4.00,5.00,5.00,4.00,3.00,2.00,8.00,2.00,2.00,3.00,3.00,4.00,3.00,2.00,2.00,1.00,2.00,2.00,1.00,1.00,2.00
02/29/24,Smoke USFS R3-86,35.6871,-105.8956,https://wrcc.dri.edu/cgi-bin/rawMAIN4.pl?ids386+29+02+24+M,2,14,-5,0.6,18,-5.9,2.6,-12.8,1,-9999,-9999,-9999,13.9,13.9,13.8,16.70,24:00,https://tools.airfire.org/monitor-qc-report/v4/wrcc?unitID=s386,-2.00,14.00,2.00,-2.00,-3.00,0.00,-4.00,5.00,3.00,3.00,6.00,3.00,-3.00,6.00,-1.00,-5.00,-5.00,11.00,2.00,4.00,2.00,2.00,4.00,-2.00
02/29/24,Smoke RMK 402 (EBAM #493),39.7143,-105.124,https://wrcc.dri.edu/cgi-bin/rawMAIN4.pl?ide493+29+02+24+M,3,9,-3,0.0,-9999,3.8,13.6,-1.0,35,47,15,-9999,11.7,11.8,11.7,12.40,18:00,https://tools.airfire.org/monitor-qc-report/v2/wrcc?unitID=e493,0.00,7.00,6.00,0.00,6.00,9.00,7.00,9.00,-3.00,-1.00,-2.00,-2.00,-1.00,4.00,8.00,-1.00,5.00,4.00,7.00,-9999,-9999,-9999,-9999,-9999
02/29/24,Smoke RMK 403 (EBAM #494),39.7144,-105.1239,https://wrcc.dri.edu/cgi-bin/rawMAIN4.pl?ide494+29+02+24+M,6,41,0,0.0,-9999,4.1,12.4,-0.5,38,49,21,-9999,11.7,11.7,11.6,16.69,18:00,https://tools.airfire.org/monitor-qc-report/v2/wrcc?unitID=e494,5.00,4.00,3.00,8.00,7.00,4.00,9.00,7.00,2.00,2.00,5.00,5.00,2.00,2.00,6.00,0.00,5.00,1.00,41.00,-9999,-9999,-9999,-9999,-9999
02/29/24,Smoke USFS R8-96,35.5047,-82.5962,https://wrcc.dri.edu/cgi-bin/rawMAIN4.pl?ids896+29+02+24+M,1,2,1,0.0,0,8.9,18.2,2.3,0,-9999,-9999,-9999,14.5,14.5,14.4,2.00,24:00,https://tools.airfire.org/monitor-qc-report/v4/wrcc?unitID=s896,1.00,1.00,1.00,1.00,1.00,1.00,2.00,2.00,2.00,1.00,2.00,2.00,2.00,2.00,1.00,1.00,1.00,1.00,1.00,1.00,1.00,1.00,1.00,1.00
02/29/24,Smoke USFS R1-307,46.5842,-112.0419,https://wrcc.dri.edu/cgi-bin/rawMAIN4.pl?id1307+29+02+24+M,2,11,0,1.4,331,8.2,17.7,4.9,41,51,26,-9999,14.3,14.4,14.1,2.00,24:00,https://tools.airfire.org/monitor-qc-report/v4/wrcc?unitID=1307,15.00,11.00,11.00,9.00,5.00,5.00,3.00,2.00,1.00,1.00,2.00,0.00,1.00,1.00,0.00,0.00,0.00,0.00,0.00,0.00,0.00,0.00,0.00,0.00
