,,Position (Deg.),,,Concentration (µg/m3),,,Wind,,Air Temperature (Deg. C.),,,Humidity (Percent),,,Barometer,Battery Voltage (volts),,,Air Flow (totalizer),,,Concentration by Hour,,,,,,,,,,,,,,,,,,,,,,,
Date,Station,Latitude,Longitude,Station Chart Link,Mean,Max,Min,Ave Vel. (m/s),V. Dir. (Deg),Mean,Max,Min,Mean,Max,Min,Baro. Pressure (mbars),Mean,Max,Min,Mean,Time of latest ob,Airfire QC Report Link,0:00,1:00,2:00,3:00,4:00,5:00,6:00,7:00,8:00,9:00,10:00,11:00,12:00,13:00,14:00,15:00,16:00,17:00,18:00,19:00,20:00,21:00,22:00,23:00
05/06/22,Smoke RMK 103 (Smoke #662),39.7144,-105.124,https://wrcc.dri.edu/cgi-bin/rawMAIN4.pl?ids662+06+05+22+M,2,4,1,1.3,179,22.4,32.1,13.6,28,47,12,616.0,14.6,14.6,14.6,2.00,24:00,https://tools.airfire.org/monitor-qc-report/v2/wrcc?unitID=s662,4.00,3.00,2.00,4.00,2.00,2.00,3.00,2.00,2.00,2.00,2.00,2.00,2.00,2.00,2.00,2.00,2.00,2.00,2.00,2.00,2.00,2.00,1.00,1.00
05/06/22,Smoke RMK 113 (Smoke #16),37.3502,-108.2907,https://wrcc.dri.edu/cgi-bin/rawMAIN4.pl?idsm16+06+05+22+M,2,4,0,1.1,58,15.4,29.2,3.0,29,52,7,786.3,14.3,14.4,14.0,2.00,24:00,https://tools.airfire.org/monitor-qc-report/v2/wrcc?unitID=sm16,0.00,0.00,1.00,2.00,4.00,2.00,2.00,2.00,3.00,3.00,3.00,4.00,4.00,4.00,4.00,3.00,1.00,1.00,1.00,1.00,1.00,1.00,0.00,0.00
05/06/22,Smoke RMK 114 (Smoke #19),37.4731,-108.5011,https://wrcc.dri.edu/cgi-bin/rawMAIN4.pl?idsm19+06+05+22+M,2,5,0,0.8,322,15.5,30.5,4.6,37,64,10,-9999,14.2,14.4,14.0,2.00,24:00,https://tools.airfire.org/monitor-qc-report/v2/wrcc?unitID=sm19,2.00,2.00,3.00,2.00,1.00,0.00,1.00,1.00,0.00,0.00,4.00,5.00,0.00,0.00,0.00,0.00,1.00,1.00,4.00,5.00,5.00,5.00,4.00,3.00
05/06/22,Smoke RMK 115 (Smoke #20),37.2624,-107.8799,https://wrcc.dri.edu/cgi-bin/rawMAIN4.pl?idsm20+06+05+22+M,1,3,0,1.8,158,12.7,24.7,0.7,28,50,9,801.1,14.2,14.4,14.0,2.00,24:00,https://tools.airfire.org/monitor-qc-report/v2/wrcc?unitID=sm20,0.00,0.00,0.00,0.00,0.00,0.00,1.00,2.00,2.00,2.00,2.00,2.00,2.00,2.00,3.00,3.00,2.00,1.00,0.00,1.00,1.00,0.00,0.00,0.00
05/06/22,Smoke RMK 116 (Smoke #21),37.3022,-107.8711,https://wrcc.dri.edu/cgi-bin/rawMAIN4.pl?idsm21+06+05+22+M,3,9,0,0.7,323,17.3,30.6,3.5,25,56,5,-9999,14.3,14.4,14.1,2.00,24:00,https://tools.airfire.org/monitor-qc-report/v2/wrcc?unitID=sm21,0.00,5.00,7.00,8.00,9.00,0.00,0.00,0.00,0.00,0.00,0.00,0.00,0.00,0.00,0.00,0.00,0.00,0.00,2.00,5.00,5.00,4.00,8.00,7.00
05/06/22,Smoke RMK 118 (Smoke #23),35.8806,-78.8692,https://wrcc.dri.edu/cgi-bin/rawMAIN4.pl?idsm23+06+05+22+M,7,11,0,0.4,-9999,22.4,31.0,19.8,90,100,61,999.6,14.2,14.2,14.0,2.00,19:00,https://tools.airfire.org/monitor-qc-report/v2/wrcc?unitID=sm23,1.00,0.00,4.00,5.00,6.00,6.00,7.00,7.00,7.00,8.00,6.00,7.00,10.00,8.00,5.00,6.00,7.00,10.00,11.00,11.00,-9999,-9999,-9999,-9999
05/06/22,Smoke RMK 123 (Smoke #209),39.7143,-105.124,https://wrcc.dri.edu/cgi-bin/rawMAIN4.pl?ids209+06+05+22+M,1,2,0,1.0,-9999,18.9,31.4,10.6,100,-9999,-9999,821.5,14.3,14.4,14.2,2.00,22:00,https://tools.airfire.org/monitor-qc-report/v2/wrcc?unitID=s209,1.00,1.00,1.00,1.00,2.00,1.00,1.00,1.00,1.00,1.00,1.00,0.00,0.00,1.00,1.00,1.00,0.00,1.00,1.00,1.00,1.00,1.00,1.00,-9999
05/06/22,Smoke RMK 128 (Smoke #457),35.6086,-106.3483,https://wrcc.dri.edu/cgi-bin/rawMAIN4.pl?ids457+06+05+22+M,17,61,1,1.1,127,17.6,33.5,4.8,23,42,7,836.9,14.2,14.4,14.0,2.00,24:00,https://tools.airfire.org/monitor-qc-report/v2/wrcc?unitID=s457,47.00,61.00,53.00,39.00,9.00,10.00,39.00,41.00,35.00,21.00,17.00,9.00,7.00,9.00,13.00,11.00,7.00,5.00,4.00,3.00,3.00,2.00,1.00,1.00
05/06/22,Smoke USFS R2-65,37.2995,-107.8801,https://wrcc.dri.edu/cgi-bin/rawMAIN4.pl?ids265+06+05+22+M,2,5,0,0.6,23,12.4,28.1,-1.5,28,57,4,792.2,14.3,14.4,14.1,2.00,24:00,https://tools.airfire.org/monitor-qc-report/v4/wrcc?unitID=s265,0.00,0.00,0.00,1.00,2.00,3.00,4.00,3.00,3.00,3.00,3.00,3.00,3.00,4.00,4.00,5.00,4.00,3.00,2.00,1.00,0.00,0.00,0.00,0.00
05/06/22,Smoke USFS R2-78,39.7144,-105.1239,https://wrcc.dri.edu/cgi-bin/rawMAIN4.pl?ids278+06+05+22+M,1,2,0,1.3,-9999,16.4,25.8,11.4,37,47,21,811.8,14.2,14.3,14.0,2.00,14:00,https://tools.airfire.org/monitor-qc-report/v4/wrcc?unitID=s278,-9999,1.00,1.00,1.00,2.00,0.00,1.00,1.00,1.00,1.00,1.00,0.00,0.00,0.00,1.00,-9999,-9999,-9999,-9999,-9999,-9999,-9999,-9999,-9999
05/06/22,Smoke USFS R3-28,35.6715,-105.9556,https://wrcc.dri.edu/cgi-bin/rawMAIN4.pl?ids328+06+05+22+M,6,61,-5,1.9,184,19.7,30.5,10.3,0,1,0,-9999,14.1,14.2,13.8,16.70,24:00,https://tools.airfire.org/monitor-qc-report/v4/wrcc?unitID=s328,-3.00,12.00,-5.00,-5.00,12.00,-5.00,-5.00,-5.00,-4.00,-5.00,-5.00,-5.00,1.00,11.00,61.00,-5.00,1.00,-5.00,-4.00,2.00,-5.00,6.00,43.00,17.00
05/06/22,Smoke RMK 408 (EBAM #418),39.7144,-105.1239,https://wrcc.dri.edu/cgi-bin/rawMAIN4.pl?ide418+06+05+22+M,4,10,0,1.2,-9999,18.4,26.5,13.7,32,42,16,-9999,14.1,14.1,14.1,16.69,13:00,https://tools.airfire.org/monitor-qc-report/v2/wrcc?unitID=e418,5.00,10.00,2.00,8.00,0.00,1.00,8.00,0.00,6.00,2.00,1.00,3.00,3.00,2.00,-9999,-9999,-9999,-9999,-9999,-9999,-9999,-9999,-9999,-9999
05/06/22,Smoke RMK 403 (EBAM #494),39.7143,-105.1239,https://wrcc.dri.edu/cgi-bin/rawMAIN4.pl?ide494+06+05+22+M,99999,99999,99999,3.1,-9999,27.6,-9999,-9999,16,-9999,-9999,-9999,11.8,11.8,11.8,10.70,24:00,https://tools.airfire.org/monitor-qc-report/v2/wrcc?unitID=e494,-9999,-9999,-9999,-9999,-9999,-9999,-9999,-9999,-9999,-9999,-9999,-9999,-9999,-9999,-9999,-9999,-9999,-9999,-9999,-9999,-9999,-9999,-9999,-9999
05/06/22,Smoke RMK 406 (EBAM #949),39.7144,-105.1239,https://wrcc.dri.edu/cgi-bin/rawMAIN4.pl?ide949+06+05+22+M,66668,99999,6,2.2,-9999,28.5,28.6,28.3,15,15,14,-9999,11.8,11.9,11.8,8.30,22:00,https://tools.airfire.org/monitor-qc-report/v2/wrcc?unitID=e949,-9999,-9999,-9999,-9999,-9999,-9999,-9999,-9999,-9999,-9999,-9999,-9999,-9999,-9999,-9999,-9999,-9999,-9999,-9999,-9999,6.00,99999.00,99999.00,-9999
05/06/22,AQB Smoke EBAM T-1,35.8283,-106.2103,https://wrcc.dri.edu/cgi-bin/rawMAIN4.pl?ideat1+06+05+22+M,62,75,48,3.0,-9999,24.1,24.4,23.9,0,-9999,-9999,-9999,14.4,14.4,14.4,16.70,24:00,https://tools.airfire.org/monitor-qc-report/v4/wrcc?unitID=eat1,-9999,-9999,-9999,-9999,-9999,-9999,-9999,-9999,-9999,-9999,-9999,-9999,-9999,-9999,-9999,-9999,-9999,-9999,-9999,-9999,-9999,-9999,-9999,75.00
05/06/22,AQB Smoke EBAM T-2,34.0596,-106.8984,https://wrcc.dri.edu/cgi-bin/rawMAIN4.pl?ideat2+06+05+22+M,9,57,-5,1.4,179,18.4,29.5,5.0,0,1,0,-9999,14.3,14.3,14.2,16.70,24:00,https://tools.airfire.org/monitor-qc-report/v4/wrcc?unitID=eat2,16.00,21.00,-1.00,5.00,-5.00,-3.00,-1.00,0.00,5.00,-5.00,-5.00,-5.00,-3.00,0.00,-4.00,-5.00,22.00,32.00,57.00,33.00,24.00,0.00,11.00,15.00
