,,Position (Deg.),,,Concentration (µg/m3),,,Wind,,Air Temperature (Deg. C.),,,Humidity (Percent),,,Barometer,Battery Voltage (volts),,,Air Flow (totalizer),,,Concentration by Hour,,,,,,,,,,,,,,,,,,,,,,,
Date,Station,Latitude,Longitude,Station Chart Link,Mean,Max,Min,Ave Vel. (m/s),V. Dir. (Deg),Mean,Max,Min,Mean,Max,Min,Baro. Pressure (mbars),Mean,Max,Min,Mean,Time of latest ob,Airfire QC Report Link,0:00,1:00,2:00,3:00,4:00,5:00,6:00,7:00,8:00,9:00,10:00,11:00,12:00,13:00,14:00,15:00,16:00,17:00,18:00,19:00,20:00,21:00,22:00,23:00
05/15/23,Smoke RMK 102 (Smoke #661),37.2995,-107.8802,https://wrcc.dri.edu/cgi-bin/rawMAIN4.pl?ids661+15+05+23+M,2,3,1,0.4,45,15.2,24.1,9.5,69,89,35,606.6,14.5,14.5,14.4,2.00,24:00,https://tools.airfire.org/monitor-qc-report/v2/wrcc?unitID=s661,3.00,2.00,2.00,2.00,1.00,2.00,2.00,3.00,2.00,2.00,2.00,2.00,2.00,2.00,2.00,2.00,2.00,2.00,1.00,1.00,1.00,1.00,1.00,1.00
05/15/23,Smoke RMK 104 (Smoke #15),37.2271,-107.6011,https://wrcc.dri.edu/cgi-bin/rawMAIN4.pl?idsm15+15+05+23+M,2,3,1,0.6,335,15.4,24.0,8.8,58,89,31,798.3,14.5,14.5,14.5,2.00,24:00,https://tools.airfire.org/monitor-qc-report/v2/wrcc?unitID=sm15,2.00,3.00,2.00,2.00,2.00,2.00,2.00,2.00,2.00,2.00,2.00,2.00,2.00,1.00,1.00,1.00,1.00,1.00,1.00,1.00,1.00,1.00,1.00,1.00
05/15/23,Smoke RMK 106 (Smoke #66),37.0241,-107.4144,https://wrcc.dri.edu/cgi-bin/rawMAIN4.pl?idsm66+15+05+23+M,0,1,0,1.9,147,16.1,24.3,10.3,62,87,31,819.3,14.5,14.5,14.4,2.00,24:00,https://tools.airfire.org/monitor-qc-report/v2/wrcc?unitID=sm66,0.00,1.00,0.00,0.00,0.00,0.00,0.00,0.00,0.00,0.00,0.00,0.00,0.00,0.00,0.00,0.00,0.00,0.00,0.00,0.00,0.00,0.00,0.00,0.00
05/15/23,Smoke RMK 108 (Smoke #456),37.3023,-107.8712,https://wrcc.dri.edu/cgi-bin/rawMAIN4.pl?ids456+15+05+23+M,2,7,1,0.7,319,14.2,21.7,9.3,61,80,30,6.1,14.5,14.5,14.5,2.00,24:00,https://tools.airfire.org/monitor-qc-report/v2/wrcc?unitID=s456,1.00,2.00,2.00,3.00,7.00,3.00,2.00,2.00,2.00,2.00,2.00,2.00,1.00,2.00,1.00,2.00,2.00,2.00,2.00,1.00,1.00,1.00,1.00,1.00
05/15/23,Smoke RMK 109 (Smoke #84),37.2279,-107.3412,https://wrcc.dri.edu/cgi-bin/rawMAIN4.pl?ids284+15+05+23+M,2,2,1,0.7,189,13.0,20.4,7.2,73,95,42,808.6,14.5,14.6,14.4,2.00,24:00,https://tools.airfire.org/monitor-qc-report/v2/wrcc?unitID=s284,1.00,1.00,1.00,2.00,2.00,2.00,2.00,2.00,2.00,2.00,2.00,2.00,2.00,2.00,2.00,2.00,1.00,1.00,1.00,1.00,1.00,1.00,1.00,1.00
05/15/23,Smoke RMK 110 (Smoke #215),37.2625,-107.8798,https://wrcc.dri.edu/cgi-bin/rawMAIN4.pl?ids215+15+05+23+M,2,3,1,1.6,325,14.6,21.6,9.6,61,80,36,6.1,14.5,14.5,14.5,2.00,24:00,https://tools.airfire.org/monitor-qc-report/v2/wrcc?unitID=s215,2.00,2.00,2.00,2.00,2.00,2.00,2.00,2.00,1.00,2.00,2.00,2.00,2.00,2.00,2.00,2.00,3.00,2.00,1.00,1.00,1.00,1.00,1.00,1.00
05/15/23,Smoke RMK 122 (Smoke #69),40.7513,-105.4346,https://wrcc.dri.edu/cgi-bin/rawMAIN4.pl?idsm69+15+05+23+M,1,2,1,1.5,96,14.6,20.0,12.1,96,99,84,786.0,14.3,14.3,14.2,2.00,24:00,https://tools.airfire.org/monitor-qc-report/v2/wrcc?unitID=sm69,2.00,1.00,2.00,2.00,1.00,1.00,1.00,2.00,2.00,2.00,1.00,2.00,1.00,1.00,1.00,1.00,1.00,1.00,1.00,1.00,2.00,2.00,1.00,1.00
05/15/23,Smoke RMK 125 (Smoke #216),39.7144,-105.1239,https://wrcc.dri.edu/cgi-bin/rawMAIN4.pl?ids216+15+05+23+M,1,6,0,0.9,172,16.8,23.4,13.0,81,96,55,839.0,14.3,14.4,14.2,2.00,24:00,https://tools.airfire.org/monitor-qc-report/v2/wrcc?unitID=s216,0.00,0.00,0.00,0.00,0.00,0.00,0.00,0.00,0.00,0.00,0.00,0.00,0.00,0.00,0.00,0.00,0.00,0.00,1.00,2.00,4.00,5.00,6.00,6.00
05/15/23,Smoke RMK 126 (Smoke #217),40.7887,-105.2513,https://wrcc.dri.edu/cgi-bin/rawMAIN4.pl?ids217+15+05+23+M,1,3,0,1.4,98,13.6,17.2,11.4,83,95,68,835.6,14.3,14.3,14.3,2.00,24:00,https://tools.airfire.org/monitor-qc-report/v2/wrcc?unitID=s217,0.00,0.00,0.00,0.00,0.00,0.00,0.00,0.00,0.00,0.00,0.00,0.00,0.00,0.00,0.00,0.00,2.00,3.00,0.00,1.00,1.00,2.00,2.00,2.00
05/15/23,Smoke RMK 129 (USFS R2-922),39.7144,-105.124,https://wrcc.dri.edu/cgi-bin/rawMAIN4.pl?id2922+15+05+23+M,1,5,0,0.6,164,17.5,24.1,13.9,79,93,55,838.6,14.3,14.4,14.2,2.00,24:00,https://tools.airfire.org/monitor-qc-report/v2/wrcc?unitID=2922,0.00,0.00,0.00,0.00,0.00,0.00,0.00,0.00,0.00,0.00,0.00,0.00,0.00,0.00,0.00,0.00,0.00,0.00,0.00,0.00,3.00,4.00,4.00,4.00
05/15/23,Smoke RMK 411 (EBAM #794),39.7144,-105.124,https://wrcc.dri.edu/cgi-bin/rawMAIN4.pl?ide794+15+05+23+M,9,10,8,1.1,-9999,15.8,16.0,15.7,54,54,53,-9999,14.2,14.2,14.2,16.70,24:00,https://tools.airfire.org/monitor-qc-report/v2/wrcc?unitID=e794,-9999,-9999,-9999,-9999,-9999,-9999,-9999,-9999,-9999,-9999,-9999,-9999,-9999,-9999,-9999,-9999,-9999,-9999,-9999,-9999,-9999,-9999,-9999,8.00
05/15/23,Smoke USFS R1-307,46.5842,-112.0421,https://wrcc.dri.edu/cgi-bin/rawMAIN4.pl?id1307+15+05+23+M,0,2,0,0.9,63,16.7,29.4,8.6,62,85,33,-9999,14.2,14.3,14.0,2.00,24:00,https://tools.airfire.org/monitor-qc-report/v4/wrcc?unitID=1307,0.00,0.00,0.00,0.00,0.00,0.00,0.00,0.00,0.00,0.00,0.00,0.00,0.00,0.00,0.00,1.00,2.00,1.00,1.00,0.00,0.00,0.00,0.00,0.00
