,,Position (Deg.),,,Concentration (µg/m3),,,Wind,,Air Temperature (Deg. C.),,,Humidity (Percent),,,Barometer,Battery Voltage (volts),,,Air Flow (totalizer),,,Concentration by Hour,,,,,,,,,,,,,,,,,,,,,,,
Date,Station,Latitude,Longitude,Station Chart Link,Mean,Max,Min,Ave Vel. (m/s),V. Dir. (Deg),Mean,Max,Min,Mean,Max,Min,Baro. Pressure (mbars),Mean,Max,Min,Mean,Time of latest ob,Airfire QC Report Link,0:00,1:00,2:00,3:00,4:00,5:00,6:00,7:00,8:00,9:00,10:00,11:00,12:00,13:00,14:00,15:00,16:00,17:00,18:00,19:00,20:00,21:00,22:00,23:00
06/13/20,Smoke RMK 110 (Smoke #215),39.7144,-105.124,https://wrcc.dri.edu/cgi-bin/rawMAIN4.pl?ids215+13+06+20+M,1,3,0,0.3,2,26.4,34.5,19.2,35,46,21,827.9,14.2,14.3,14.1,2.00,24:00,https://tools.airfire.org/monitor-qc-report/v2/wrcc?unitID=s215,0.00,0.00,0.00,0.00,0.00,1.00,1.00,2.00,2.00,1.00,2.00,1.00,2.00,2.00,2.00,2.00,2.00,2.00,2.00,3.00,0.00,0.00,0.00,0.00
06/13/20,Smoke RMK 121 (Smoke #68),35.3892,-110.3198,https://wrcc.dri.edu/cgi-bin/rawMAIN4.pl?idsm68+13+06+20+M,4,4,2,1.2,-9999,24.2,26.6,23.0,18,21,15,818.1,14.1,14.2,14.1,2.00,7:00,https://tools.airfire.org/monitor-qc-report/v2/wrcc?unitID=sm68,-9999,-9999,-9999,-9999,2.00,4.00,4.00,4.00,-9999,-9999,-9999,-9999,-9999,-9999,-9999,-9999,-9999,-9999,-9999,-9999,-9999,-9999,-9999,-9999
06/13/20,Smoke RMK 123 (Smoke #209),36.8575,-111.4456,https://wrcc.dri.edu/cgi-bin/rawMAIN4.pl?ids209+13+06+20+M,4,8,2,2.8,198,28.5,36.3,19.9,3,-9999,-9999,853.7,14.1,14.2,14.0,2.00,24:00,https://tools.airfire.org/monitor-qc-report/v2/wrcc?unitID=s209,-9999,4.00,3.00,4.00,4.00,4.00,4.00,3.00,4.00,3.00,3.00,2.00,2.00,2.00,3.00,3.00,3.00,5.00,7.00,5.00,2.00,8.00,5.00,4.00
06/13/20,Smoke RMK 125 (Smoke #216),32.3968,-110.9971,https://wrcc.dri.edu/cgi-bin/rawMAIN4.pl?ids216+13+06+20+M,4,31,0,0.9,-9999,33.2,45.9,22.7,14,21,4,922.2,14.0,14.1,13.9,2.00,24:00,https://tools.airfire.org/monitor-qc-report/v2/wrcc?unitID=s216,-9999,-9999,-9999,-9999,2.00,1.00,1.00,2.00,6.00,5.00,10.00,18.00,2.00,1.00,4.00,31.00,4.00,0.00,0.00,0.00,0.00,0.00,0.00,0.00
06/13/20,Smoke RMK 128 (Smoke #457),39.7144,-105.124,https://wrcc.dri.edu/cgi-bin/rawMAIN4.pl?ids457+13+06+20+M,0,4,0,1.3,179,24.5,34.8,17.1,38,52,15,824.1,14.1,14.2,14.0,2.00,24:00,https://tools.airfire.org/monitor-qc-report/v2/wrcc?unitID=s457,0.00,0.00,4.00,0.00,0.00,0.00,0.00,0.00,0.00,0.00,0.00,0.00,0.00,0.00,0.00,0.00,0.00,0.00,0.00,0.00,0.00,0.00,0.00,0.00
06/13/20,Smoke USFS R2-65,32.2852,-110.8369,https://wrcc.dri.edu/cgi-bin/rawMAIN4.pl?ids265+13+06+20+M,3,7,0,1.1,285,35.2,45.4,22.0,13,30,3,919.6,14.1,14.2,14.0,2.00,24:00,https://tools.airfire.org/monitor-qc-report/v4/wrcc?unitID=s265,0.00,0.00,1.00,1.00,1.00,1.00,2.00,2.00,2.00,3.00,4.00,6.00,6.00,7.00,7.00,6.00,4.00,2.00,2.00,1.00,1.00,2.00,1.00,1.00
06/13/20,Smoke USFS R2-78,39.7143,-105.1239,https://wrcc.dri.edu/cgi-bin/rawMAIN4.pl?ids278+13+06+20+M,3,6,0,1.2,187,26.3,38.3,18.6,32,46,9,825.6,14.1,14.2,13.9,2.00,24:00,https://tools.airfire.org/monitor-qc-report/v4/wrcc?unitID=s278,0.00,0.00,0.00,1.00,2.00,3.00,4.00,4.00,4.00,5.00,6.00,5.00,6.00,6.00,6.00,5.00,4.00,3.00,3.00,3.00,4.00,3.00,2.00,2.00
06/13/20,Smoke QD Test,39.389,-105.2734,https://wrcc.dri.edu/cgi-bin/rawMAIN4.pl?idsqdt+13+06+20+M,2,5,1,1.6,157,-9999,-9999,-9999,-9999,-9999,-9999,809.4,13.0,13.5,12.7,-9999,-9999,-9999,3.00,3.00,2.00,4.00,4.00,5.00,3.00,3.00,2.00,2.00,1.00,1.00,4.00,2.00,2.00,2.00,2.00,2.00,1.00,2.00,3.00,4.00,2.00,1.00
