,,Position (Deg.),,,Concentration (µg/m3),,,Wind,,Air Temperature (Deg. C.),,,Humidity (Percent),,,Barometer,Battery Voltage (volts),,,Air Flow (totalizer),,,Concentration by Hour,,,,,,,,,,,,,,,,,,,,,,,
Date,Station,Latitude,Longitude,Station Chart Link,Mean,Max,Min,Ave Vel. (m/s),V. Dir. (Deg),Mean,Max,Min,Mean,Max,Min,Baro. Pressure (mbars),Mean,Max,Min,Mean,Time of latest ob,Airfire QC Report Link,0:00,1:00,2:00,3:00,4:00,5:00,6:00,7:00,8:00,9:00,10:00,11:00,12:00,13:00,14:00,15:00,16:00,17:00,18:00,19:00,20:00,21:00,22:00,23:00
03/27/12,Smoke #13,33.5154,-85.944,https://wrcc.dri.edu/cgi-bin/rawMAIN4.pl?idsm13+27+03+12+M,6,11,2,0.8,171,20.8,33.9,10.1,62,96,23,994.9,14.1,14.2,13.9,1.93,24:00,https://tools.airfire.org/monitor-qc-report/v4/wrcc?unitID=sm13,4.00,5.00,6.00,6.00,4.00,4.00,4.00,5.00,5.00,5.00,5.00,5.00,7.00,6.00,6.00,5.00,2.00,6.00,10.00,11.00,6.00,7.00,7.00,7.00
03/27/12,Smoke RMK 104 (Smoke #15),33.717,-85.7836,https://wrcc.dri.edu/cgi-bin/rawMAIN4.pl?idsm15+27+03+12+M,-999000,-99900,-999000,-998.9,-9999,-998.9,-99.9,-998.9,-999,-100,-999,-10.0,-999.0,-99.9,-999.0,-998.90,21:00,https://tools.airfire.org/monitor-qc-report/v2/wrcc?unitID=sm15,-9999,-9999,-9999,-9999,-9999,-9999,-9999,-9999,-9999,-9999,-9999,-9999,-9999,-9999,-9999,-9999,-9999,-999000.00,-999000.00,-999000.00,-999000.00,-999000.00,-9999,-9999
03/27/12,Smoke RMK 105 (Smoke #17),37.0153,-91.3234,https://wrcc.dri.edu/cgi-bin/rawMAIN4.pl?idsm17+27+03+12+M,6,7,6,5.8,-9999,28.9,30.9,26.6,38,42,35,978.8,-8.6,12.2,-91.3,2.00,23:00,https://tools.airfire.org/monitor-qc-report/v2/wrcc?unitID=sm17,-9999,-9999,-9999,-9999,-9999,-9999,-9999,-9999,-9999,-9999,-9999,-9999,-9999,-9999,-9999,-9999,-9999,-9999,-9999,7.00,6.00,6.00,6.00,7.00
03/27/12,Smoke RMK 113 (Smoke #16),33.6542,-85.8409,https://wrcc.dri.edu/cgi-bin/rawMAIN4.pl?idsm16+27+03+12+M,18,22,11,2.1,-9999,29.8,31.5,28.1,31,33,28,-9999,12.3,12.3,12.3,2.00,21:00,https://tools.airfire.org/monitor-qc-report/v2/wrcc?unitID=sm16,-9999,-9999,-9999,-9999,-9999,-9999,-9999,-9999,-9999,-9999,-9999,-9999,-9999,-9999,-9999,-9999,-9999,-9999,-9999,21.00,22.00,11.00,-9999,-9999
03/27/12,Smoke RMK 116 (Smoke #21),37.163,-91.3546,https://wrcc.dri.edu/cgi-bin/rawMAIN4.pl?idsm21+27+03+12+M,34,59,11,-17.8,-9999,21.3,37.2,15.3,35,70,-91,-9999,-564.4,14.3,-2879.0,2.00,13:00,https://tools.airfire.org/monitor-qc-report/v2/wrcc?unitID=sm21,-9999,-9999,-9999,-9999,-9999,-9999,59.00,45.00,32.00,22.00,-9999,-9999,-9999,11.00,-9999,-9999,-9999,-9999,-9999,-9999,-9999,-9999,-9999,-9999
03/27/12,Smoke RMK 118 (Smoke #23),33.5851,-85.7872,https://wrcc.dri.edu/cgi-bin/rawMAIN4.pl?idsm23+27+03+12+M,14,39,6,2.5,-9999,27.6,32.0,22.1,34,45,27,996.7,12.4,12.5,12.3,1.97,21:00,https://tools.airfire.org/monitor-qc-report/v2/wrcc?unitID=sm23,-9999,-9999,-9999,-9999,-9999,-9999,-9999,-9999,-9999,-9999,-9999,-9999,-9999,-9999,-9999,7.00,8.00,18.00,39.00,11.00,8.00,6.00,-9999,-9999
03/27/12,Smoke RMK 119 (Smoke #24),33.1996,-86.1925,https://wrcc.dri.edu/cgi-bin/rawMAIN4.pl?idsm24+27+03+12+M,128,538,4,0.8,-9999,21.7,33.5,12.1,60,94,23,999.0,14.2,14.3,14.0,2.00,24:00,https://tools.airfire.org/monitor-qc-report/v2/wrcc?unitID=sm24,4.00,4.00,4.00,4.00,50.00,184.00,424.00,403.00,538.00,-9999,-9999,495.00,269.00,210.00,118.00,47.00,7.00,9.00,7.00,5.00,5.00,5.00,5.00,6.00
03/27/12,Smoke RMK 122 (Smoke #69),33.7399,-85.8836,https://wrcc.dri.edu/cgi-bin/rawMAIN4.pl?idsm69+27+03+12+M,9,11,7,2.2,-9999,29.1,31.1,26.9,33,35,31,997.8,12.5,12.5,12.5,2.00,20:00,https://tools.airfire.org/monitor-qc-report/v2/wrcc?unitID=sm69,-9999,-9999,-9999,-9999,-9999,-9999,-9999,-9999,-9999,-9999,-9999,-9999,-9999,-9999,-9999,-9999,-9999,-9999,7.00,11.00,10.00,-9999,-9999,-9999
