,,Position (Deg.),,,Concentration (µg/m3),,,Wind,,Air Temperature (Deg. C.),,,Humidity (Percent),,,Barometer,Battery Voltage (volts),,,Air Flow (totalizer),,,Concentration by Hour,,,,,,,,,,,,,,,,,,,,,,,
Date,Station,Latitude,Longitude,Station Chart Link,Mean,Max,Min,Ave Vel. (m/s),V. Dir. (Deg),Mean,Max,Min,Mean,Max,Min,Baro. Pressure (mbars),Mean,Max,Min,Mean,Time of latest ob,Airfire QC Report Link,0:00,1:00,2:00,3:00,4:00,5:00,6:00,7:00,8:00,9:00,10:00,11:00,12:00,13:00,14:00,15:00,16:00,17:00,18:00,19:00,20:00,21:00,22:00,23:00
06/11/22,Smoke RMK 109 (Smoke #84),42.4658,-123.3206,https://wrcc.dri.edu/cgi-bin/rawMAIN4.pl?ids284+11+06+22+M,812,1000,0,0.3,-9999,26.4,33.1,21.0,43,46,37,973.0,14.5,14.5,14.5,2.00,24:00,https://tools.airfire.org/monitor-qc-report/v2/wrcc?unitID=s284,1000.00,1000.00,1000.00,1000.00,-9999,-9999,-9999,-9999,-9999,1000.00,-9999,-9999,1000.00,-9999,1000.00,1000.00,1000.00,1000.00,0.00,0.00,1000.00,1000.00,1000.00,1000.00
06/11/22,Smoke RMK 110 (Smoke #215),42.4658,-123.3206,https://wrcc.dri.edu/cgi-bin/rawMAIN4.pl?ids215+11+06+22+M,917,1000,0,0.3,179,25.6,38.1,21.0,45,48,36,973.5,14.5,14.5,14.5,2.00,24:00,https://tools.airfire.org/monitor-qc-report/v2/wrcc?unitID=s215,1000.00,1000.00,1000.00,1000.00,1000.00,1000.00,1000.00,1000.00,1000.00,1000.00,1000.00,1000.00,1000.00,1000.00,1000.00,1000.00,1000.00,1000.00,1000.00,1000.00,1000.00,1000.00,1000.00,0.00
06/11/22,Smoke RMK 111 (Smoke #455),42.4657,-123.3207,https://wrcc.dri.edu/cgi-bin/rawMAIN4.pl?ids455+11+06+22+M,0,0,0,0.3,175,24.9,32.2,20.9,43,46,35,973.0,14.5,14.5,14.5,2.00,24:00,https://tools.airfire.org/monitor-qc-report/v2/wrcc?unitID=s455,-9999,0.00,0.00,0.00,0.00,0.00,0.00,0.00,0.00,0.00,0.00,0.00,0.00,0.00,0.00,0.00,0.00,0.00,0.00,0.00,0.00,0.00,0.00,0.00
06/11/22,Smoke RMK 113 (Smoke #16),39.7144,-105.124,https://wrcc.dri.edu/cgi-bin/rawMAIN4.pl?idsm16+11+06+22+M,3,4,1,1.1,0,30.4,41.1,20.4,100,-9999,-9999,824.0,14.1,14.2,13.9,2.00,24:00,https://tools.airfire.org/monitor-qc-report/v2/wrcc?unitID=sm16,1.00,2.00,3.00,4.00,4.00,4.00,4.00,3.00,4.00,4.00,3.00,3.00,4.00,4.00,3.00,3.00,2.00,2.00,2.00,2.00,2.00,2.00,1.00,1.00
06/11/22,Smoke RMK 114 (Smoke #19),39.7143,-105.1239,https://wrcc.dri.edu/cgi-bin/rawMAIN4.pl?idsm19+11+06+22+M,0,1,0,1.2,182,30.7,41.6,20.4,23,37,8,-9999,14.0,14.2,13.9,2.00,24:00,https://tools.airfire.org/monitor-qc-report/v2/wrcc?unitID=sm19,3.00,1.00,1.00,1.00,1.00,0.00,0.00,0.00,0.00,0.00,0.00,0.00,0.00,0.00,0.00,0.00,1.00,1.00,0.00,0.00,1.00,1.00,1.00,1.00
06/11/22,Smoke RMK 116 (Smoke #21),39.7144,-105.1239,https://wrcc.dri.edu/cgi-bin/rawMAIN4.pl?idsm21+11+06+22+M,5,9,0,1.1,178,30.0,41.3,20.3,23,35,8,-9999,14.1,14.3,14.0,2.00,24:00,https://tools.airfire.org/monitor-qc-report/v2/wrcc?unitID=sm21,0.00,2.00,5.00,7.00,9.00,8.00,8.00,8.00,9.00,9.00,8.00,8.00,9.00,9.00,8.00,6.00,4.00,3.00,2.00,1.00,1.00,1.00,0.00,0.00
06/11/22,Smoke RMK 117 (Smoke #22),35.972,-105.3346,https://wrcc.dri.edu/cgi-bin/rawMAIN4.pl?idsm22+11+06+22+M,6,19,1,0.8,326,23.0,36.0,9.6,19,47,3,781.8,14.2,14.4,14.1,2.00,24:00,https://tools.airfire.org/monitor-qc-report/v2/wrcc?unitID=sm22,3.00,4.00,8.00,12.00,19.00,16.00,13.00,14.00,9.00,7.00,7.00,5.00,4.00,3.00,4.00,2.00,3.00,1.00,1.00,2.00,1.00,2.00,5.00,3.00
06/11/22,Smoke RMK 118 (Smoke #23),35.8806,-78.8693,https://wrcc.dri.edu/cgi-bin/rawMAIN4.pl?idsm23+11+06+22+M,2,6,0,0.4,185,27.3,39.9,20.1,62,100,28,999.7,14.1,14.2,13.9,2.00,24:00,https://tools.airfire.org/monitor-qc-report/v2/wrcc?unitID=sm23,0.00,0.00,1.00,2.00,2.00,2.00,2.00,2.00,2.00,3.00,3.00,3.00,3.00,4.00,4.00,6.00,5.00,3.00,2.00,1.00,1.00,2.00,1.00,1.00
06/11/22,Smoke RMK 119 (Smoke #24),39.7144,-105.1239,https://wrcc.dri.edu/cgi-bin/rawMAIN4.pl?idsm24+11+06+22+M,1,3,0,1.1,181,25.4,36.7,15.1,23,37,8,823.5,14.1,14.2,14.0,2.00,24:00,https://tools.airfire.org/monitor-qc-report/v2/wrcc?unitID=sm24,2.00,2.00,2.00,2.00,3.00,2.00,1.00,1.00,0.00,0.00,0.00,0.00,0.00,0.00,0.00,0.00,1.00,1.00,1.00,1.00,1.00,1.00,1.00,1.00
06/11/22,Smoke RMK 121 (Smoke #68),35.6177,-105.2523,https://wrcc.dri.edu/cgi-bin/rawMAIN4.pl?idsm68+11+06+22+M,7,17,1,1.5,38,28.1,38.9,16.6,18,48,3,794.3,14.1,14.2,14.0,2.00,24:00,https://tools.airfire.org/monitor-qc-report/v2/wrcc?unitID=sm68,2.00,2.00,3.00,3.00,6.00,6.00,6.00,5.00,6.00,6.00,6.00,6.00,8.00,11.00,15.00,17.00,15.00,6.00,3.00,1.00,2.00,10.00,6.00,10.00
06/11/22,Smoke RMK 126 (Smoke #217),36.1994,-105.7093,https://wrcc.dri.edu/cgi-bin/rawMAIN4.pl?ids217+11+06+22+M,7,12,1,1.6,64,21.7,33.4,9.4,17,32,6,779.5,14.2,14.3,14.0,2.00,24:00,https://tools.airfire.org/monitor-qc-report/v2/wrcc?unitID=s217,9.00,10.00,12.00,12.00,12.00,12.00,11.00,8.00,6.00,7.00,8.00,8.00,8.00,7.00,6.00,6.00,10.00,6.00,4.00,3.00,4.00,1.00,1.00,1.00
06/11/22,Smoke RMK 128 (Smoke #457),35.6086,-106.3482,https://wrcc.dri.edu/cgi-bin/rawMAIN4.pl?ids457+11+06+22+M,2,5,1,1.1,35,28.4,42.8,13.3,19,37,6,836.6,14.1,14.3,13.9,2.00,24:00,https://tools.airfire.org/monitor-qc-report/v2/wrcc?unitID=s457,1.00,1.00,2.00,1.00,1.00,3.00,3.00,2.00,3.00,2.00,2.00,2.00,2.00,2.00,3.00,2.00,2.00,2.00,2.00,2.00,3.00,2.00,3.00,2.00
06/11/22,Smoke USFS R3-28,35.6715,-105.9556,https://wrcc.dri.edu/cgi-bin/rawMAIN4.pl?ids328+11+06+22+M,6,141,-5,1.5,280,32.1,40.5,22.1,1,1,0,-9999,14.2,14.2,14.1,16.70,24:00,https://tools.airfire.org/monitor-qc-report/v4/wrcc?unitID=s328,-5.00,-5.00,-5.00,-5.00,-5.00,-5.00,-5.00,-5.00,-5.00,-5.00,-1.00,-5.00,2.00,141.00,57.00,10.00,-5.00,-1.00,-5.00,-5.00,14.00,-5.00,-5.00,-5.00
06/11/22,Smoke USFS R3-86,36.3924,-105.2851,https://wrcc.dri.edu/cgi-bin/rawMAIN4.pl?ids386+11+06+22+M,15,35,-1,1.3,210,15.1,32.1,-5.7,0,1,0,-9999,13.5,13.8,13.3,16.48,24:00,https://tools.airfire.org/monitor-qc-report/v4/wrcc?unitID=s386,3.00,8.00,17.00,31.00,25.00,25.00,22.00,19.00,13.00,10.00,14.00,8.00,10.00,0.00,6.00,15.00,19.00,17.00,7.00,9.00,12.00,-1.00,16.00,24.00
06/11/22,Smoke RMK 409 (EBAM #592),33.3047,-107.6398,https://wrcc.dri.edu/cgi-bin/rawMAIN4.pl?ide592+11+06+22+M,5,18,-2,1.0,12,27.2,35.7,19.4,17,28,7,-9999,14.4,14.4,14.3,16.70,24:00,https://tools.airfire.org/monitor-qc-report/v2/wrcc?unitID=e592,5.00,18.00,9.00,6.00,4.00,14.00,8.00,4.00,2.00,4.00,6.00,0.00,6.00,-1.00,1.00,0.00,4.00,-2.00,4.00,9.00,7.00,-1.00,4.00,3.00
06/11/22,AQB Smoke EBAM T-1,35.2649,-105.3348,https://wrcc.dri.edu/cgi-bin/rawMAIN4.pl?ideat1+11+06+22+M,5,17,-5,1.1,-9999,26.8,38.0,11.7,0,1,0,-9999,14.3,14.4,14.1,16.70,24:00,https://tools.airfire.org/monitor-qc-report/v4/wrcc?unitID=eat1,6.00,-2.00,1.00,3.00,0.00,1.00,8.00,-5.00,8.00,7.00,12.00,4.00,2.00,14.00,-9999,14.00,17.00,9.00,4.00,-1.00,4.00,-1.00,2.00,2.00
06/11/22,AQB Smoke EBAM T-2,34.0596,-106.8984,https://wrcc.dri.edu/cgi-bin/rawMAIN4.pl?ideat2+11+06+22+M,23,92,-5,2.0,315,29.9,36.9,21.4,1,1,0,-9999,14.1,14.2,14.0,16.70,24:00,https://tools.airfire.org/monitor-qc-report/v4/wrcc?unitID=eat2,2.00,-3.00,-5.00,-5.00,-5.00,5.00,72.00,34.00,56.00,92.00,55.00,6.00,-3.00,2.00,23.00,30.00,65.00,48.00,27.00,17.00,12.00,26.00,-5.00,6.00
06/11/22,AQB Smoke EBAM T-3,35.0103,-107.3249,https://wrcc.dri.edu/cgi-bin/rawMAIN4.pl?ideat3+11+06+22+M,5,15,-5,1.9,261,28.1,34.1,22.7,0,-9999,-9999,-9999,14.2,14.2,14.1,16.70,24:00,https://tools.airfire.org/monitor-qc-report/v4/wrcc?unitID=eat3,-1.00,2.00,4.00,-5.00,-5.00,8.00,-1.00,9.00,7.00,6.00,3.00,9.00,3.00,3.00,12.00,4.00,11.00,10.00,10.00,15.00,7.00,1.00,4.00,5.00
