,,Position (Deg.),,,Concentration (µg/m3),,,Wind,,Air Temperature (Deg. C.),,,Humidity (Percent),,,Barometer,Battery Voltage (volts),,,Air Flow (totalizer),,,Concentration by Hour,,,,,,,,,,,,,,,,,,,,,,,
Date,Station,Latitude,Longitude,Station Chart Link,Mean,Max,Min,Ave Vel. (m/s),V. Dir. (Deg),Mean,Max,Min,Mean,Max,Min,Baro. Pressure (mbars),Mean,Max,Min,Mean,Time of latest ob,Airfire QC Report Link,0:00,1:00,2:00,3:00,4:00,5:00,6:00,7:00,8:00,9:00,10:00,11:00,12:00,13:00,14:00,15:00,16:00,17:00,18:00,19:00,20:00,21:00,22:00,23:00
08/15/21,Smoke RMK 109 (Smoke #84),39.7143,-105.1239,https://wrcc.dri.edu/cgi-bin/rawMAIN4.pl?ids284+15+08+21+M,16,21,12,1.3,35,28.1,35.3,21.7,29,37,18,828.5,14.1,14.2,14.0,1.90,24:00,https://tools.airfire.org/monitor-qc-report/v2/wrcc?unitID=s284,23.00,18.00,21.00,19.00,18.00,15.00,15.00,14.00,13.00,12.00,12.00,12.00,12.00,13.00,13.00,17.00,17.00,17.00,16.00,18.00,18.00,19.00,19.00,18.00
08/15/21,Smoke RMK 113 (Smoke #16),46.5431,-110.9059,https://wrcc.dri.edu/cgi-bin/rawMAIN4.pl?idsm16+15+08+21+M,109,141,64,1.5,37,22.6,34.1,13.4,37,61,20,848.5,14.2,14.3,14.0,2.00,24:00,https://tools.airfire.org/monitor-qc-report/v2/wrcc?unitID=sm16,135.00,131.00,112.00,112.00,141.00,136.00,113.00,112.00,113.00,114.00,118.00,119.00,126.00,124.00,125.00,116.00,116.00,118.00,105.00,95.00,95.00,75.00,64.00,69.00
08/15/21,Smoke RMK 114 (Smoke #19),45.7919,-112.9406,https://wrcc.dri.edu/cgi-bin/rawMAIN4.pl?idsm19+15+08+21+M,77,183,24,1.4,182,14.3,27.9,3.2,40,73,16,-9999,14.2,14.4,14.0,2.00,24:00,https://tools.airfire.org/monitor-qc-report/v2/wrcc?unitID=sm19,220.00,183.00,101.00,150.00,116.00,74.00,56.00,66.00,60.00,66.00,70.00,66.00,66.00,61.00,57.00,59.00,56.00,70.00,98.00,134.00,95.00,54.00,46.00,24.00
08/15/21,Smoke RMK 115 (Smoke #20),45.6104,-113.448,https://wrcc.dri.edu/cgi-bin/rawMAIN4.pl?idsm20+15+08+21+M,90,131,36,1.6,37,13.2,27.8,0.0,49,84,16,819.9,14.2,14.4,14.0,2.00,24:00,https://tools.airfire.org/monitor-qc-report/v2/wrcc?unitID=sm20,154.00,131.00,96.00,79.00,91.00,92.00,88.00,88.00,96.00,107.00,100.00,99.00,93.00,90.00,91.00,91.00,88.00,109.00,117.00,100.00,106.00,76.00,54.00,44.00
08/15/21,Smoke RMK 119 (Smoke #24),48.1653,-118.9841,https://wrcc.dri.edu/cgi-bin/rawMAIN4.pl?idsm24+15+08+21+M,42,57,5,2.1,304,30.0,45.0,17.3,35,66,4,948.1,14.1,14.3,13.9,1.98,24:00,https://tools.airfire.org/monitor-qc-report/v2/wrcc?unitID=sm24,90.00,57.00,48.00,46.00,43.00,39.00,42.00,47.00,43.00,42.00,42.00,45.00,51.00,51.00,52.00,52.00,52.00,52.00,47.00,46.00,44.00,31.00,12.00,9.00
08/15/21,Smoke RMK 125 (Smoke #216),45.412,-116.3294,https://wrcc.dri.edu/cgi-bin/rawMAIN4.pl?ids216+15+08+21+M,94,124,22,1.1,173,30.8,43.7,21.1,25,40,11,950.6,14.0,14.1,13.9,1.83,24:00,https://tools.airfire.org/monitor-qc-report/v2/wrcc?unitID=s216,88.00,98.00,97.00,102.00,102.00,103.00,101.00,102.00,101.00,100.00,97.00,96.00,94.00,90.00,89.00,88.00,85.00,81.00,88.00,124.00,121.00,117.00,22.00,74.00
08/15/21,Smoke RMK 130 (USFS R2-923),44.1705,-122.1609,https://wrcc.dri.edu/cgi-bin/rawMAIN4.pl?id2923+15+08+21+M,23,43,13,0.7,-9999,26.8,37.8,17.1,62,96,29,962.8,14.1,14.2,14.0,2.00,24:00,https://tools.airfire.org/monitor-qc-report/v2/wrcc?unitID=2923,42.00,30.00,24.00,20.00,16.00,19.00,21.00,18.00,18.00,16.00,16.00,17.00,17.00,18.00,19.00,20.00,26.00,35.00,43.00,-9999,41.00,36.00,26.00,20.00
08/15/21,Smoke RMK 131 (USFS R2-924),43.9717,-122.6671,https://wrcc.dri.edu/cgi-bin/rawMAIN4.pl?id2924+15+08+21+M,19,66,8,0.8,254,29.7,38.2,22.9,67,95,35,976.5,14.0,14.1,13.9,2.00,24:00,https://tools.airfire.org/monitor-qc-report/v2/wrcc?unitID=2924,13.00,19.00,17.00,16.00,16.00,15.00,15.00,14.00,14.00,13.00,13.00,14.00,16.00,19.00,24.00,23.00,17.00,14.00,66.00,48.00,28.00,16.00,9.00,8.00
08/15/21,Smoke #86,45.7574,-112.7822,https://wrcc.dri.edu/cgi-bin/rawMAIN4.pl?idsm86+15+08+21+M,105,151,54,1.6,-9999,31.9,36.3,21.7,20,35,15,838.9,14.0,14.1,13.9,2.00,24:00,https://tools.airfire.org/monitor-qc-report/v4/wrcc?unitID=sm86,-9999,-9999,-9999,-9999,-9999,-9999,-9999,-9999,-9999,-9999,-9999,-9999,-9999,-9999,-9999,-9999,-9999,115.00,114.00,151.00,135.00,90.00,113.00,68.00
08/15/21,Smoke USFS R3-28,35.6715,-105.9556,https://wrcc.dri.edu/cgi-bin/rawMAIN4.pl?ids328+15+08+21+M,3,27,-5,2.0,-9999,31.9,-9999,-9999,100,-9999,-9999,-9999,14.1,14.2,14.1,16.69,24:00,https://tools.airfire.org/monitor-qc-report/v4/wrcc?unitID=s328,2.00,-3.00,-5.00,-5.00,-1.00,-9999,4.00,10.00,8.00,-1.00,-5.00,-3.00,3.00,3.00,4.00,27.00,19.00,7.00,4.00,-4.00,2.00,2.00,-5.00,1.00
08/15/21,Smoke RMK 407 (EBAM #231),48.6493,-118.7294,https://wrcc.dri.edu/cgi-bin/rawMAIN4.pl?ide231+15+08+21+M,67,115,11,1.1,307,20.8,28.2,13.3,25,55,1,-9999,14.2,14.2,14.0,16.63,24:00,https://tools.airfire.org/monitor-qc-report/v2/wrcc?unitID=e231,109.00,115.00,77.00,58.00,60.00,65.00,59.00,63.00,66.00,84.00,97.00,95.00,110.00,90.00,77.00,67.00,72.00,73.00,69.00,78.00,40.00,13.00,11.00,27.00
08/15/21,Smoke RMK 409 (EBAM #592),48.586,-120.41,https://wrcc.dri.edu/cgi-bin/rawMAIN4.pl?ide592+15+08+21+M,7,14,-5,1.8,-9999,33.6,33.7,33.4,3,3,2,-9999,14.1,14.2,14.1,15.37,24:00,https://tools.airfire.org/monitor-qc-report/v2/wrcc?unitID=e592,-9999,-9999,-9999,-9999,-9999,-9999,-9999,-9999,-9999,-9999,-9999,-9999,-9999,-9999,-9999,-9999,-9999,-9999,-9999,-9999,-9999,-9999,-5.00,14.00
08/15/21,Smoke RMK 410 (EBAM #787),39.7143,-105.124,https://wrcc.dri.edu/cgi-bin/rawMAIN4.pl?ide787+15+08+21+M,11,34,-4,1.4,175,24.8,31.9,17.3,26,34,17,-9999,14.2,14.3,14.2,9.94,24:00,https://tools.airfire.org/monitor-qc-report/v2/wrcc?unitID=e787,6.00,34.00,19.00,20.00,10.00,6.00,7.00,1.00,9.00,12.00,3.00,0.00,10.00,-4.00,19.00,8.00,16.00,18.00,12.00,7.00,12.00,24.00,15.00,5.00
08/15/21,Smoke RMK 414 (EBAM #882),48.301,-118.2015,https://wrcc.dri.edu/cgi-bin/rawMAIN4.pl?ide882+15+08+21+M,86,116,8,1.0,-9999,19.7,33.7,9.4,33,59,1,-9999,13.7,13.8,13.6,16.65,24:00,https://tools.airfire.org/monitor-qc-report/v2/wrcc?unitID=e882,115.00,106.00,111.00,94.00,92.00,80.00,64.00,68.00,-9999,89.00,76.00,91.00,101.00,110.00,116.00,110.00,90.00,101.00,113.00,110.00,112.00,82.00,33.00,8.00
08/15/21,Smoke USFS R1-306,47.4663,-114.8796,https://wrcc.dri.edu/cgi-bin/rawMAIN4.pl?id1306+15+08+21+M,87,105,35,1.4,229,28.0,41.7,15.6,37,67,12,-9999,14.0,14.2,13.9,2.00,24:00,https://tools.airfire.org/monitor-qc-report/v4/wrcc?unitID=1306,109.00,100.00,100.00,105.00,101.00,102.00,99.00,102.00,104.00,100.00,95.00,93.00,93.00,91.00,91.00,90.00,91.00,93.00,97.00,91.00,73.00,50.00,41.00,42.00
08/15/21,Smoke USFS R1-307,46.753,-114.0901,https://wrcc.dri.edu/cgi-bin/rawMAIN4.pl?id1307+15+08+21+M,78,91,42,0.9,136,24.3,38.1,15.2,52,80,20,-9999,14.0,14.1,13.9,2.00,24:00,https://tools.airfire.org/monitor-qc-report/v4/wrcc?unitID=1307,64.00,70.00,86.00,89.00,91.00,91.00,87.00,85.00,83.00,82.00,81.00,81.00,83.00,84.00,87.00,86.00,84.00,83.00,83.00,80.00,76.00,67.00,51.00,44.00
08/15/21,Smoke USFS 3015,47.6927,-114.1832,https://wrcc.dri.edu/cgi-bin/rawMAIN4.pl?ids315+15+08+21+M,23,71,0,1.5,-9999,29.8,36.9,21.5,27,43,14,913.0,11.0,12.8,9.6,0.82,24:00,https://tools.airfire.org/monitor-qc-report/v4/wrcc?unitID=s315,0.00,0.00,0.00,0.00,0.00,0.00,0.00,0.00,-9999,-9999,0.00,-9999,-9999,-9999,-9999,-9999,-9999,-9999,-9999,39.00,50.00,45.00,54.00,58.00
08/15/21,Smoke USFS 3016,45.5485,-113.9309,https://wrcc.dri.edu/cgi-bin/rawMAIN4.pl?ids316+15+08+21+M,243,973,45,0.8,339,23.7,38.8,13.6,38,66,12,867.2,14.0,14.1,13.9,1.98,24:00,https://tools.airfire.org/monitor-qc-report/v4/wrcc?unitID=s316,99.00,79.00,90.00,92.00,90.00,88.00,98.00,134.00,120.00,172.00,235.00,250.00,256.00,433.00,482.00,645.00,917.00,973.00,285.00,120.00,65.00,56.00,49.00,45.00
08/15/21,Lolo NF Smoke #1,47.1952,-114.8944,https://wrcc.dri.edu/cgi-bin/rawMAIN4.pl?idsml1+15+08+21+M,83,116,34,0.9,155,27.2,39.5,17.1,42,72,15,923.2,14.0,14.1,13.9,0.78,24:00,https://tools.airfire.org/monitor-qc-report/v4/wrcc?unitID=sml1,107.00,116.00,107.00,98.00,93.00,91.00,91.00,90.00,92.00,94.00,96.00,98.00,100.00,101.00,101.00,98.00,96.00,91.00,85.00,67.00,49.00,37.00,36.00,34.00
08/15/21,AQB Smoke EBAM T-1,36.7576,-108.1823,https://wrcc.dri.edu/cgi-bin/rawMAIN4.pl?ideat1+15+08+21+M,5,28,-5,1.1,209,24.0,31.0,18.0,1,1,0,-9999,14.1,14.1,14.0,16.70,24:00,https://tools.airfire.org/monitor-qc-report/v4/wrcc?unitID=eat1,-1.00,6.00,28.00,4.00,4.00,6.00,7.00,2.00,4.00,11.00,2.00,4.00,-1.00,7.00,10.00,-5.00,2.00,7.00,-4.00,12.00,-5.00,1.00,7.00,4.00
08/15/21,AQB Smoke EBAM T-2,36.7575,-108.1823,https://wrcc.dri.edu/cgi-bin/rawMAIN4.pl?ideat2+15+08+21+M,6,39,-5,1.1,219,22.1,31.2,14.2,1,1,0,-9999,14.1,14.1,14.0,16.70,24:00,https://tools.airfire.org/monitor-qc-report/v4/wrcc?unitID=eat2,-5.00,4.00,-5.00,-5.00,-5.00,-5.00,-5.00,0.00,-3.00,-5.00,-5.00,-3.00,-5.00,-1.00,6.00,-5.00,23.00,29.00,39.00,25.00,11.00,13.00,15.00,11.00
