,,Position (Deg.),,,Concentration (µg/m3),,,Wind,,Air Temperature (Deg. C.),,,Humidity (Percent),,,Barometer,Battery Voltage (volts),,,Air Flow (totalizer),,,Concentration by Hour,,,,,,,,,,,,,,,,,,,,,,,
Date,Station,Latitude,Longitude,Station Chart Link,Mean,Max,Min,Ave Vel. (m/s),V. Dir. (Deg),Mean,Max,Min,Mean,Max,Min,Baro. Pressure (mbars),Mean,Max,Min,Mean,Time of latest ob,Airfire QC Report Link,0:00,1:00,2:00,3:00,4:00,5:00,6:00,7:00,8:00,9:00,10:00,11:00,12:00,13:00,14:00,15:00,16:00,17:00,18:00,19:00,20:00,21:00,22:00,23:00
03/21/20,Smoke RMK 105 (Smoke #17),39.4065,-105.4825,https://wrcc.dri.edu/cgi-bin/rawMAIN4.pl?idsm17+21+03+20+M,2,7,0,0.8,233,-0.1,12.2,-10.2,59,79,21,763.7,14.4,14.4,14.4,2.00,24:00,https://tools.airfire.org/monitor-qc-report/v2/wrcc?unitID=sm17,1.00,1.00,1.00,2.00,1.00,1.00,0.00,0.00,0.00,0.00,2.00,1.00,4.00,1.00,0.00,0.00,0.00,0.00,0.00,0.00,5.00,6.00,6.00,7.00
03/21/20,Smoke RMK 107 (Smoke #67),39.3891,-105.2734,https://wrcc.dri.edu/cgi-bin/rawMAIN4.pl?idsm67+21+03+20+M,7,52,0,0.6,187,-0.7,12.7,-11.2,72,92,33,793.9,14.4,14.4,14.2,2.00,24:00,https://tools.airfire.org/monitor-qc-report/v2/wrcc?unitID=sm67,6.00,13.00,12.00,13.00,13.00,17.00,8.00,3.00,3.00,0.00,0.00,0.00,0.00,0.00,2.00,52.00,9.00,6.00,4.00,4.00,4.00,2.00,1.00,0.00
03/21/20,Smoke RMK 114 (Smoke #19),37.4697,-88.1585,https://wrcc.dri.edu/cgi-bin/rawMAIN4.pl?idsm19+21+03+20+M,1,3,0,1.2,-9999,8.0,12.3,5.1,66,82,48,-9999,14.4,14.4,14.3,2.00,24:00,https://tools.airfire.org/monitor-qc-report/v2/wrcc?unitID=sm19,-9999,-9999,-9999,-9999,0.00,0.00,0.00,0.00,0.00,0.00,0.00,0.00,0.00,2.00,2.00,2.00,3.00,3.00,2.00,2.00,2.00,2.00,2.00,2.00
03/21/20,Smoke RMK 115 (Smoke #20),39.5949,-106.0068,https://wrcc.dri.edu/cgi-bin/rawMAIN4.pl?idsm20+21+03+20+M,2,13,0,0.6,140,-0.9,14.9,-13.2,67,85,27,726.2,14.4,14.4,14.2,2.00,24:00,https://tools.airfire.org/monitor-qc-report/v2/wrcc?unitID=sm20,0.00,0.00,5.00,3.00,1.00,9.00,7.00,2.00,1.00,13.00,2.00,1.00,1.00,1.00,2.00,2.00,3.00,2.00,0.00,0.00,0.00,0.00,0.00,0.00
03/21/20,Smoke USFS R9-16,39.4629,-82.1918,https://wrcc.dri.edu/cgi-bin/rawMAIN4.pl?ids916+21+03+20+M,2,4,0,1.8,125,5.6,11.9,2.3,70,78,60,1003.0,14.4,14.4,14.3,2.00,24:00,https://tools.airfire.org/monitor-qc-report/v4/wrcc?unitID=s916,0.00,0.00,0.00,1.00,1.00,1.00,1.00,1.00,2.00,2.00,4.00,3.00,3.00,3.00,3.00,3.00,2.00,2.00,2.00,2.00,2.00,2.00,2.00,2.00
03/21/20,Smoke USFS R2-69,38.9793,-105.3531,https://wrcc.dri.edu/cgi-bin/rawMAIN4.pl?ids269+21+03+20+M,2,8,0,0.3,1,-0.6,14.2,-11.1,0,1,0,756.0,14.4,14.4,14.2,2.00,24:00,https://tools.airfire.org/monitor-qc-report/v4/wrcc?unitID=s269,0.00,1.00,2.00,2.00,2.00,2.00,3.00,3.00,5.00,5.00,5.00,4.00,4.00,5.00,8.00,4.00,1.00,0.00,0.00,0.00,0.00,0.00,0.00,0.00
03/21/20,Smoke RMK 409 (EBAM #592),40.7768,-111.9459,https://wrcc.dri.edu/cgi-bin/rawMAIN4.pl?ide592+21+03+20+M,5,24,-5,1.6,178,5.4,11.4,0.1,56,75,31,-9999,14.2,14.2,14.1,16.68,24:00,https://tools.airfire.org/monitor-qc-report/v2/wrcc?unitID=e592,2.00,-2.00,6.00,8.00,3.00,10.00,7.00,0.00,14.00,9.00,3.00,-5.00,24.00,3.00,-2.00,18.00,-2.00,1.00,-1.00,8.00,0.00,-3.00,8.00,0.00
03/21/20,Smoke QD Test,39.389,-105.2734,https://wrcc.dri.edu/cgi-bin/rawMAIN4.pl?idsqdt+21+03+20+M,0,1,0,0.8,146,-9999,-9999,-9999,-9999,-9999,-9999,809.7,13.1,14.7,12.7,-9999,-9999,-9999,0.00,0.00,0.00,0.00,0.00,0.00,0.00,0.00,0.00,0.00,0.00,0.00,0.00,0.00,0.00,0.00,0.00,0.00,0.00,0.00,1.00,1.00,0.00,1.00
