,,Position (Deg.),,,Concentration (µg/m3),,,Wind,,Air Temperature (Deg. C.),,,Humidity (Percent),,,Barometer,Battery Voltage (volts),,,Air Flow (totalizer),,,Concentration by Hour,,,,,,,,,,,,,,,,,,,,,,,
Date,Station,Latitude,Longitude,Station Chart Link,Mean,Max,Min,Ave Vel. (m/s),V. Dir. (Deg),Mean,Max,Min,Mean,Max,Min,Baro. Pressure (mbars),Mean,Max,Min,Mean,Time of latest ob,Airfire QC Report Link,0:00,1:00,2:00,3:00,4:00,5:00,6:00,7:00,8:00,9:00,10:00,11:00,12:00,13:00,14:00,15:00,16:00,17:00,18:00,19:00,20:00,21:00,22:00,23:00
04/29/23,Smoke RMK 100 (Smoke #659),39.9177,-105.5056,https://wrcc.dri.edu/cgi-bin/rawMAIN4.pl?ids659+29+04+23+M,2,3,0,2.1,198,10.7,19.7,3.8,35,55,22,562.4,14.5,14.5,14.5,2.00,24:00,https://tools.airfire.org/monitor-qc-report/v2/wrcc?unitID=s659,2.00,2.00,2.00,2.00,2.00,2.00,2.00,2.00,2.00,2.00,3.00,2.00,2.00,2.00,3.00,2.00,2.00,2.00,2.00,2.00,2.00,1.00,2.00,2.00
04/29/23,Smoke RMK 101 (Smoke #660),39.9427,-105.2494,https://wrcc.dri.edu/cgi-bin/rawMAIN4.pl?ids660+29+04+23+M,2,3,1,2.1,146,18.2,25.3,12.6,31,50,23,622.9,14.6,14.6,14.5,2.00,24:00,https://tools.airfire.org/monitor-qc-report/v2/wrcc?unitID=s660,2.00,1.00,1.00,2.00,2.00,2.00,2.00,2.00,2.00,3.00,3.00,3.00,3.00,3.00,2.00,2.00,3.00,3.00,3.00,2.00,3.00,2.00,2.00,2.00
04/29/23,Smoke RMK 104 (Smoke #15),39.7143,-105.124,https://wrcc.dri.edu/cgi-bin/rawMAIN4.pl?idsm15+29+04+23+M,2,4,2,1.4,327,14.8,23.4,6.8,31,47,20,828.4,14.5,14.5,14.5,2.00,24:00,https://tools.airfire.org/monitor-qc-report/v2/wrcc?unitID=sm15,2.00,2.00,2.00,2.00,2.00,3.00,4.00,4.00,3.00,3.00,3.00,2.00,2.00,2.00,3.00,2.00,2.00,2.00,2.00,2.00,2.00,2.00,2.00,2.00
04/29/23,Smoke RMK 106 (Smoke #66),39.7144,-105.1239,https://wrcc.dri.edu/cgi-bin/rawMAIN4.pl?idsm66+29+04+23+M,2,4,2,1.4,336,15.1,23.8,7.1,31,47,20,828.7,14.5,14.5,14.5,2.00,24:00,https://tools.airfire.org/monitor-qc-report/v2/wrcc?unitID=sm66,1.00,2.00,2.00,2.00,2.00,3.00,4.00,4.00,3.00,3.00,2.00,2.00,2.00,2.00,3.00,2.00,2.00,2.00,2.00,2.00,2.00,2.00,2.00,2.00
04/29/23,Smoke RMK 111 (Smoke #455),39.7143,-105.124,https://wrcc.dri.edu/cgi-bin/rawMAIN4.pl?ids455+29+04+23+M,3,4,2,1.4,265,17.9,26.6,10.1,31,46,20,829.9,14.5,14.5,14.5,2.00,24:00,https://tools.airfire.org/monitor-qc-report/v2/wrcc?unitID=s455,2.00,2.00,2.00,2.00,2.00,3.00,4.00,4.00,4.00,3.00,3.00,3.00,2.00,2.00,2.00,3.00,2.00,2.00,3.00,2.00,2.00,2.00,2.00,2.00
04/29/23,Smoke RMK 400 (EBAM #487),39.7144,-105.1238,https://wrcc.dri.edu/cgi-bin/rawMAIN4.pl?ide487+29+04+23+M,4,16,-3,1.6,-9999,19.5,24.7,11.5,35,46,30,-9999,11.6,11.6,11.6,12.50,24:00,https://tools.airfire.org/monitor-qc-report/v2/wrcc?unitID=e487,-1.00,-1.00,16.00,16.00,9.00,11.00,-9999,-9999,-9999,-9999,-9999,-9999,-9999,-9999,-9999,-9999,-9999,-1.00,-1.00,-3.00,-1.00,3.00,0.00,1.00
04/29/23,Smoke USFS R1-307,46.5842,-112.0419,https://wrcc.dri.edu/cgi-bin/rawMAIN4.pl?id1307+29+04+23+M,4,7,2,1.0,17,14.9,30.7,4.4,46,73,17,-9999,14.2,14.4,14.0,2.00,24:00,https://tools.airfire.org/monitor-qc-report/v4/wrcc?unitID=1307,2.00,2.00,2.00,2.00,3.00,3.00,4.00,4.00,4.00,5.00,5.00,4.00,4.00,3.00,3.00,6.00,7.00,7.00,4.00,3.00,5.00,3.00,4.00,4.00
04/29/23,Smoke USFS R2-264,39.9512,-105.424,https://wrcc.dri.edu/cgi-bin/rawMAIN4.pl?id2264+29+04+23+M,1,1,0,0.9,-9999,10.4,17.3,7.9,47,52,37,754.6,12.1,12.4,11.9,2.00,9:00,https://tools.airfire.org/monitor-qc-report/v4/wrcc?unitID=2264,0.00,0.00,0.00,1.00,1.00,1.00,1.00,1.00,1.00,1.00,-9999,-9999,-9999,-9999,-9999,-9999,-9999,-9999,-9999,-9999,-9999,-9999,-9999,-9999
