,,Position (Deg.),,,Concentration (µg/m3),,,Wind,,Air Temperature (Deg. C.),,,Humidity (Percent),,,Barometer,Battery Voltage (volts),,,Air Flow (totalizer),,,Concentration by Hour,,,,,,,,,,,,,,,,,,,,,,,
Date,Station,Latitude,Longitude,Station Chart Link,Mean,Max,Min,Ave Vel. (m/s),V. Dir. (Deg),Mean,Max,Min,Mean,Max,Min,Baro. Pressure (mbars),Mean,Max,Min,Mean,Time of latest ob,Airfire QC Report Link,0:00,1:00,2:00,3:00,4:00,5:00,6:00,7:00,8:00,9:00,10:00,11:00,12:00,13:00,14:00,15:00,16:00,17:00,18:00,19:00,20:00,21:00,22:00,23:00
02/22/17,Smoke #13,39.6465,-106.3888,https://wrcc.dri.edu/cgi-bin/rawMAIN4.pl?idsm13+22+02+17+M,0,0,0,2.3,-9999,83.0,83.6,82.2,33,35,32,740.5,12.4,12.5,12.3,2.00,24:00,https://tools.airfire.org/monitor-qc-report/v4/wrcc?unitID=sm13,-9999,-9999,-9999,-9999,-9999,-9999,-9999,-9999,-9999,-9999,-9999,-9999,-9999,-9999,-9999,-9999,-9999,-9999,-9999,-9999,-9999,0.00,0.00,0.00
02/22/17,Smoke RMK 105 (Smoke #17),39.378,-105.0936,https://wrcc.dri.edu/cgi-bin/rawMAIN4.pl?idsm17+22+02+17+M,0,0,0,1.9,202,10.5,18.0,4.8,24,31,15,764.0,14.4,14.4,14.3,2.00,24:00,https://tools.airfire.org/monitor-qc-report/v2/wrcc?unitID=sm17,0.00,0.00,0.00,0.00,0.00,0.00,0.00,0.00,0.00,0.00,0.00,0.00,0.00,0.00,0.00,0.00,0.00,0.00,0.00,0.00,0.00,0.00,0.00,0.00
02/22/17,Smoke RMK 117 (Smoke #22),39.389,-105.2734,https://wrcc.dri.edu/cgi-bin/rawMAIN4.pl?idsm22+22+02+17+M,0,1,0,1.5,232,9.4,20.1,-2.9,34,71,12,791.0,14.3,14.4,14.1,2.00,24:00,https://tools.airfire.org/monitor-qc-report/v2/wrcc?unitID=sm22,0.00,0.00,0.00,0.00,0.00,0.00,0.00,0.00,0.00,0.00,0.00,0.00,0.00,0.00,0.00,1.00,0.00,0.00,0.00,0.00,0.00,0.00,0.00,0.00
02/22/17,Smoke RMK 121 (Smoke #68),37.0557,-88.1199,https://wrcc.dri.edu/cgi-bin/rawMAIN4.pl?idsm68+22+02+17+M,5,8,1,0.8,92,15.0,24.7,11.2,84,94,59,991.5,14.3,14.4,14.2,2.00,24:00,https://tools.airfire.org/monitor-qc-report/v2/wrcc?unitID=sm68,7.00,7.00,8.00,8.00,8.00,7.00,7.00,6.00,7.00,6.00,6.00,5.00,1.00,1.00,2.00,6.00,6.00,6.00,6.00,5.00,2.00,1.00,1.00,1.00
02/22/17,FWS Smoke #1,39.7144,-105.1239,https://wrcc.dri.edu/cgi-bin/rawMAIN4.pl?idsmf1+22+02+17+M,2,5,0,1.3,-9999,12.1,22.8,5.7,0,-9999,-9999,820.6,13.6,14.4,12.7,2.00,23:00,https://tools.airfire.org/monitor-qc-report/v4/wrcc?unitID=smf1,0.00,0.00,0.00,0.00,2.00,2.00,1.00,1.00,1.00,2.00,2.00,2.00,2.00,3.00,3.00,3.00,5.00,3.00,3.00,2.00,2.00,1.00,0.00,1.00
02/22/17,Smoke USFS R2-69,38.9793,-105.3531,https://wrcc.dri.edu/cgi-bin/rawMAIN4.pl?ids269+22+02+17+M,1,3,0,0.3,1,7.8,16.7,-2.1,1,1,0,751.6,14.4,14.4,14.2,2.00,24:00,https://tools.airfire.org/monitor-qc-report/v4/wrcc?unitID=s269,0.00,0.00,0.00,1.00,1.00,1.00,1.00,1.00,1.00,1.00,2.00,2.00,2.00,2.00,2.00,3.00,1.00,0.00,0.00,0.00,0.00,0.00,0.00,0.00
02/22/17,Smoke RMK 407 (EBAM #231),39.7144,-105.124,https://wrcc.dri.edu/cgi-bin/rawMAIN4.pl?ide231+22+02+17+M,2,28,-5,0.3,-9999,19.2,21.3,17.9,0,-9999,-9999,-9999,14.0,14.2,13.9,16.16,24:00,https://tools.airfire.org/monitor-qc-report/v2/wrcc?unitID=e231,19.00,-5.00,-5.00,-5.00,-5.00,-9999,-9999,-9999,-9999,-9999,-5.00,2.00,-1.00,-4.00,-2.00,3.00,7.00,5.00,28.00,6.00,6.00,1.00,-9999,9.00
02/22/17,Smoke USFS R2-265,40.7421,-105.5083,https://wrcc.dri.edu/cgi-bin/rawMAIN4.pl?id2265+22+02+17+M,0,0,0,3.0,-9999,8.1,11.7,4.7,41,57,30,765.6,14.4,14.4,14.3,2.00,24:00,https://tools.airfire.org/monitor-qc-report/v4/wrcc?unitID=2265,-9999,-9999,0.00,-9999,-9999,-9999,0.00,-9999,-9999,0.00,0.00,0.00,-9999,0.00,0.00,-9999,0.00,0.00,-9999,0.00,-9999,-9999,0.00,0.00
