,,Position (Deg.),,,Concentration (µg/m3),,,Wind,,Air Temperature (Deg. C.),,,Humidity (Percent),,,Barometer,Battery Voltage (volts),,,Air Flow (totalizer),,,Concentration by Hour,,,,,,,,,,,,,,,,,,,,,,,
Date,Station,Latitude,Longitude,Station Chart Link,Mean,Max,Min,Ave Vel. (m/s),V. Dir. (Deg),Mean,Max,Min,Mean,Max,Min,Baro. Pressure (mbars),Mean,Max,Min,Mean,Time of latest ob,Airfire QC Report Link,0:00,1:00,2:00,3:00,4:00,5:00,6:00,7:00,8:00,9:00,10:00,11:00,12:00,13:00,14:00,15:00,16:00,17:00,18:00,19:00,20:00,21:00,22:00,23:00
08/08/20,Smoke RMK 106 (Smoke #66),39.7144,-105.1239,https://wrcc.dri.edu/cgi-bin/rawMAIN4.pl?idsm66+08+08+20+M,28,55,4,1.3,185,30.3,39.5,21.3,1,3,0,1100.0,14.4,14.4,14.4,2.00,24:00,https://tools.airfire.org/monitor-qc-report/v2/wrcc?unitID=sm66,0.00,4.00,14.00,26.00,36.00,38.00,39.00,42.00,39.00,39.00,46.00,54.00,55.00,54.00,41.00,25.00,17.00,16.00,19.00,21.00,14.00,7.00,6.00,12.00
08/08/20,Smoke RMK 110 (Smoke #215),39.7144,-105.1239,https://wrcc.dri.edu/cgi-bin/rawMAIN4.pl?ids215+08+08+20+M,1,3,0,1.5,-9999,38.2,39.6,36.3,8,9,7,827.7,14.0,14.1,14.0,1.96,24:00,https://tools.airfire.org/monitor-qc-report/v2/wrcc?unitID=s215,-9999,-9999,-9999,-9999,-9999,-9999,-9999,-9999,-9999,-9999,-9999,-9999,-9999,-9999,-9999,-9999,-9999,-9999,-9999,-9999,3.00,2.00,1.00,0.00
08/08/20,Smoke RMK 113 (Smoke #16),39.7143,-105.124,https://wrcc.dri.edu/cgi-bin/rawMAIN4.pl?idsm16+08+08+20+M,4,16,0,1.2,180,28.2,38.6,19.3,15,24,6,827.2,14.1,14.2,13.9,2.00,24:00,https://tools.airfire.org/monitor-qc-report/v2/wrcc?unitID=sm16,0.00,0.00,0.00,0.00,0.00,0.00,0.00,0.00,1.00,0.00,0.00,0.00,4.00,7.00,12.00,16.00,2.00,7.00,10.00,11.00,9.00,9.00,1.00,0.00
08/08/20,Smoke RMK 119 (Smoke #24),39.7143,-105.1238,https://wrcc.dri.edu/cgi-bin/rawMAIN4.pl?idsm24+08+08+20+M,1,12,0,1.0,-9999,26.0,38.9,19.1,14,23,3,825.4,14.1,14.1,13.9,2.00,19:00,https://tools.airfire.org/monitor-qc-report/v2/wrcc?unitID=sm24,12.00,12.00,2.00,0.00,0.00,0.00,0.00,0.00,0.00,0.00,0.00,0.00,0.00,0.00,0.00,0.00,0.00,0.00,0.00,0.00,-9999,-9999,-9999,-9999
08/08/20,Smoke RMK 127 (Smoke #454),35.5365,-108.7272,https://wrcc.dri.edu/cgi-bin/rawMAIN4.pl?ids454+08+08+20+M,2,5,0,1.0,9,22.6,32.9,11.6,37,68,17,802.3,14.1,14.3,14.0,2.00,24:00,https://tools.airfire.org/monitor-qc-report/v2/wrcc?unitID=s454,1.00,2.00,1.00,1.00,2.00,2.00,2.00,2.00,2.00,2.00,2.00,4.00,4.00,4.00,4.00,5.00,4.00,4.00,2.00,1.00,0.00,0.00,1.00,0.00
08/08/20,Smoke USFS R2-69,38.9792,-105.353,https://wrcc.dri.edu/cgi-bin/rawMAIN4.pl?ids269+08+08+20+M,2,6,0,0.3,-9999,24.0,34.2,10.2,1,-9999,-9999,760.4,14.1,14.3,14.0,2.00,24:00,https://tools.airfire.org/monitor-qc-report/v4/wrcc?unitID=s269,0.00,0.00,0.00,1.00,2.00,4.00,5.00,5.00,6.00,6.00,-9999,-9999,-9999,-9999,-9999,6.00,3.00,2.00,0.00,0.00,0.00,0.00,1.00,1.00
08/08/20,Smoke USFS R2-78,39.7143,-105.1239,https://wrcc.dri.edu/cgi-bin/rawMAIN4.pl?ids278+08+08+20+M,1,4,0,0.3,-9999,26.7,37.0,21.6,1,-9999,-9999,827.6,14.1,14.2,14.0,2.00,14:00,https://tools.airfire.org/monitor-qc-report/v4/wrcc?unitID=s278,0.00,0.00,1.00,4.00,2.00,1.00,0.00,0.00,0.00,0.00,0.00,1.00,3.00,3.00,2.00,-9999,-9999,-9999,-9999,-9999,-9999,-9999,-9999,-9999
08/08/20,Smoke QD Test,39.389,-105.2734,https://wrcc.dri.edu/cgi-bin/rawMAIN4.pl?idsqdt+08+08+20+M,1,7,0,0.8,204,-9999,-9999,-9999,-9999,-9999,-9999,810.2,13.0,13.4,12.6,-9999,-9999,-9999,2.00,1.00,2.00,2.00,3.00,3.00,2.00,1.00,1.00,0.00,0.00,0.00,0.00,0.00,1.00,1.00,1.00,1.00,1.00,2.00,1.00,7.00,1.00,2.00
