,,Position (Deg.),,,Concentration (µg/m3),,,Wind,,Air Temperature (Deg. C.),,,Humidity (Percent),,,Barometer,Battery Voltage (volts),,,Air Flow (totalizer),,,Concentration by Hour,,,,,,,,,,,,,,,,,,,,,,,
Date,Station,Latitude,Longitude,Station Chart Link,Mean,Max,Min,Ave Vel. (m/s),V. Dir. (Deg),Mean,Max,Min,Mean,Max,Min,Baro. Pressure (mbars),Mean,Max,Min,Mean,Time of latest ob,Airfire QC Report Link,0:00,1:00,2:00,3:00,4:00,5:00,6:00,7:00,8:00,9:00,10:00,11:00,12:00,13:00,14:00,15:00,16:00,17:00,18:00,19:00,20:00,21:00,22:00,23:00
04/11/23,Smoke RMK 100 (Smoke #659),39.9177,-105.5056,https://wrcc.dri.edu/cgi-bin/rawMAIN4.pl?ids659+11+04+23+M,2,4,1,1.6,172,12.0,23.7,-0.1,37,74,10,563.7,14.5,14.5,14.4,2.00,24:00,https://tools.airfire.org/monitor-qc-report/v2/wrcc?unitID=s659,1.00,2.00,2.00,3.00,3.00,3.00,3.00,3.00,2.00,3.00,4.00,2.00,2.00,2.00,3.00,2.00,2.00,1.00,1.00,2.00,2.00,2.00,2.00,2.00
04/11/23,Smoke RMK 101 (Smoke #660),39.9427,-105.2494,https://wrcc.dri.edu/cgi-bin/rawMAIN4.pl?ids660+11+04+23+M,2,4,1,2.4,229,22.1,32.3,12.7,21,33,8,622.7,14.6,14.6,14.5,2.00,24:00,https://tools.airfire.org/monitor-qc-report/v2/wrcc?unitID=s660,2.00,2.00,2.00,2.00,4.00,3.00,3.00,2.00,2.00,2.00,2.00,2.00,1.00,1.00,2.00,1.00,2.00,1.00,1.00,1.00,1.00,1.00,1.00,1.00
04/11/23,Smoke RMK 104 (Smoke #15),39.7143,-105.124,https://wrcc.dri.edu/cgi-bin/rawMAIN4.pl?idsm15+11+04+23+M,1,1,0,1.6,-9999,28.4,30.2,24.8,9,11,8,825.3,14.5,14.6,14.5,1.76,24:00,https://tools.airfire.org/monitor-qc-report/v2/wrcc?unitID=sm15,-9999,-9999,-9999,-9999,-9999,-9999,-9999,-9999,-9999,-9999,-9999,-9999,-9999,-9999,-9999,-9999,-9999,0.00,1.00,1.00,1.00,1.00,1.00,1.00
04/11/23,Smoke RMK 106 (Smoke #66),39.7144,-105.1239,https://wrcc.dri.edu/cgi-bin/rawMAIN4.pl?idsm66+11+04+23+M,2,2,0,1.8,-9999,28.9,30.4,25.3,9,12,8,824.8,14.5,14.5,14.5,1.75,24:00,https://tools.airfire.org/monitor-qc-report/v2/wrcc?unitID=sm66,-9999,-9999,-9999,-9999,-9999,-9999,-9999,-9999,-9999,-9999,-9999,-9999,-9999,-9999,-9999,-9999,-9999,0.00,2.00,2.00,2.00,2.00,2.00,2.00
04/11/23,Smoke RMK 109 (Smoke #84),39.7144,-105.124,https://wrcc.dri.edu/cgi-bin/rawMAIN4.pl?ids284+11+04+23+M,2,2,1,1.6,-9999,27.7,29.4,23.9,9,12,8,825.3,14.6,14.6,14.6,1.84,24:00,https://tools.airfire.org/monitor-qc-report/v2/wrcc?unitID=s284,-9999,-9999,-9999,-9999,-9999,-9999,-9999,-9999,-9999,-9999,-9999,-9999,-9999,-9999,-9999,-9999,-9999,-9999,1.00,2.00,1.00,1.00,2.00,2.00
04/11/23,Smoke RMK 400 (EBAM #487),39.7143,-105.1239,https://wrcc.dri.edu/cgi-bin/rawMAIN4.pl?ide487+11+04+23+M,3,11,-5,1.4,-9999,21.4,31.6,10.1,29,42,19,-9999,11.7,11.7,11.6,12.50,24:00,https://tools.airfire.org/monitor-qc-report/v2/wrcc?unitID=e487,7.00,6.00,7.00,5.00,8.00,6.00,10.00,3.00,1.00,11.00,1.00,4.00,1.00,6.00,-9999,-5.00,-2.00,-1.00,-1.00,5.00,2.00,-2.00,3.00,8.00
04/11/23,Smoke USFS R1-307,46.5841,-112.042,https://wrcc.dri.edu/cgi-bin/rawMAIN4.pl?id1307+11+04+23+M,1,4,0,1.5,340,17.6,26.9,10.6,35,52,23,-9999,14.1,14.3,14.0,2.00,24:00,https://tools.airfire.org/monitor-qc-report/v4/wrcc?unitID=1307,1.00,1.00,1.00,1.00,0.00,0.00,0.00,1.00,1.00,1.00,1.00,1.00,1.00,2.00,3.00,4.00,3.00,2.00,2.00,1.00,0.00,1.00,3.00,2.00
04/11/23,Smoke USFS R2-264,39.9512,-105.424,https://wrcc.dri.edu/cgi-bin/rawMAIN4.pl?id2264+11+04+23+M,1,2,0,1.3,148,19.8,33.3,10.0,25,46,10,756.0,14.2,14.4,14.0,2.00,24:00,https://tools.airfire.org/monitor-qc-report/v4/wrcc?unitID=2264,1.00,1.00,2.00,1.00,1.00,2.00,1.00,1.00,1.00,1.00,1.00,1.00,1.00,1.00,1.00,1.00,1.00,1.00,1.00,0.00,1.00,1.00,0.00,0.00
