,,Position (Deg.),,,Concentration (µg/m3),,,Wind,,Air Temperature (Deg. C.),,,Humidity (Percent),,,Barometer,Battery Voltage (volts),,,Air Flow (totalizer),,,Concentration by Hour,,,,,,,,,,,,,,,,,,,,,,,
Date,Station,Latitude,Longitude,Station Chart Link,Mean,Max,Min,Ave Vel. (m/s),V. Dir. (Deg),Mean,Max,Min,Mean,Max,Min,Baro. Pressure (mbars),Mean,Max,Min,Mean,Time of latest ob,Airfire QC Report Link,0:00,1:00,2:00,3:00,4:00,5:00,6:00,7:00,8:00,9:00,10:00,11:00,12:00,13:00,14:00,15:00,16:00,17:00,18:00,19:00,20:00,21:00,22:00,23:00
07/17/20,Smoke RMK 112 (Smoke #11),39.7144,-105.1239,https://wrcc.dri.edu/cgi-bin/rawMAIN4.pl?idsm11+17+07+20+M,5,10,0,0.3,-9999,29.0,38.9,22.2,30,39,15,823.6,14.1,14.1,13.9,2.00,22:00,https://tools.airfire.org/monitor-qc-report/v2/wrcc?unitID=sm11,0.00,2.00,4.00,5.00,6.00,8.00,8.00,7.00,8.00,10.00,9.00,8.00,8.00,8.00,8.00,4.00,3.00,0.00,0.00,0.00,0.00,0.00,0.00,-9999
07/17/20,Smoke RMK 116 (Smoke #21),39.7144,-105.124,https://wrcc.dri.edu/cgi-bin/rawMAIN4.pl?idsm21+17+07+20+M,0,3,0,1.4,-9999,33.7,35.8,29.2,18,24,14,-9999,14.0,14.1,14.0,1.97,24:00,https://tools.airfire.org/monitor-qc-report/v2/wrcc?unitID=sm21,-9999,-9999,-9999,-9999,-9999,-9999,-9999,-9999,-9999,-9999,-9999,-9999,-9999,-9999,-9999,2.00,3.00,0.00,0.00,0.00,0.00,0.00,0.00,0.00
07/17/20,Smoke RMK 122 (Smoke #69),39.7143,-105.1239,https://wrcc.dri.edu/cgi-bin/rawMAIN4.pl?idsm69+17+07+20+M,2,2,2,3.2,-9999,30.0,-9999,-9999,21,-9999,-9999,825.3,14.0,14.0,14.0,1.90,24:00,https://tools.airfire.org/monitor-qc-report/v2/wrcc?unitID=sm69,-9999,-9999,-9999,-9999,-9999,-9999,-9999,-9999,-9999,-9999,-9999,-9999,-9999,-9999,-9999,-9999,-9999,-9999,-9999,-9999,-9999,-9999,-9999,-9999
07/17/20,Smoke RMK 123 (Smoke #209),39.7143,-105.1239,https://wrcc.dri.edu/cgi-bin/rawMAIN4.pl?ids209+17+07+20+M,2,3,2,1.5,-9999,21.1,25.4,17.5,34,39,28,826.6,14.3,14.3,14.2,2.00,14:00,https://tools.airfire.org/monitor-qc-report/v2/wrcc?unitID=s209,2.00,2.00,2.00,2.00,2.00,2.00,3.00,3.00,2.00,2.00,2.00,2.00,2.00,2.00,2.00,-9999,-9999,-9999,-9999,-9999,-9999,-9999,-9999,-9999
07/17/20,Smoke RMK 127 (Smoke #454),35.5364,-108.7272,https://wrcc.dri.edu/cgi-bin/rawMAIN4.pl?ids454+17+07+20+M,3,5,0,0.7,111,19.5,31.8,15.3,72,92,24,803.1,14.1,14.2,14.0,2.00,24:00,https://tools.airfire.org/monitor-qc-report/v2/wrcc?unitID=s454,6.00,5.00,3.00,2.00,1.00,2.00,2.00,2.00,3.00,3.00,4.00,3.00,4.00,4.00,4.00,4.00,5.00,4.00,4.00,3.00,2.00,1.00,0.00,0.00
07/17/20,Smoke USFS R2-65,39.7144,-105.1239,https://wrcc.dri.edu/cgi-bin/rawMAIN4.pl?ids265+17+07+20+M,7,16,0,1.5,162,27.2,36.6,19.4,28,40,14,827.2,14.1,14.2,14.0,2.00,24:00,https://tools.airfire.org/monitor-qc-report/v4/wrcc?unitID=s265,3.00,3.00,5.00,7.00,9.00,10.00,13.00,13.00,12.00,12.00,15.00,16.00,13.00,13.00,14.00,10.00,3.00,3.00,1.00,1.00,0.00,0.00,1.00,1.00
07/17/20,Smoke USFS R2-69,38.9793,-105.353,https://wrcc.dri.edu/cgi-bin/rawMAIN4.pl?ids269+17+07+20+M,1,1,0,0.3,1,20.1,31.6,10.5,1,1,0,761.7,14.1,14.3,14.0,2.00,24:00,https://tools.airfire.org/monitor-qc-report/v4/wrcc?unitID=s269,1.00,1.00,1.00,1.00,1.00,1.00,1.00,1.00,1.00,1.00,1.00,1.00,1.00,1.00,1.00,0.00,0.00,0.00,0.00,0.00,0.00,0.00,0.00,0.00
07/17/20,Smoke QD Test,39.389,-105.2734,https://wrcc.dri.edu/cgi-bin/rawMAIN4.pl?idsqdt+17+07+20+M,0,1,0,0.7,45,-9999,-9999,-9999,-9999,-9999,-9999,811.0,13.0,13.6,12.6,-9999,-9999,-9999,1.00,1.00,0.00,0.00,0.00,0.00,0.00,0.00,0.00,0.00,0.00,0.00,0.00,0.00,0.00,0.00,0.00,1.00,1.00,1.00,1.00,1.00,1.00,1.00
