,,Position (Deg.),,,Concentration (µg/m3),,,Wind,,Air Temperature (Deg. C.),,,Humidity (Percent),,,Barometer,Battery Voltage (volts),,,Air Flow (totalizer),,,Concentration by Hour,,,,,,,,,,,,,,,,,,,,,,,
Date,Station,Latitude,Longitude,Station Chart Link,Mean,Max,Min,Ave Vel. (m/s),V. Dir. (Deg),Mean,Max,Min,Mean,Max,Min,Baro. Pressure (mbars),Mean,Max,Min,Mean,Time of latest ob,Airfire QC Report Link,0:00,1:00,2:00,3:00,4:00,5:00,6:00,7:00,8:00,9:00,10:00,11:00,12:00,13:00,14:00,15:00,16:00,17:00,18:00,19:00,20:00,21:00,22:00,23:00
04/30/21,Smoke RMK 104 (Smoke #15),37.3502,-108.2907,https://wrcc.dri.edu/cgi-bin/rawMAIN4.pl?idsm15+30+04+21+M,2,9,0,0.3,2,17.0,32.3,3.8,25,46,13,791.5,14.3,14.4,14.1,2.00,24:00,https://tools.airfire.org/monitor-qc-report/v2/wrcc?unitID=sm15,2.00,8.00,7.00,6.00,9.00,1.00,8.00,0.00,0.00,0.00,0.00,0.00,0.00,0.00,0.00,0.00,0.00,0.00,0.00,0.00,0.00,0.00,0.00,0.00
04/30/21,Smoke RMK 115 (Smoke #20),37.4771,-108.487,https://wrcc.dri.edu/cgi-bin/rawMAIN4.pl?idsm20+30+04+21+M,1,4,0,0.3,1,15.6,31.8,2.5,32,59,12,794.8,14.2,14.4,14.0,2.00,24:00,https://tools.airfire.org/monitor-qc-report/v2/wrcc?unitID=sm20,0.00,0.00,0.00,2.00,0.00,0.00,0.00,1.00,4.00,0.00,0.00,1.00,0.00,1.00,0.00,1.00,1.00,4.00,1.00,1.00,1.00,2.00,1.00,0.00
04/30/21,Smoke RMK 116 (Smoke #21),39.389,-105.2734,https://wrcc.dri.edu/cgi-bin/rawMAIN4.pl?idsm21+30+04+21+M,0,2,0,0.9,227,12.8,29.7,-0.9,53,93,15,-9999,14.3,14.4,14.0,1.50,24:00,https://tools.airfire.org/monitor-qc-report/v2/wrcc?unitID=sm21,2.00,1.00,2.00,0.00,1.00,2.00,0.00,0.00,0.00,2.00,1.00,0.00,0.00,0.00,0.00,0.00,0.00,0.00,0.00,0.00,0.00,0.00,0.00,0.00
04/30/21,Smoke RMK 124 (Smoke #210),39.5996,-105.9886,https://wrcc.dri.edu/cgi-bin/rawMAIN4.pl?ids210+30+04+21+M,0,0,0,1.6,188,8.6,21.0,-1.9,44,73,16,732.3,14.3,14.4,14.2,2.00,24:00,https://tools.airfire.org/monitor-qc-report/v2/wrcc?unitID=s210,0.00,0.00,0.00,0.00,0.00,0.00,0.00,0.00,0.00,0.00,0.00,0.00,0.00,0.00,0.00,0.00,0.00,0.00,0.00,0.00,0.00,0.00,0.00,0.00
04/30/21,Smoke RMK 128 (Smoke #457),39.7143,-105.124,https://wrcc.dri.edu/cgi-bin/rawMAIN4.pl?ids457+30+04+21+M,1,3,0,1.1,178,18.2,30.1,8.3,38,59,20,830.6,14.2,14.4,14.0,2.00,24:00,https://tools.airfire.org/monitor-qc-report/v2/wrcc?unitID=s457,2.00,2.00,1.00,1.00,1.00,2.00,3.00,1.00,1.00,1.00,2.00,1.00,1.00,1.00,2.00,2.00,1.00,0.00,0.00,2.00,2.00,1.00,0.00,0.00
04/30/21,Smoke USFS R1-53,47.5749,-116.4139,https://wrcc.dri.edu/cgi-bin/rawMAIN4.pl?ids153+30+04+21+M,4,6,3,0.7,-9999,14.1,27.9,6.6,69,98,25,929.2,14.3,14.4,14.1,2.00,24:00,https://tools.airfire.org/monitor-qc-report/v4/wrcc?unitID=s153,6.00,5.00,4.00,4.00,3.00,4.00,3.00,3.00,5.00,5.00,5.00,5.00,4.00,4.00,4.00,4.00,-9999,-9999,-9999,-9999,-9999,-9999,5.00,6.00
04/30/21,Smoke USFS R1-39,46.6322,-114.0802,https://wrcc.dri.edu/cgi-bin/rawMAIN4.pl?ids139+30+04+21+M,3,12,0,1.9,-9999,26.1,30.2,20.8,21,32,10,902.2,14.2,14.3,14.2,0.72,24:00,https://tools.airfire.org/monitor-qc-report/v4/wrcc?unitID=s139,-9999,-9999,-9999,-9999,-9999,-9999,-9999,-9999,-9999,-9999,-9999,-9999,-9999,-9999,-9999,-9999,-9999,-9999,4.00,12.00,0.00,0.00,-9999,-9999
04/30/21,Smoke USFS R3-28,35.6715,-105.9557,https://wrcc.dri.edu/cgi-bin/rawMAIN4.pl?ids328+30+04+21+M,9,86,-5,2.7,108,10.2,-9999,-9999,0,-9999,-9999,-9999,14.1,14.2,14.1,16.70,24:00,https://tools.airfire.org/monitor-qc-report/v4/wrcc?unitID=s328,-5.00,-5.00,-5.00,-5.00,-5.00,-4.00,-3.00,-5.00,-5.00,-5.00,-5.00,-5.00,-5.00,-5.00,29.00,80.00,86.00,22.00,19.00,-4.00,13.00,13.00,11.00,11.00
