,,Position (Deg.),,,Concentration (µg/m3),,,Wind,,Air Temperature (Deg. C.),,,Humidity (Percent),,,Barometer,Battery Voltage (volts),,,Air Flow (totalizer),,,Concentration by Hour,,,,,,,,,,,,,,,,,,,,,,,
Date,Station,Latitude,Longitude,Station Chart Link,Mean,Max,Min,Ave Vel. (m/s),V. Dir. (Deg),Mean,Max,Min,Mean,Max,Min,Baro. Pressure (mbars),Mean,Max,Min,Mean,Time of latest ob,Airfire QC Report Link,0:00,1:00,2:00,3:00,4:00,5:00,6:00,7:00,8:00,9:00,10:00,11:00,12:00,13:00,14:00,15:00,16:00,17:00,18:00,19:00,20:00,21:00,22:00,23:00
03/15/24,Smoke RMK 100 (Smoke #659),39.7144,-105.1238,https://wrcc.dri.edu/cgi-bin/rawMAIN4.pl?ids659+15+03+24+M,5,18,1,18.7,325,1.0,7.6,-1.3,93,100,63,832.8,14.3,14.4,14.2,2.00,24:00,https://tools.airfire.org/monitor-qc-report/v2/wrcc?unitID=s659,3.00,2.00,2.00,1.00,1.00,1.00,3.00,3.00,2.00,2.00,2.00,2.00,2.00,3.00,5.00,6.00,9.00,7.00,3.00,2.00,3.00,10.00,16.00,17.00
03/15/24,Smoke RMK 102 (Smoke #661),39.7143,-105.1239,https://wrcc.dri.edu/cgi-bin/rawMAIN4.pl?ids661+15+03+24+M,4,14,1,12.3,100,1.3,7.2,-0.8,91,100,57,833.0,14.3,14.4,14.2,2.00,24:00,https://tools.airfire.org/monitor-qc-report/v2/wrcc?unitID=s661,2.00,2.00,1.00,1.00,1.00,2.00,2.00,2.00,2.00,2.00,2.00,1.00,2.00,3.00,4.00,5.00,5.00,3.00,2.00,1.00,6.00,11.00,12.00,11.00
03/15/24,Smoke RMK 103 (Smoke #662),39.7143,-105.124,https://wrcc.dri.edu/cgi-bin/rawMAIN4.pl?ids662+15+03+24+M,4,13,1,9.7,183,3.7,9.9,1.5,90,100,56,832.1,14.5,14.6,14.4,2.00,24:00,https://tools.airfire.org/monitor-qc-report/v2/wrcc?unitID=s662,2.00,1.00,1.00,1.00,1.00,1.00,2.00,1.00,1.00,2.00,2.00,1.00,2.00,2.00,5.00,5.00,5.00,4.00,2.00,1.00,5.00,8.00,9.00,13.00
03/15/24,Smoke RMK 110 (Smoke #215),39.7144,-105.1239,https://wrcc.dri.edu/cgi-bin/rawMAIN4.pl?ids215+15+03+24+M,4,14,1,11.2,5,8.0,13.9,5.9,89,99,56,832.1,14.4,14.5,14.3,2.00,24:00,https://tools.airfire.org/monitor-qc-report/v2/wrcc?unitID=s215,2.00,1.00,1.00,1.00,1.00,2.00,3.00,2.00,1.00,1.00,2.00,1.00,2.00,3.00,4.00,6.00,6.00,4.00,2.00,2.00,6.00,10.00,12.00,14.00
03/15/24,Smoke RMK 112 (Smoke #11),39.7143,-105.124,https://wrcc.dri.edu/cgi-bin/rawMAIN4.pl?idsm11+15+03+24+M,4,14,1,18.1,46,4.6,10.8,2.4,90,99,62,829.6,14.3,14.4,14.3,2.00,24:00,https://tools.airfire.org/monitor-qc-report/v2/wrcc?unitID=sm11,2.00,2.00,1.00,1.00,1.00,1.00,2.00,2.00,1.00,1.00,2.00,1.00,2.00,3.00,4.00,5.00,7.00,5.00,3.00,2.00,3.00,9.00,14.00,13.00
03/15/24,Smoke RMK 117 (Smoke #22),39.7144,-105.1239,https://wrcc.dri.edu/cgi-bin/rawMAIN4.pl?idsm22+15+03+24+M,4,14,1,37.8,119,2.5,8.5,0.3,88,96,57,829.9,14.3,14.4,14.2,2.00,24:00,https://tools.airfire.org/monitor-qc-report/v2/wrcc?unitID=sm22,1.00,2.00,2.00,1.00,1.00,1.00,2.00,2.00,2.00,1.00,2.00,2.00,1.00,2.00,3.00,5.00,7.00,7.00,4.00,2.00,1.00,6.00,12.00,14.00
03/15/24,Smoke USFS R3-86,35.687,-105.8956,https://wrcc.dri.edu/cgi-bin/rawMAIN4.pl?ids386+15+03+24+M,-0,7,-5,0.7,73,-4.1,0.1,-7.9,1,1,0,-9999,13.9,14.0,13.9,16.70,24:00,https://tools.airfire.org/monitor-qc-report/v4/wrcc?unitID=s386,-5.00,-3.00,-1.00,-1.00,5.00,-4.00,2.00,2.00,-3.00,1.00,7.00,6.00,-1.00,5.00,1.00,-5.00,-5.00,0.00,0.00,2.00,-4.00,-4.00,1.00,-1.00
03/15/24,Smoke USFS R1-307,46.5841,-112.0421,https://wrcc.dri.edu/cgi-bin/rawMAIN4.pl?id1307+15+03+24+M,48,98,1,0.9,351,5.5,20.8,-1.9,51,71,28,-9999,14.3,14.4,14.1,2.00,24:00,https://tools.airfire.org/monitor-qc-report/v4/wrcc?unitID=1307,0.00,2.00,36.00,91.00,73.00,85.00,73.00,80.00,90.00,98.00,95.00,83.00,71.00,65.00,64.00,80.00,41.00,5.00,7.00,2.00,2.00,2.00,2.00,2.00
