,,Position (Deg.),,,Concentration (µg/m3),,,Wind,,Air Temperature (Deg. C.),,,Humidity (Percent),,,Barometer,Battery Voltage (volts),,,Air Flow (totalizer),,,Concentration by Hour,,,,,,,,,,,,,,,,,,,,,,,
Date,Station,Latitude,Longitude,Station Chart Link,Mean,Max,Min,Ave Vel. (m/s),V. Dir. (Deg),Mean,Max,Min,Mean,Max,Min,Baro. Pressure (mbars),Mean,Max,Min,Mean,Time of latest ob,Airfire QC Report Link,0:00,1:00,2:00,3:00,4:00,5:00,6:00,7:00,8:00,9:00,10:00,11:00,12:00,13:00,14:00,15:00,16:00,17:00,18:00,19:00,20:00,21:00,22:00,23:00
02/01/19,Smoke #13,40.1155,-105.3859,https://wrcc.dri.edu/cgi-bin/rawMAIN4.pl?idsm13+01+02+19+M,0,2,0,0.9,1,4.5,17.3,-1.8,40,57,21,780.4,14.4,14.4,14.3,2.00,24:00,https://tools.airfire.org/monitor-qc-report/v4/wrcc?unitID=sm13,0.00,0.00,0.00,2.00,1.00,1.00,2.00,0.00,0.00,0.00,0.00,0.00,0.00,0.00,0.00,0.00,0.00,1.00,0.00,0.00,0.00,0.00,1.00,1.00
02/01/19,Smoke RMK 108 (Smoke #456),39.7144,-105.1239,https://wrcc.dri.edu/cgi-bin/rawMAIN4.pl?ids456+01+02+19+M,2,6,0,1.3,184,4.6,17.6,-2.3,47,64,18,823.7,14.4,14.4,14.2,2.00,24:00,https://tools.airfire.org/monitor-qc-report/v2/wrcc?unitID=s456,4.00,3.00,4.00,6.00,5.00,5.00,3.00,3.00,2.00,1.00,0.00,0.00,0.00,1.00,1.00,2.00,3.00,3.00,1.00,1.00,0.00,0.00,0.00,0.00
02/01/19,Smoke RMK 125 (Smoke #216),39.4065,-105.4825,https://wrcc.dri.edu/cgi-bin/rawMAIN4.pl?ids216+01+02+19+M,1,5,0,0.6,195,-0.2,17.2,-10.7,58,86,19,757.8,14.4,14.4,14.2,2.00,24:00,https://tools.airfire.org/monitor-qc-report/v2/wrcc?unitID=s216,2.00,0.00,0.00,0.00,0.00,1.00,2.00,5.00,3.00,2.00,1.00,0.00,0.00,0.00,0.00,0.00,0.00,0.00,0.00,0.00,0.00,0.00,0.00,0.00
02/01/19,Smoke RMK 131 (USFS R2-924),39.3889,-105.2734,https://wrcc.dri.edu/cgi-bin/rawMAIN4.pl?id2924+01+02+19+M,4,20,0,0.5,186,-1.4,19.7,-15.7,63,88,16,794.2,14.4,14.4,14.2,2.00,24:00,https://tools.airfire.org/monitor-qc-report/v2/wrcc?unitID=2924,-9999,3.00,3.00,5.00,4.00,6.00,12.00,20.00,9.00,4.00,5.00,1.00,0.00,0.00,0.00,0.00,6.00,4.00,2.00,1.00,0.00,0.00,0.00,0.00
02/01/19,Smoke USFS R2-69,38.9793,-105.353,https://wrcc.dri.edu/cgi-bin/rawMAIN4.pl?ids269+01+02+19+M,18,71,0,0.3,1,-3.6,13.3,-15.9,0,1,0,752.9,14.4,14.4,14.3,2.00,24:00,https://tools.airfire.org/monitor-qc-report/v4/wrcc?unitID=s269,0.00,0.00,1.00,4.00,6.00,7.00,8.00,12.00,16.00,45.00,71.00,65.00,40.00,50.00,40.00,23.00,17.00,19.00,1.00,0.00,0.00,0.00,0.00,0.00
02/01/19,Smoke USFS R3-86,35.687,-105.8956,https://wrcc.dri.edu/cgi-bin/rawMAIN4.pl?ids386+01+02+19+M,6,28,-5,0.3,34,7.4,14.6,-0.3,0,1,0,-9999,14.4,14.4,14.4,16.70,24:00,https://tools.airfire.org/monitor-qc-report/v4/wrcc?unitID=s386,-5.00,3.00,4.00,-5.00,-5.00,-5.00,-5.00,4.00,13.00,16.00,12.00,-5.00,11.00,8.00,10.00,-5.00,7.00,8.00,20.00,9.00,4.00,-5.00,28.00,-5.00
02/01/19,Smoke RMK 411 (EBAM #794),39.7144,-105.1239,https://wrcc.dri.edu/cgi-bin/rawMAIN4.pl?ide794+01+02+19+M,5,20,-5,1.1,176,3.5,15.1,-3.7,39,58,15,-9999,14.4,14.4,14.4,16.67,24:00,https://tools.airfire.org/monitor-qc-report/v2/wrcc?unitID=e794,10.00,17.00,13.00,20.00,14.00,10.00,5.00,11.00,6.00,6.00,-5.00,10.00,3.00,8.00,1.00,7.00,-5.00,5.00,6.00,-4.00,-5.00,-4.00,0.00,-5.00
02/01/19,Smoke RMK 415 (EBAM #925),37.4611,-108.5157,https://wrcc.dri.edu/cgi-bin/rawMAIN4.pl?ide925+01+02+19+M,2,15,-5,2.5,326,-5.0,6.6,-10.9,41,61,17,-9999,14.3,14.3,14.1,16.70,24:00,https://tools.airfire.org/monitor-qc-report/v2/wrcc?unitID=e925,6.00,-1.00,-5.00,6.00,-2.00,3.00,3.00,0.00,5.00,1.00,-3.00,4.00,4.00,1.00,1.00,-2.00,3.00,4.00,5.00,15.00,-3.00,9.00,-5.00,4.00
