,,Position (Deg.),,,Concentration (µg/m3),,,Wind,,Air Temperature (Deg. C.),,,Humidity (Percent),,,Barometer,Battery Voltage (volts),,,Air Flow (totalizer),,,Concentration by Hour,,,,,,,,,,,,,,,,,,,,,,,
Date,Station,Latitude,Longitude,Station Chart Link,Mean,Max,Min,Ave Vel. (m/s),V. Dir. (Deg),Mean,Max,Min,Mean,Max,Min,Baro. Pressure (mbars),Mean,Max,Min,Mean,Time of latest ob,Airfire QC Report Link,0:00,1:00,2:00,3:00,4:00,5:00,6:00,7:00,8:00,9:00,10:00,11:00,12:00,13:00,14:00,15:00,16:00,17:00,18:00,19:00,20:00,21:00,22:00,23:00
09/10/23,Smoke RMK 104 (Smoke #15),45.3856,-122.0947,https://wrcc.dri.edu/cgi-bin/rawMAIN4.pl?idsm15+10+09+23+M,3,5,2,1.5,-9999,19.6,27.5,9.7,62,94,35,982.1,14.1,14.5,8.6,1.99,24:00,https://tools.airfire.org/monitor-qc-report/v2/wrcc?unitID=sm15,3.00,3.00,2.00,2.00,4.00,3.00,-9999,-9999,-9999,-9999,-9999,-9999,-9999,4.00,4.00,4.00,5.00,3.00,5.00,3.00,3.00,3.00,3.00,3.00
09/10/23,Smoke RMK 105 (Smoke #17),37.2272,-107.601,https://wrcc.dri.edu/cgi-bin/rawMAIN4.pl?idsm17+10+09+23+M,0,0,0,0.6,180,19.2,28.3,10.6,33,47,16,798.4,14.6,14.6,14.5,0.00,24:00,https://tools.airfire.org/monitor-qc-report/v2/wrcc?unitID=sm17,0.00,0.00,0.00,0.00,0.00,0.00,0.00,0.00,0.00,0.00,0.00,0.00,0.00,0.00,0.00,0.00,0.00,0.00,0.00,0.00,0.00,0.00,0.00,0.00
09/10/23,Smoke RMK 107 (Smoke #67),44.1789,-122.119,https://wrcc.dri.edu/cgi-bin/rawMAIN4.pl?idsm67+10+09+23+M,15,50,4,1.0,108,21.8,31.8,13.5,66,92,33,965.2,14.5,14.5,14.4,2.00,24:00,https://tools.airfire.org/monitor-qc-report/v2/wrcc?unitID=sm67,6.00,5.00,4.00,5.00,5.00,8.00,13.00,11.00,9.00,13.00,12.00,17.00,21.00,20.00,27.00,27.00,18.00,26.00,50.00,31.00,12.00,9.00,7.00,5.00
09/10/23,Smoke RMK 109 (Smoke #84),39.7144,-105.124,https://wrcc.dri.edu/cgi-bin/rawMAIN4.pl?ids284+10+09+23+M,17,27,3,0.0,0,27.4,35.4,23.5,59,84,23,830.9,14.5,14.5,14.5,2.00,24:00,https://tools.airfire.org/monitor-qc-report/v2/wrcc?unitID=s284,3.00,4.00,6.00,6.00,3.00,8.00,17.00,18.00,19.00,17.00,13.00,15.00,18.00,19.00,21.00,23.00,24.00,25.00,27.00,24.00,23.00,22.00,19.00,17.00
09/10/23,Smoke RMK 111 (Smoke #455),38.7174,-108.054,https://wrcc.dri.edu/cgi-bin/rawMAIN4.pl?ids455+10+09+23+M,3,4,1,1.0,177,23.5,33.3,15.1,32,51,12,846.9,14.5,14.5,14.5,2.00,24:00,https://tools.airfire.org/monitor-qc-report/v2/wrcc?unitID=s455,2.00,2.00,3.00,4.00,3.00,3.00,4.00,4.00,4.00,3.00,3.00,3.00,3.00,3.00,3.00,3.00,4.00,4.00,3.00,3.00,2.00,2.00,1.00,1.00
09/10/23,Smoke RMK 118 (Smoke #23),39.7143,-105.1239,https://wrcc.dri.edu/cgi-bin/rawMAIN4.pl?idsm23+10+09+23+M,4,10,0,1.0,3,17.3,27.5,12.6,77,100,45,833.3,14.1,14.2,14.0,1.57,24:00,https://tools.airfire.org/monitor-qc-report/v2/wrcc?unitID=sm23,0.00,0.00,0.00,0.00,0.00,0.00,2.00,3.00,4.00,4.00,3.00,2.00,3.00,4.00,5.00,6.00,8.00,8.00,9.00,10.00,9.00,8.00,7.00,4.00
09/10/23,Smoke RMK 122 (Smoke #69),40.7514,-105.4347,https://wrcc.dri.edu/cgi-bin/rawMAIN4.pl?idsm69+10+09+23+M,0,2,0,1.1,159,20.4,29.3,16.8,79,99,26,782.8,14.2,14.2,14.0,2.00,24:00,https://tools.airfire.org/monitor-qc-report/v2/wrcc?unitID=sm69,2.00,0.00,2.00,0.00,0.00,0.00,0.00,0.00,0.00,1.00,1.00,0.00,0.00,0.00,0.00,0.00,0.00,0.00,0.00,0.00,0.00,0.00,0.00,0.00
09/10/23,Smoke RMK 126 (Smoke #217),30.7457,-93.5363,https://wrcc.dri.edu/cgi-bin/rawMAIN4.pl?ids217+10+09+23+M,15,20,10,0.3,-9999,24.6,34.1,20.1,76,93,39,1010.0,14.1,14.2,14.0,0.62,13:00,https://tools.airfire.org/monitor-qc-report/v2/wrcc?unitID=s217,14.00,11.00,10.00,-9999,13.00,14.00,14.00,15.00,15.00,16.00,19.00,20.00,19.00,20.00,-9999,-9999,-9999,-9999,-9999,-9999,-9999,-9999,-9999,-9999
09/10/23,Smoke RMK 129 (USFS R2-922),30.8552,-93.2919,https://wrcc.dri.edu/cgi-bin/rawMAIN4.pl?id2922+10+09+23+M,12,15,9,0.5,-9999,27.8,35.4,23.6,62,81,36,1008.0,14.1,14.2,14.0,2.00,14:00,https://tools.airfire.org/monitor-qc-report/v2/wrcc?unitID=2922,11.00,12.00,13.00,15.00,13.00,13.00,12.00,12.00,12.00,13.00,11.00,11.00,11.00,9.00,9.00,-9999,-9999,-9999,-9999,-9999,-9999,-9999,-9999,-9999
09/10/23,Smoke USFS R3-28,35.6715,-105.9556,https://wrcc.dri.edu/cgi-bin/rawMAIN4.pl?ids328+10+09+23+M,0,20,-5,2.2,85,21.1,25.8,15.6,0,1,0,-9999,14.2,14.2,14.1,16.70,24:00,https://tools.airfire.org/monitor-qc-report/v4/wrcc?unitID=s328,26.00,-5.00,-5.00,1.00,-5.00,-5.00,-5.00,-5.00,-4.00,20.00,-5.00,15.00,2.00,6.00,18.00,18.00,-3.00,8.00,-5.00,-5.00,-5.00,-5.00,-5.00,-5.00
09/10/23,Smoke RMK 408 (EBAM #418),37.4715,-108.5162,https://wrcc.dri.edu/cgi-bin/rawMAIN4.pl?ide418+10+09+23+M,5,12,0,1.4,69,21.0,31.1,13.5,28,39,14,-9999,14.3,14.3,14.3,16.70,24:00,https://tools.airfire.org/monitor-qc-report/v2/wrcc?unitID=e418,3.00,0.00,1.00,7.00,6.00,2.00,12.00,4.00,7.00,4.00,9.00,1.00,7.00,5.00,7.00,1.00,7.00,4.00,9.00,2.00,3.00,5.00,7.00,0.00
09/10/23,Smoke RMK 402 (EBAM #493),40.6233,-111.2282,https://wrcc.dri.edu/cgi-bin/rawMAIN4.pl?ide493+10+09+23+M,2,15,-5,1.4,35,15.8,24.0,9.3,52,73,31,-9999,11.7,11.7,11.7,12.50,24:00,https://tools.airfire.org/monitor-qc-report/v2/wrcc?unitID=e493,1.00,8.00,6.00,1.00,-1.00,8.00,15.00,11.00,-3.00,0.00,3.00,2.00,3.00,-3.00,-3.00,-5.00,1.00,1.00,-4.00,-1.00,3.00,0.00,7.00,-2.00
09/10/23,Smoke RMK 411 (EBAM #794),37.6517,-108.2946,https://wrcc.dri.edu/cgi-bin/rawMAIN4.pl?ide794+10+09+23+M,5,13,-5,0.8,-9999,14.1,26.1,5.9,46,62,14,-9999,14.4,14.4,14.3,16.70,24:00,https://tools.airfire.org/monitor-qc-report/v2/wrcc?unitID=e794,8.00,12.00,0.00,-9999,13.00,8.00,2.00,13.00,1.00,11.00,9.00,4.00,7.00,6.00,8.00,-2.00,1.00,12.00,-4.00,3.00,-5.00,11.00,2.00,10.00
09/10/23,Smoke RMK 414 (EBAM #882),37.3501,-108.2907,https://wrcc.dri.edu/cgi-bin/rawMAIN4.pl?ide882+10+09+23+M,5,21,-5,0.4,61,16.0,25.7,5.8,26,49,9,-9999,13.6,13.7,13.5,16.70,24:00,https://tools.airfire.org/monitor-qc-report/v2/wrcc?unitID=e882,7.00,-1.00,11.00,3.00,7.00,0.00,8.00,6.00,12.00,3.00,3.00,5.00,6.00,10.00,-5.00,1.00,21.00,-1.00,5.00,6.00,4.00,8.00,-1.00,3.00
09/10/23,Smoke RMK 405 (EBAM #947),39.7144,-105.1239,https://wrcc.dri.edu/cgi-bin/rawMAIN4.pl?ide947+10+09+23+M,10,20,1,1.1,353,21.7,30.5,17.4,60,85,24,-9999,11.6,11.7,11.5,16.70,24:00,https://tools.airfire.org/monitor-qc-report/v2/wrcc?unitID=e947,1.00,5.00,1.00,3.00,7.00,9.00,9.00,11.00,12.00,14.00,17.00,15.00,12.00,10.00,11.00,7.00,10.00,12.00,7.00,20.00,17.00,5.00,13.00,11.00
09/10/23,Smoke USFS R1-307,46.5841,-112.042,https://wrcc.dri.edu/cgi-bin/rawMAIN4.pl?id1307+10+09+23+M,2,3,1,0.9,340,18.3,32.9,10.0,59,81,32,-9999,14.1,14.3,13.9,2.00,24:00,https://tools.airfire.org/monitor-qc-report/v4/wrcc?unitID=1307,1.00,1.00,3.00,3.00,2.00,2.00,2.00,2.00,2.00,2.00,2.00,3.00,3.00,3.00,3.00,3.00,3.00,3.00,3.00,2.00,2.00,2.00,1.00,1.00
09/10/23,Lolo NF Smoke #1,47.1954,-114.8942,https://wrcc.dri.edu/cgi-bin/rawMAIN4.pl?idsml1+10+09+23+M,2,4,1,0.8,72,19.5,32.0,9.3,59,94,18,928.8,14.2,14.3,14.0,2.00,24:00,https://tools.airfire.org/monitor-qc-report/v4/wrcc?unitID=sml1,2.00,2.00,1.00,2.00,3.00,4.00,4.00,2.00,2.00,3.00,2.00,2.00,3.00,3.00,3.00,2.00,2.00,3.00,3.00,2.00,2.00,2.00,2.00,2.00
09/10/23,EPA R8 EBAM 001 Smoke,39.665,-105.3398,https://wrcc.dri.edu/cgi-bin/rawMAIN4.pl?idse01+10+09+23+M,4,17,-5,0.5,307,12.2,20.5,6.3,56,77,23,-9999,11.5,11.7,11.5,12.50,24:00,https://tools.airfire.org/monitor-qc-report/v4/wrcc?unitID=se01,-1.00,-2.00,1.00,6.00,-2.00,5.00,4.00,-1.00,3.00,11.00,3.00,2.00,1.00,0.00,-3.00,-5.00,0.00,5.00,6.00,5.00,9.00,17.00,15.00,13.00
